1 1   1.02095
1 2   1.02095
1 3   1.02095
1 4   1.02095
1 5   1.02095
1 6   1.02095
1 7   1.02095
1 8   1.02095
1 9   1.02095
1 10   1.02095
1 11   1.02095
1 12   1.02095
1 13   1.02095
1 14   1.02095
1 15   1.02095
1 16   1.02095
1 17   1.02095
1 18   1.02095
1 19   1.02095
1 20   1.02095
1 21   1.02095
1 22   1.02095
1 23   1.02095
1 24   1.02095
1 25   1.02095
1 26   1.02095
1 27   1.02095
1 28   1.02095
1 29   1.02095
1 30   1.02095
1 31   1.02095
1 32   1.02095
1 33   1.02095
1 34   1.02095
1 35   1.02095
1 36   1.02095
1 37   1.02095
1 38   1.02095
1 39   1.02095
1 40   1.02095
2 1   1.01012
2 2   1.01012
2 3   1.01012
2 4   1.01012
2 5   1.01012
2 6   1.01012
2 7   1.01012
2 8   1.01012
2 9   1.01012
2 10   1.01012
2 11   1.01012
2 12   1.01012
2 13   1.01012
2 14   1.01012
2 15   1.01012
2 16   1.01012
2 17   1.01012
2 18   1.01012
2 19   1.01012
2 20   1.01012
2 21   1.01012
2 22   1.01012
2 23   1.01012
2 24   1.01012
2 25   1.01012
2 26   1.01012
2 27   1.01012
2 28   1.01012
2 29   1.01012
2 30   1.01012
2 31   1.01012
2 32   1.01012
2 33   1.01012
2 34   1.01012
2 35   1.01012
2 36   1.01012
2 37   1.01012
2 38   1.01012
2 39   1.01012
2 40   1.01012
3 1   0.993341
3 2   0.993341
3 3   0.993341
3 4   0.993341
3 5   0.993341
3 6   0.993341
3 7   0.993341
3 8   0.993341
3 9   0.993341
3 10   0.993341
3 11   0.993341
3 12   0.993341
3 13   0.993341
3 14   0.993341
3 15   0.993341
3 16   0.993341
3 17   0.993341
3 18   0.993341
3 19   0.993341
3 20   0.993341
3 21   0.993341
3 22   0.993341
3 23   0.993341
3 24   0.993341
3 25   0.993341
3 26   0.993341
3 27   0.993341
3 28   0.993341
3 29   0.993341
3 30   0.993341
3 31   0.993341
3 32   0.993341
3 33   0.993341
3 34   0.993341
3 35   0.993341
3 36   0.993341
3 37   0.993341
3 38   0.993341
3 39   0.993341
3 40   0.993341
4 1   0.978702
4 2   0.978702
4 3   0.978702
4 4   0.978702
4 5   0.978702
4 6   0.978702
4 7   0.978702
4 8   0.978702
4 9   0.978702
4 10   0.978702
4 11   0.978702
4 12   0.978702
4 13   0.978702
4 14   0.978702
4 15   0.978702
4 16   0.978702
4 17   0.978702
4 18   0.978702
4 19   0.978702
4 20   0.978702
4 21   0.978702
4 22   0.978702
4 23   0.978702
4 24   0.978702
4 25   0.978702
4 26   0.978702
4 27   0.978702
4 28   0.978702
4 29   0.978702
4 30   0.978702
4 31   0.978702
4 32   0.978702
4 33   0.978702
4 34   0.978702
4 35   0.978702
4 36   0.978702
4 37   0.978702
4 38   0.978702
4 39   0.978702
4 40   0.978702
5 1   0.973
5 2   0.973
5 3   0.973
5 4   0.973
5 5   0.973
5 6   0.973
5 7   0.973
5 8   0.973
5 9   0.973
5 10   0.973
5 11   0.973
5 12   0.973
5 13   0.973
5 14   0.973
5 15   0.973
5 16   0.973
5 17   0.973
5 18   0.973
5 19   0.973
5 20   0.973
5 21   0.973
5 22   0.973
5 23   0.973
5 24   0.973
5 25   0.973
5 26   0.973
5 27   0.973
5 28   0.973
5 29   0.973
5 30   0.973
5 31   0.973
5 32   0.973
5 33   0.973
5 34   0.973
5 35   0.973
5 36   0.973
5 37   0.973
5 38   0.973
5 39   0.973
5 40   0.973
6 1   0.978155
6 2   0.978155
6 3   0.978155
6 4   0.978155
6 5   0.978155
6 6   0.978155
6 7   0.978155
6 8   0.978155
6 9   0.978155
6 10   0.978155
6 11   0.978155
6 12   0.978155
6 13   0.978155
6 14   0.978155
6 15   0.978155
6 16   0.978155
6 17   0.978155
6 18   0.978155
6 19   0.978155
6 20   0.978155
6 21   0.978155
6 22   0.978155
6 23   0.978155
6 24   0.978155
6 25   0.978155
6 26   0.978155
6 27   0.978155
6 28   0.978155
6 29   0.978155
6 30   0.978155
6 31   0.978155
6 32   0.978155
6 33   0.978155
6 34   0.978155
6 35   0.978155
6 36   0.978155
6 37   0.978155
6 38   0.978155
6 39   0.978155
6 40   0.978155
7 1   0.993128
7 2   0.993128
7 3   0.993128
7 4   0.993128
7 5   0.993128
7 6   0.993128
7 7   0.993128
7 8   0.993128
7 9   0.993128
7 10   0.993128
7 11   0.993128
7 12   0.993128
7 13   0.993128
7 14   0.993128
7 15   0.993128
7 16   0.993128
7 17   0.993128
7 18   0.993128
7 19   0.993128
7 20   0.993128
7 21   0.993128
7 22   0.993128
7 23   0.993128
7 24   0.993128
7 25   0.993128
7 26   0.993128
7 27   0.993128
7 28   0.993128
7 29   0.993128
7 30   0.993128
7 31   0.993128
7 32   0.993128
7 33   0.993128
7 34   0.993128
7 35   0.993128
7 36   0.993128
7 37   0.993128
7 38   0.993128
7 39   0.993128
7 40   0.993128
8 1   1.01701
8 2   1.01701
8 3   1.01701
8 4   1.01701
8 5   1.01701
8 6   1.01701
8 7   1.01701
8 8   1.01701
8 9   1.01701
8 10   1.01701
8 11   1.01701
8 12   1.01701
8 13   1.01701
8 14   1.01701
8 15   1.01701
8 16   1.01701
8 17   1.01701
8 18   1.01701
8 19   1.01701
8 20   1.01701
8 21   1.01701
8 22   1.01701
8 23   1.01701
8 24   1.01701
8 25   1.01701
8 26   1.01701
8 27   1.01701
8 28   1.01701
8 29   1.01701
8 30   1.01701
8 31   1.01701
8 32   1.01701
8 33   1.01701
8 34   1.01701
8 35   1.01701
8 36   1.01701
8 37   1.01701
8 38   1.01701
8 39   1.01701
8 40   1.01701
9 1   1.04565
9 2   1.04565
9 3   1.04565
9 4   1.04565
9 5   1.04565
9 6   1.04565
9 7   1.04565
9 8   1.04565
9 9   1.04565
9 10   1.04565
9 11   1.04565
9 12   1.04565
9 13   1.04565
9 14   1.04565
9 15   1.04565
9 16   1.04565
9 17   1.04565
9 18   1.04565
9 19   1.04565
9 20   1.04565
9 21   1.04565
9 22   1.04565
9 23   1.04565
9 24   1.04565
9 25   1.04565
9 26   1.04565
9 27   1.04565
9 28   1.04565
9 29   1.04565
9 30   1.04565
9 31   1.04565
9 32   1.04565
9 33   1.04565
9 34   1.04565
9 35   1.04565
9 36   1.04565
9 37   1.04565
9 38   1.04565
9 39   1.04565
9 40   1.04565
10 1   1.06683
10 2   1.06683
10 3   1.06683
10 4   1.06683
10 5   1.06683
10 6   1.06683
10 7   1.06683
10 8   1.06683
10 9   1.06683
10 10   1.06683
10 11   1.06683
10 12   1.06683
10 13   1.06683
10 14   1.06683
10 15   1.06683
10 16   1.06683
10 17   1.06683
10 18   1.06683
10 19   1.06683
10 20   1.06683
10 21   1.06683
10 22   1.06683
10 23   1.06683
10 24   1.06683
10 25   1.06683
10 26   1.06683
10 27   1.06683
10 28   1.06683
10 29   1.06683
10 30   1.06683
10 31   1.06683
10 32   1.06683
10 33   1.06683
10 34   1.06683
10 35   1.06683
10 36   1.06683
10 37   1.06683
10 38   1.06683
10 39   1.06683
10 40   1.06683
11 1   1.06498
11 2   1.06498
11 3   1.06498
11 4   1.06498
11 5   1.06498
11 6   1.06498
11 7   1.06498
11 8   1.06498
11 9   1.06498
11 10   1.06498
11 11   1.06498
11 12   1.06498
11 13   1.06498
11 14   1.06498
11 15   1.06498
11 16   1.06498
11 17   1.06498
11 18   1.06498
11 19   1.06498
11 20   1.06498
11 21   1.06498
11 22   1.06498
11 23   1.06498
11 24   1.06498
11 25   1.06498
11 26   1.06498
11 27   1.06498
11 28   1.06498
11 29   1.06498
11 30   1.06498
11 31   1.06498
11 32   1.06498
11 33   1.06498
11 34   1.06498
11 35   1.06498
11 36   1.06498
11 37   1.06498
11 38   1.06498
11 39   1.06498
11 40   1.06498
12 1   1.03206
12 2   1.03206
12 3   1.03206
12 4   1.03206
12 5   1.03206
12 6   1.03206
12 7   1.03206
12 8   1.03206
12 9   1.03206
12 10   1.03206
12 11   1.03206
12 12   1.03206
12 13   1.03206
12 14   1.03206
12 15   1.03206
12 16   1.03206
12 17   1.03206
12 18   1.03206
12 19   1.03206
12 20   1.03206
12 21   1.03206
12 22   1.03206
12 23   1.03206
12 24   1.03206
12 25   1.03206
12 26   1.03206
12 27   1.03206
12 28   1.03206
12 29   1.03206
12 30   1.03206
12 31   1.03206
12 32   1.03206
12 33   1.03206
12 34   1.03206
12 35   1.03206
12 36   1.03206
12 37   1.03206
12 38   1.03206
12 39   1.03206
12 40   1.03206
13 1   0.971754
13 2   0.971754
13 3   0.971754
13 4   0.971754
13 5   0.971754
13 6   0.971754
13 7   0.971754
13 8   0.971754
13 9   0.971754
13 10   0.971754
13 11   0.971754
13 12   0.971754
13 13   0.971754
13 14   0.971754
13 15   0.971754
13 16   0.971754
13 17   0.971754
13 18   0.971754
13 19   0.971754
13 20   0.971754
13 21   0.971754
13 22   0.971754
13 23   0.971754
13 24   0.971754
13 25   0.971754
13 26   0.971754
13 27   0.971754
13 28   0.971754
13 29   0.971754
13 30   0.971754
13 31   0.971754
13 32   0.971754
13 33   0.971754
13 34   0.971754
13 35   0.971754
13 36   0.971754
13 37   0.971754
13 38   0.971754
13 39   0.971754
13 40   0.971754
14 1   0.895007
14 2   0.895007
14 3   0.895007
14 4   0.895007
14 5   0.895007
14 6   0.895007
14 7   0.895007
14 8   0.895007
14 9   0.895007
14 10   0.895007
14 11   0.895007
14 12   0.895007
14 13   0.895007
14 14   0.895007
14 15   0.895007
14 16   0.895007
14 17   0.895007
14 18   0.895007
14 19   0.895007
14 20   0.895007
14 21   0.895007
14 22   0.895007
14 23   0.895007
14 24   0.895007
14 25   0.895007
14 26   0.895007
14 27   0.895007
14 28   0.895007
14 29   0.895007
14 30   0.895007
14 31   0.895007
14 32   0.895007
14 33   0.895007
14 34   0.895007
14 35   0.895007
14 36   0.895007
14 37   0.895007
14 38   0.895007
14 39   0.895007
14 40   0.895007
15 1   0.813516
15 2   0.813516
15 3   0.813516
15 4   0.813516
15 5   0.813516
15 6   0.813516
15 7   0.813516
15 8   0.813516
15 9   0.813516
15 10   0.813516
15 11   0.813516
15 12   0.813516
15 13   0.813516
15 14   0.813516
15 15   0.813516
15 16   0.813516
15 17   0.813516
15 18   0.813516
15 19   0.813516
15 20   0.813516
15 21   0.813516
15 22   0.813516
15 23   0.813516
15 24   0.813516
15 25   0.813516
15 26   0.813516
15 27   0.813516
15 28   0.813516
15 29   0.813516
15 30   0.813516
15 31   0.813516
15 32   0.813516
15 33   0.813516
15 34   0.813516
15 35   0.813516
15 36   0.813516
15 37   0.813516
15 38   0.813516
15 39   0.813516
15 40   0.813516
16 1   0.735166
16 2   0.735166
16 3   0.735166
16 4   0.735166
16 5   0.735166
16 6   0.735166
16 7   0.735166
16 8   0.735166
16 9   0.735166
16 10   0.735166
16 11   0.735166
16 12   0.735166
16 13   0.735166
16 14   0.735166
16 15   0.735166
16 16   0.735166
16 17   0.735166
16 18   0.735166
16 19   0.735166
16 20   0.735166
16 21   0.735166
16 22   0.735166
16 23   0.735166
16 24   0.735166
16 25   0.735166
16 26   0.735166
16 27   0.735166
16 28   0.735166
16 29   0.735166
16 30   0.735166
16 31   0.735166
16 32   0.735166
16 33   0.735166
16 34   0.735166
16 35   0.735166
16 36   0.735166
16 37   0.735166
16 38   0.735166
16 39   0.735166
16 40   0.735166
17 1   0.662362
17 2   0.662362
17 3   0.662362
17 4   0.662362
17 5   0.662362
17 6   0.662362
17 7   0.662362
17 8   0.662362
17 9   0.662362
17 10   0.662362
17 11   0.662362
17 12   0.662362
17 13   0.662362
17 14   0.662362
17 15   0.662362
17 16   0.662362
17 17   0.662362
17 18   0.662362
17 19   0.662362
17 20   0.662362
17 21   0.662362
17 22   0.662362
17 23   0.662362
17 24   0.662362
17 25   0.662362
17 26   0.662362
17 27   0.662362
17 28   0.662362
17 29   0.662362
17 30   0.662362
17 31   0.662362
17 32   0.662362
17 33   0.662362
17 34   0.662362
17 35   0.662362
17 36   0.662362
17 37   0.662362
17 38   0.662362
17 39   0.662362
17 40   0.662362
18 1   0.594231
18 2   0.594231
18 3   0.594231
18 4   0.594231
18 5   0.594231
18 6   0.594231
18 7   0.594231
18 8   0.594231
18 9   0.594231
18 10   0.594231
18 11   0.594231
18 12   0.594231
18 13   0.594231
18 14   0.594231
18 15   0.594231
18 16   0.594231
18 17   0.594231
18 18   0.594231
18 19   0.594231
18 20   0.594231
18 21   0.594231
18 22   0.594231
18 23   0.594231
18 24   0.594231
18 25   0.594231
18 26   0.594231
18 27   0.594231
18 28   0.594231
18 29   0.594231
18 30   0.594231
18 31   0.594231
18 32   0.594231
18 33   0.594231
18 34   0.594231
18 35   0.594231
18 36   0.594231
18 37   0.594231
18 38   0.594231
18 39   0.594231
18 40   0.594231
19 1   0.529822
19 2   0.529822
19 3   0.529822
19 4   0.529822
19 5   0.529822
19 6   0.529822
19 7   0.529822
19 8   0.529822
19 9   0.529822
19 10   0.529822
19 11   0.529822
19 12   0.529822
19 13   0.529822
19 14   0.529822
19 15   0.529822
19 16   0.529822
19 17   0.529822
19 18   0.529822
19 19   0.529822
19 20   0.529822
19 21   0.529822
19 22   0.529822
19 23   0.529822
19 24   0.529822
19 25   0.529822
19 26   0.529822
19 27   0.529822
19 28   0.529822
19 29   0.529822
19 30   0.529822
19 31   0.529822
19 32   0.529822
19 33   0.529822
19 34   0.529822
19 35   0.529822
19 36   0.529822
19 37   0.529822
19 38   0.529822
19 39   0.529822
19 40   0.529822
20 1   0.468144
20 2   0.468144
20 3   0.468144
20 4   0.468144
20 5   0.468144
20 6   0.468144
20 7   0.468144
20 8   0.468144
20 9   0.468144
20 10   0.468144
20 11   0.468144
20 12   0.468144
20 13   0.468144
20 14   0.468144
20 15   0.468144
20 16   0.468144
20 17   0.468144
20 18   0.468144
20 19   0.468144
20 20   0.468144
20 21   0.468144
20 22   0.468144
20 23   0.468144
20 24   0.468144
20 25   0.468144
20 26   0.468144
20 27   0.468144
20 28   0.468144
20 29   0.468144
20 30   0.468144
20 31   0.468144
20 32   0.468144
20 33   0.468144
20 34   0.468144
20 35   0.468144
20 36   0.468144
20 37   0.468144
20 38   0.468144
20 39   0.468144
20 40   0.468144
21 1   0.406449
21 2   0.406449
21 3   0.406449
21 4   0.406449
21 5   0.406449
21 6   0.406449
21 7   0.406449
21 8   0.406449
21 9   0.406449
21 10   0.406449
21 11   0.406449
21 12   0.406449
21 13   0.406449
21 14   0.406449
21 15   0.406449
21 16   0.406449
21 17   0.406449
21 18   0.406449
21 19   0.406449
21 20   0.406449
21 21   0.406449
21 22   0.406449
21 23   0.406449
21 24   0.406449
21 25   0.406449
21 26   0.406449
21 27   0.406449
21 28   0.406449
21 29   0.406449
21 30   0.406449
21 31   0.406449
21 32   0.406449
21 33   0.406449
21 34   0.406449
21 35   0.406449
21 36   0.406449
21 37   0.406449
21 38   0.406449
21 39   0.406449
21 40   0.406449
22 1   0.340447
22 2   0.340447
22 3   0.340447
22 4   0.340447
22 5   0.340447
22 6   0.340447
22 7   0.340447
22 8   0.340447
22 9   0.340447
22 10   0.340447
22 11   0.340447
22 12   0.340447
22 13   0.340447
22 14   0.340447
22 15   0.340447
22 16   0.340447
22 17   0.340447
22 18   0.340447
22 19   0.340447
22 20   0.340447
22 21   0.340447
22 22   0.340447
22 23   0.340447
22 24   0.340447
22 25   0.340447
22 26   0.340447
22 27   0.340447
22 28   0.340447
22 29   0.340447
22 30   0.340447
22 31   0.340447
22 32   0.340447
22 33   0.340447
22 34   0.340447
22 35   0.340447
22 36   0.340447
22 37   0.340447
22 38   0.340447
22 39   0.340447
22 40   0.340447
23 1   0.266498
23 2   0.266498
23 3   0.266498
23 4   0.266498
23 5   0.266498
23 6   0.266498
23 7   0.266498
23 8   0.266498
23 9   0.266498
23 10   0.266498
23 11   0.266498
23 12   0.266498
23 13   0.266498
23 14   0.266498
23 15   0.266498
23 16   0.266498
23 17   0.266498
23 18   0.266498
23 19   0.266498
23 20   0.266498
23 21   0.266498
23 22   0.266498
23 23   0.266498
23 24   0.266498
23 25   0.266498
23 26   0.266498
23 27   0.266498
23 28   0.266498
23 29   0.266498
23 30   0.266498
23 31   0.266498
23 32   0.266498
23 33   0.266498
23 34   0.266498
23 35   0.266498
23 36   0.266498
23 37   0.266498
23 38   0.266498
23 39   0.266498
23 40   0.266498
24 1   0.184731
24 2   0.184731
24 3   0.184731
24 4   0.184731
24 5   0.184731
24 6   0.184731
24 7   0.184731
24 8   0.184731
24 9   0.184731
24 10   0.184731
24 11   0.184731
24 12   0.184731
24 13   0.184731
24 14   0.184731
24 15   0.184731
24 16   0.184731
24 17   0.184731
24 18   0.184731
24 19   0.184731
24 20   0.184731
24 21   0.184731
24 22   0.184731
24 23   0.184731
24 24   0.184731
24 25   0.184731
24 26   0.184731
24 27   0.184731
24 28   0.184731
24 29   0.184731
24 30   0.184731
24 31   0.184731
24 32   0.184731
24 33   0.184731
24 34   0.184731
24 35   0.184731
24 36   0.184731
24 37   0.184731
24 38   0.184731
24 39   0.184731
24 40   0.184731
25 1   0.101561
25 2   0.101561
25 3   0.101561
25 4   0.101561
25 5   0.101561
25 6   0.101561
25 7   0.101561
25 8   0.101561
25 9   0.101561
25 10   0.101561
25 11   0.101561
25 12   0.101561
25 13   0.101561
25 14   0.101561
25 15   0.101561
25 16   0.101561
25 17   0.101561
25 18   0.101561
25 19   0.101561
25 20   0.101561
25 21   0.101561
25 22   0.101561
25 23   0.101561
25 24   0.101561
25 25   0.101561
25 26   0.101561
25 27   0.101561
25 28   0.101561
25 29   0.101561
25 30   0.101561
25 31   0.101561
25 32   0.101561
25 33   0.101561
25 34   0.101561
25 35   0.101561
25 36   0.101561
25 37   0.101561
25 38   0.101561
25 39   0.101561
25 40   0.101561
26 1   0.0275218
26 2   0.0275218
26 3   0.0275218
26 4   0.0275218
26 5   0.0275218
26 6   0.0275218
26 7   0.0275218
26 8   0.0275218
26 9   0.0275218
26 10   0.0275218
26 11   0.0275218
26 12   0.0275218
26 13   0.0275218
26 14   0.0275218
26 15   0.0275218
26 16   0.0275218
26 17   0.0275218
26 18   0.0275218
26 19   0.0275218
26 20   0.0275218
26 21   0.0275218
26 22   0.0275218
26 23   0.0275218
26 24   0.0275218
26 25   0.0275218
26 26   0.0275218
26 27   0.0275218
26 28   0.0275218
26 29   0.0275218
26 30   0.0275218
26 31   0.0275218
26 32   0.0275218
26 33   0.0275218
26 34   0.0275218
26 35   0.0275218
26 36   0.0275218
26 37   0.0275218
26 38   0.0275218
26 39   0.0275218
26 40   0.0275218
27 1   -0.0282003
27 2   -0.0282003
27 3   -0.0282003
27 4   -0.0282003
27 5   -0.0282003
27 6   -0.0282003
27 7   -0.0282003
27 8   -0.0282003
27 9   -0.0282003
27 10   -0.0282003
27 11   -0.0282003
27 12   -0.0282003
27 13   -0.0282003
27 14   -0.0282003
27 15   -0.0282003
27 16   -0.0282003
27 17   -0.0282003
27 18   -0.0282003
27 19   -0.0282003
27 20   -0.0282003
27 21   -0.0282003
27 22   -0.0282003
27 23   -0.0282003
27 24   -0.0282003
27 25   -0.0282003
27 26   -0.0282003
27 27   -0.0282003
27 28   -0.0282003
27 29   -0.0282003
27 30   -0.0282003
27 31   -0.0282003
27 32   -0.0282003
27 33   -0.0282003
27 34   -0.0282003
27 35   -0.0282003
27 36   -0.0282003
27 37   -0.0282003
27 38   -0.0282003
27 39   -0.0282003
27 40   -0.0282003
28 1   -0.0602254
28 2   -0.0602254
28 3   -0.0602254
28 4   -0.0602254
28 5   -0.0602254
28 6   -0.0602254
28 7   -0.0602254
28 8   -0.0602254
28 9   -0.0602254
28 10   -0.0602254
28 11   -0.0602254
28 12   -0.0602254
28 13   -0.0602254
28 14   -0.0602254
28 15   -0.0602254
28 16   -0.0602254
28 17   -0.0602254
28 18   -0.0602254
28 19   -0.0602254
28 20   -0.0602254
28 21   -0.0602254
28 22   -0.0602254
28 23   -0.0602254
28 24   -0.0602254
28 25   -0.0602254
28 26   -0.0602254
28 27   -0.0602254
28 28   -0.0602254
28 29   -0.0602254
28 30   -0.0602254
28 31   -0.0602254
28 32   -0.0602254
28 33   -0.0602254
28 34   -0.0602254
28 35   -0.0602254
28 36   -0.0602254
28 37   -0.0602254
28 38   -0.0602254
28 39   -0.0602254
28 40   -0.0602254
29 1   -0.0671185
29 2   -0.0671185
29 3   -0.0671185
29 4   -0.0671185
29 5   -0.0671185
29 6   -0.0671185
29 7   -0.0671185
29 8   -0.0671185
29 9   -0.0671185
29 10   -0.0671185
29 11   -0.0671185
29 12   -0.0671185
29 13   -0.0671185
29 14   -0.0671185
29 15   -0.0671185
29 16   -0.0671185
29 17   -0.0671185
29 18   -0.0671185
29 19   -0.0671185
29 20   -0.0671185
29 21   -0.0671185
29 22   -0.0671185
29 23   -0.0671185
29 24   -0.0671185
29 25   -0.0671185
29 26   -0.0671185
29 27   -0.0671185
29 28   -0.0671185
29 29   -0.0671185
29 30   -0.0671185
29 31   -0.0671185
29 32   -0.0671185
29 33   -0.0671185
29 34   -0.0671185
29 35   -0.0671185
29 36   -0.0671185
29 37   -0.0671185
29 38   -0.0671185
29 39   -0.0671185
29 40   -0.0671185
30 1   -0.0522092
30 2   -0.0522092
30 3   -0.0522092
30 4   -0.0522092
30 5   -0.0522092
30 6   -0.0522092
30 7   -0.0522092
30 8   -0.0522092
30 9   -0.0522092
30 10   -0.0522092
30 11   -0.0522092
30 12   -0.0522092
30 13   -0.0522092
30 14   -0.0522092
30 15   -0.0522092
30 16   -0.0522092
30 17   -0.0522092
30 18   -0.0522092
30 19   -0.0522092
30 20   -0.0522092
30 21   -0.0522092
30 22   -0.0522092
30 23   -0.0522092
30 24   -0.0522092
30 25   -0.0522092
30 26   -0.0522092
30 27   -0.0522092
30 28   -0.0522092
30 29   -0.0522092
30 30   -0.0522092
30 31   -0.0522092
30 32   -0.0522092
30 33   -0.0522092
30 34   -0.0522092
30 35   -0.0522092
30 36   -0.0522092
30 37   -0.0522092
30 38   -0.0522092
30 39   -0.0522092
30 40   -0.0522092
31 1   -0.0232908
31 2   -0.0232908
31 3   -0.0232908
31 4   -0.0232908
31 5   -0.0232908
31 6   -0.0232908
31 7   -0.0232908
31 8   -0.0232908
31 9   -0.0232908
31 10   -0.0232908
31 11   -0.0232908
31 12   -0.0232908
31 13   -0.0232908
31 14   -0.0232908
31 15   -0.0232908
31 16   -0.0232908
31 17   -0.0232908
31 18   -0.0232908
31 19   -0.0232908
31 20   -0.0232908
31 21   -0.0232908
31 22   -0.0232908
31 23   -0.0232908
31 24   -0.0232908
31 25   -0.0232908
31 26   -0.0232908
31 27   -0.0232908
31 28   -0.0232908
31 29   -0.0232908
31 30   -0.0232908
31 31   -0.0232908
31 32   -0.0232908
31 33   -0.0232908
31 34   -0.0232908
31 35   -0.0232908
31 36   -0.0232908
31 37   -0.0232908
31 38   -0.0232908
31 39   -0.0232908
31 40   -0.0232908
32 1   0.0091504
32 2   0.0091504
32 3   0.0091504
32 4   0.0091504
32 5   0.0091504
32 6   0.0091504
32 7   0.0091504
32 8   0.0091504
32 9   0.0091504
32 10   0.0091504
32 11   0.0091504
32 12   0.0091504
32 13   0.0091504
32 14   0.0091504
32 15   0.0091504
32 16   0.0091504
32 17   0.0091504
32 18   0.0091504
32 19   0.0091504
32 20   0.0091504
32 21   0.0091504
32 22   0.0091504
32 23   0.0091504
32 24   0.0091504
32 25   0.0091504
32 26   0.0091504
32 27   0.0091504
32 28   0.0091504
32 29   0.0091504
32 30   0.0091504
32 31   0.0091504
32 32   0.0091504
32 33   0.0091504
32 34   0.0091504
32 35   0.0091504
32 36   0.0091504
32 37   0.0091504
32 38   0.0091504
32 39   0.0091504
32 40   0.0091504
33 1   0.0328538
33 2   0.0328538
33 3   0.0328538
33 4   0.0328538
33 5   0.0328538
33 6   0.0328538
33 7   0.0328538
33 8   0.0328538
33 9   0.0328538
33 10   0.0328538
33 11   0.0328538
33 12   0.0328538
33 13   0.0328538
33 14   0.0328538
33 15   0.0328538
33 16   0.0328538
33 17   0.0328538
33 18   0.0328538
33 19   0.0328538
33 20   0.0328538
33 21   0.0328538
33 22   0.0328538
33 23   0.0328538
33 24   0.0328538
33 25   0.0328538
33 26   0.0328538
33 27   0.0328538
33 28   0.0328538
33 29   0.0328538
33 30   0.0328538
33 31   0.0328538
33 32   0.0328538
33 33   0.0328538
33 34   0.0328538
33 35   0.0328538
33 36   0.0328538
33 37   0.0328538
33 38   0.0328538
33 39   0.0328538
33 40   0.0328538
34 1   0.0365137
34 2   0.0365137
34 3   0.0365137
34 4   0.0365137
34 5   0.0365137
34 6   0.0365137
34 7   0.0365137
34 8   0.0365137
34 9   0.0365137
34 10   0.0365137
34 11   0.0365137
34 12   0.0365137
34 13   0.0365137
34 14   0.0365137
34 15   0.0365137
34 16   0.0365137
34 17   0.0365137
34 18   0.0365137
34 19   0.0365137
34 20   0.0365137
34 21   0.0365137
34 22   0.0365137
34 23   0.0365137
34 24   0.0365137
34 25   0.0365137
34 26   0.0365137
34 27   0.0365137
34 28   0.0365137
34 29   0.0365137
34 30   0.0365137
34 31   0.0365137
34 32   0.0365137
34 33   0.0365137
34 34   0.0365137
34 35   0.0365137
34 36   0.0365137
34 37   0.0365137
34 38   0.0365137
34 39   0.0365137
34 40   0.0365137
35 1   0.0179252
35 2   0.0179252
35 3   0.0179252
35 4   0.0179252
35 5   0.0179252
35 6   0.0179252
35 7   0.0179252
35 8   0.0179252
35 9   0.0179252
35 10   0.0179252
35 11   0.0179252
35 12   0.0179252
35 13   0.0179252
35 14   0.0179252
35 15   0.0179252
35 16   0.0179252
35 17   0.0179252
35 18   0.0179252
35 19   0.0179252
35 20   0.0179252
35 21   0.0179252
35 22   0.0179252
35 23   0.0179252
35 24   0.0179252
35 25   0.0179252
35 26   0.0179252
35 27   0.0179252
35 28   0.0179252
35 29   0.0179252
35 30   0.0179252
35 31   0.0179252
35 32   0.0179252
35 33   0.0179252
35 34   0.0179252
35 35   0.0179252
35 36   0.0179252
35 37   0.0179252
35 38   0.0179252
35 39   0.0179252
35 40   0.0179252
36 1   -0.00990533
36 2   -0.00990533
36 3   -0.00990533
36 4   -0.00990533
36 5   -0.00990533
36 6   -0.00990533
36 7   -0.00990533
36 8   -0.00990533
36 9   -0.00990533
36 10   -0.00990533
36 11   -0.00990533
36 12   -0.00990533
36 13   -0.00990533
36 14   -0.00990533
36 15   -0.00990533
36 16   -0.00990533
36 17   -0.00990533
36 18   -0.00990533
36 19   -0.00990533
36 20   -0.00990533
36 21   -0.00990533
36 22   -0.00990533
36 23   -0.00990533
36 24   -0.00990533
36 25   -0.00990533
36 26   -0.00990533
36 27   -0.00990533
36 28   -0.00990533
36 29   -0.00990533
36 30   -0.00990533
36 31   -0.00990533
36 32   -0.00990533
36 33   -0.00990533
36 34   -0.00990533
36 35   -0.00990533
36 36   -0.00990533
36 37   -0.00990533
36 38   -0.00990533
36 39   -0.00990533
36 40   -0.00990533
37 1   -0.0262523
37 2   -0.0262523
37 3   -0.0262523
37 4   -0.0262523
37 5   -0.0262523
37 6   -0.0262523
37 7   -0.0262523
37 8   -0.0262523
37 9   -0.0262523
37 10   -0.0262523
37 11   -0.0262523
37 12   -0.0262523
37 13   -0.0262523
37 14   -0.0262523
37 15   -0.0262523
37 16   -0.0262523
37 17   -0.0262523
37 18   -0.0262523
37 19   -0.0262523
37 20   -0.0262523
37 21   -0.0262523
37 22   -0.0262523
37 23   -0.0262523
37 24   -0.0262523
37 25   -0.0262523
37 26   -0.0262523
37 27   -0.0262523
37 28   -0.0262523
37 29   -0.0262523
37 30   -0.0262523
37 31   -0.0262523
37 32   -0.0262523
37 33   -0.0262523
37 34   -0.0262523
37 35   -0.0262523
37 36   -0.0262523
37 37   -0.0262523
37 38   -0.0262523
37 39   -0.0262523
37 40   -0.0262523
38 1   -0.0198347
38 2   -0.0198347
38 3   -0.0198347
38 4   -0.0198347
38 5   -0.0198347
38 6   -0.0198347
38 7   -0.0198347
38 8   -0.0198347
38 9   -0.0198347
38 10   -0.0198347
38 11   -0.0198347
38 12   -0.0198347
38 13   -0.0198347
38 14   -0.0198347
38 15   -0.0198347
38 16   -0.0198347
38 17   -0.0198347
38 18   -0.0198347
38 19   -0.0198347
38 20   -0.0198347
38 21   -0.0198347
38 22   -0.0198347
38 23   -0.0198347
38 24   -0.0198347
38 25   -0.0198347
38 26   -0.0198347
38 27   -0.0198347
38 28   -0.0198347
38 29   -0.0198347
38 30   -0.0198347
38 31   -0.0198347
38 32   -0.0198347
38 33   -0.0198347
38 34   -0.0198347
38 35   -0.0198347
38 36   -0.0198347
38 37   -0.0198347
38 38   -0.0198347
38 39   -0.0198347
38 40   -0.0198347
39 1   0.00176654
39 2   0.00176654
39 3   0.00176654
39 4   0.00176654
39 5   0.00176654
39 6   0.00176654
39 7   0.00176654
39 8   0.00176654
39 9   0.00176654
39 10   0.00176654
39 11   0.00176654
39 12   0.00176654
39 13   0.00176654
39 14   0.00176654
39 15   0.00176654
39 16   0.00176654
39 17   0.00176654
39 18   0.00176654
39 19   0.00176654
39 20   0.00176654
39 21   0.00176654
39 22   0.00176654
39 23   0.00176654
39 24   0.00176654
39 25   0.00176654
39 26   0.00176654
39 27   0.00176654
39 28   0.00176654
39 29   0.00176654
39 30   0.00176654
39 31   0.00176654
39 32   0.00176654
39 33   0.00176654
39 34   0.00176654
39 35   0.00176654
39 36   0.00176654
39 37   0.00176654
39 38   0.00176654
39 39   0.00176654
39 40   0.00176654
40 1   0.0197831
40 2   0.0197831
40 3   0.0197831
40 4   0.0197831
40 5   0.0197831
40 6   0.0197831
40 7   0.0197831
40 8   0.0197831
40 9   0.0197831
40 10   0.0197831
40 11   0.0197831
40 12   0.0197831
40 13   0.0197831
40 14   0.0197831
40 15   0.0197831
40 16   0.0197831
40 17   0.0197831
40 18   0.0197831
40 19   0.0197831
40 20   0.0197831
40 21   0.0197831
40 22   0.0197831
40 23   0.0197831
40 24   0.0197831
40 25   0.0197831
40 26   0.0197831
40 27   0.0197831
40 28   0.0197831
40 29   0.0197831
40 30   0.0197831
40 31   0.0197831
40 32   0.0197831
40 33   0.0197831
40 34   0.0197831
40 35   0.0197831
40 36   0.0197831
40 37   0.0197831
40 38   0.0197831
40 39   0.0197831
40 40   0.0197831
