1 1   1.05017
1 2   1.05017
1 3   1.05017
1 4   1.05017
1 5   1.05017
1 6   1.05017
1 7   1.05017
1 8   1.05017
1 9   1.05017
1 10   1.05017
1 11   1.05017
1 12   1.05017
1 13   1.05017
1 14   1.05017
1 15   1.05017
1 16   1.05017
1 17   1.05017
1 18   1.05017
1 19   1.05017
1 20   1.05017
1 21   1.05017
1 22   1.05017
1 23   1.05017
1 24   1.05017
1 25   1.05017
1 26   1.05017
1 27   1.05017
1 28   1.05017
1 29   1.05017
1 30   1.05017
1 31   1.05017
1 32   1.05017
1 33   1.05017
1 34   1.05017
1 35   1.05017
1 36   1.05017
1 37   1.05017
1 38   1.05017
1 39   1.05017
1 40   1.05017
2 1   0.975636
2 2   0.975636
2 3   0.975636
2 4   0.975636
2 5   0.975636
2 6   0.975636
2 7   0.975636
2 8   0.975636
2 9   0.975636
2 10   0.975636
2 11   0.975636
2 12   0.975636
2 13   0.975636
2 14   0.975636
2 15   0.975636
2 16   0.975636
2 17   0.975636
2 18   0.975636
2 19   0.975636
2 20   0.975636
2 21   0.975636
2 22   0.975636
2 23   0.975636
2 24   0.975636
2 25   0.975636
2 26   0.975636
2 27   0.975636
2 28   0.975636
2 29   0.975636
2 30   0.975636
2 31   0.975636
2 32   0.975636
2 33   0.975636
2 34   0.975636
2 35   0.975636
2 36   0.975636
2 37   0.975636
2 38   0.975636
2 39   0.975636
2 40   0.975636
3 1   0.925645
3 2   0.925645
3 3   0.925645
3 4   0.925645
3 5   0.925645
3 6   0.925645
3 7   0.925645
3 8   0.925645
3 9   0.925645
3 10   0.925645
3 11   0.925645
3 12   0.925645
3 13   0.925645
3 14   0.925645
3 15   0.925645
3 16   0.925645
3 17   0.925645
3 18   0.925645
3 19   0.925645
3 20   0.925645
3 21   0.925645
3 22   0.925645
3 23   0.925645
3 24   0.925645
3 25   0.925645
3 26   0.925645
3 27   0.925645
3 28   0.925645
3 29   0.925645
3 30   0.925645
3 31   0.925645
3 32   0.925645
3 33   0.925645
3 34   0.925645
3 35   0.925645
3 36   0.925645
3 37   0.925645
3 38   0.925645
3 39   0.925645
3 40   0.925645
4 1   0.978428
4 2   0.978428
4 3   0.978428
4 4   0.978428
4 5   0.978428
4 6   0.978428
4 7   0.978428
4 8   0.978428
4 9   0.978428
4 10   0.978428
4 11   0.978428
4 12   0.978428
4 13   0.978428
4 14   0.978428
4 15   0.978428
4 16   0.978428
4 17   0.978428
4 18   0.978428
4 19   0.978428
4 20   0.978428
4 21   0.978428
4 22   0.978428
4 23   0.978428
4 24   0.978428
4 25   0.978428
4 26   0.978428
4 27   0.978428
4 28   0.978428
4 29   0.978428
4 30   0.978428
4 31   0.978428
4 32   0.978428
4 33   0.978428
4 34   0.978428
4 35   0.978428
4 36   0.978428
4 37   0.978428
4 38   0.978428
4 39   0.978428
4 40   0.978428
5 1   1.06101
5 2   1.06101
5 3   1.06101
5 4   1.06101
5 5   1.06101
5 6   1.06101
5 7   1.06101
5 8   1.06101
5 9   1.06101
5 10   1.06101
5 11   1.06101
5 12   1.06101
5 13   1.06101
5 14   1.06101
5 15   1.06101
5 16   1.06101
5 17   1.06101
5 18   1.06101
5 19   1.06101
5 20   1.06101
5 21   1.06101
5 22   1.06101
5 23   1.06101
5 24   1.06101
5 25   1.06101
5 26   1.06101
5 27   1.06101
5 28   1.06101
5 29   1.06101
5 30   1.06101
5 31   1.06101
5 32   1.06101
5 33   1.06101
5 34   1.06101
5 35   1.06101
5 36   1.06101
5 37   1.06101
5 38   1.06101
5 39   1.06101
5 40   1.06101
6 1   1.09617
6 2   1.09617
6 3   1.09617
6 4   1.09617
6 5   1.09617
6 6   1.09617
6 7   1.09617
6 8   1.09617
6 9   1.09617
6 10   1.09617
6 11   1.09617
6 12   1.09617
6 13   1.09617
6 14   1.09617
6 15   1.09617
6 16   1.09617
6 17   1.09617
6 18   1.09617
6 19   1.09617
6 20   1.09617
6 21   1.09617
6 22   1.09617
6 23   1.09617
6 24   1.09617
6 25   1.09617
6 26   1.09617
6 27   1.09617
6 28   1.09617
6 29   1.09617
6 30   1.09617
6 31   1.09617
6 32   1.09617
6 33   1.09617
6 34   1.09617
6 35   1.09617
6 36   1.09617
6 37   1.09617
6 38   1.09617
6 39   1.09617
6 40   1.09617
7 1   1.05248
7 2   1.05248
7 3   1.05248
7 4   1.05248
7 5   1.05248
7 6   1.05248
7 7   1.05248
7 8   1.05248
7 9   1.05248
7 10   1.05248
7 11   1.05248
7 12   1.05248
7 13   1.05248
7 14   1.05248
7 15   1.05248
7 16   1.05248
7 17   1.05248
7 18   1.05248
7 19   1.05248
7 20   1.05248
7 21   1.05248
7 22   1.05248
7 23   1.05248
7 24   1.05248
7 25   1.05248
7 26   1.05248
7 27   1.05248
7 28   1.05248
7 29   1.05248
7 30   1.05248
7 31   1.05248
7 32   1.05248
7 33   1.05248
7 34   1.05248
7 35   1.05248
7 36   1.05248
7 37   1.05248
7 38   1.05248
7 39   1.05248
7 40   1.05248
8 1   0.975521
8 2   0.975521
8 3   0.975521
8 4   0.975521
8 5   0.975521
8 6   0.975521
8 7   0.975521
8 8   0.975521
8 9   0.975521
8 10   0.975521
8 11   0.975521
8 12   0.975521
8 13   0.975521
8 14   0.975521
8 15   0.975521
8 16   0.975521
8 17   0.975521
8 18   0.975521
8 19   0.975521
8 20   0.975521
8 21   0.975521
8 22   0.975521
8 23   0.975521
8 24   0.975521
8 25   0.975521
8 26   0.975521
8 27   0.975521
8 28   0.975521
8 29   0.975521
8 30   0.975521
8 31   0.975521
8 32   0.975521
8 33   0.975521
8 34   0.975521
8 35   0.975521
8 36   0.975521
8 37   0.975521
8 38   0.975521
8 39   0.975521
8 40   0.975521
9 1   0.871805
9 2   0.871805
9 3   0.871805
9 4   0.871805
9 5   0.871805
9 6   0.871805
9 7   0.871805
9 8   0.871805
9 9   0.871805
9 10   0.871805
9 11   0.871805
9 12   0.871805
9 13   0.871805
9 14   0.871805
9 15   0.871805
9 16   0.871805
9 17   0.871805
9 18   0.871805
9 19   0.871805
9 20   0.871805
9 21   0.871805
9 22   0.871805
9 23   0.871805
9 24   0.871805
9 25   0.871805
9 26   0.871805
9 27   0.871805
9 28   0.871805
9 29   0.871805
9 30   0.871805
9 31   0.871805
9 32   0.871805
9 33   0.871805
9 34   0.871805
9 35   0.871805
9 36   0.871805
9 37   0.871805
9 38   0.871805
9 39   0.871805
9 40   0.871805
10 1   0.736362
10 2   0.736362
10 3   0.736362
10 4   0.736362
10 5   0.736362
10 6   0.736362
10 7   0.736362
10 8   0.736362
10 9   0.736362
10 10   0.736362
10 11   0.736362
10 12   0.736362
10 13   0.736362
10 14   0.736362
10 15   0.736362
10 16   0.736362
10 17   0.736362
10 18   0.736362
10 19   0.736362
10 20   0.736362
10 21   0.736362
10 22   0.736362
10 23   0.736362
10 24   0.736362
10 25   0.736362
10 26   0.736362
10 27   0.736362
10 28   0.736362
10 29   0.736362
10 30   0.736362
10 31   0.736362
10 32   0.736362
10 33   0.736362
10 34   0.736362
10 35   0.736362
10 36   0.736362
10 37   0.736362
10 38   0.736362
10 39   0.736362
10 40   0.736362
11 1   0.635006
11 2   0.635006
11 3   0.635006
11 4   0.635006
11 5   0.635006
11 6   0.635006
11 7   0.635006
11 8   0.635006
11 9   0.635006
11 10   0.635006
11 11   0.635006
11 12   0.635006
11 13   0.635006
11 14   0.635006
11 15   0.635006
11 16   0.635006
11 17   0.635006
11 18   0.635006
11 19   0.635006
11 20   0.635006
11 21   0.635006
11 22   0.635006
11 23   0.635006
11 24   0.635006
11 25   0.635006
11 26   0.635006
11 27   0.635006
11 28   0.635006
11 29   0.635006
11 30   0.635006
11 31   0.635006
11 32   0.635006
11 33   0.635006
11 34   0.635006
11 35   0.635006
11 36   0.635006
11 37   0.635006
11 38   0.635006
11 39   0.635006
11 40   0.635006
12 1   0.577371
12 2   0.577371
12 3   0.577371
12 4   0.577371
12 5   0.577371
12 6   0.577371
12 7   0.577371
12 8   0.577371
12 9   0.577371
12 10   0.577371
12 11   0.577371
12 12   0.577371
12 13   0.577371
12 14   0.577371
12 15   0.577371
12 16   0.577371
12 17   0.577371
12 18   0.577371
12 19   0.577371
12 20   0.577371
12 21   0.577371
12 22   0.577371
12 23   0.577371
12 24   0.577371
12 25   0.577371
12 26   0.577371
12 27   0.577371
12 28   0.577371
12 29   0.577371
12 30   0.577371
12 31   0.577371
12 32   0.577371
12 33   0.577371
12 34   0.577371
12 35   0.577371
12 36   0.577371
12 37   0.577371
12 38   0.577371
12 39   0.577371
12 40   0.577371
13 1   0.544077
13 2   0.544077
13 3   0.544077
13 4   0.544077
13 5   0.544077
13 6   0.544077
13 7   0.544077
13 8   0.544077
13 9   0.544077
13 10   0.544077
13 11   0.544077
13 12   0.544077
13 13   0.544077
13 14   0.544077
13 15   0.544077
13 16   0.544077
13 17   0.544077
13 18   0.544077
13 19   0.544077
13 20   0.544077
13 21   0.544077
13 22   0.544077
13 23   0.544077
13 24   0.544077
13 25   0.544077
13 26   0.544077
13 27   0.544077
13 28   0.544077
13 29   0.544077
13 30   0.544077
13 31   0.544077
13 32   0.544077
13 33   0.544077
13 34   0.544077
13 35   0.544077
13 36   0.544077
13 37   0.544077
13 38   0.544077
13 39   0.544077
13 40   0.544077
14 1   0.512802
14 2   0.512802
14 3   0.512802
14 4   0.512802
14 5   0.512802
14 6   0.512802
14 7   0.512802
14 8   0.512802
14 9   0.512802
14 10   0.512802
14 11   0.512802
14 12   0.512802
14 13   0.512802
14 14   0.512802
14 15   0.512802
14 16   0.512802
14 17   0.512802
14 18   0.512802
14 19   0.512802
14 20   0.512802
14 21   0.512802
14 22   0.512802
14 23   0.512802
14 24   0.512802
14 25   0.512802
14 26   0.512802
14 27   0.512802
14 28   0.512802
14 29   0.512802
14 30   0.512802
14 31   0.512802
14 32   0.512802
14 33   0.512802
14 34   0.512802
14 35   0.512802
14 36   0.512802
14 37   0.512802
14 38   0.512802
14 39   0.512802
14 40   0.512802
15 1   0.503101
15 2   0.503101
15 3   0.503101
15 4   0.503101
15 5   0.503101
15 6   0.503101
15 7   0.503101
15 8   0.503101
15 9   0.503101
15 10   0.503101
15 11   0.503101
15 12   0.503101
15 13   0.503101
15 14   0.503101
15 15   0.503101
15 16   0.503101
15 17   0.503101
15 18   0.503101
15 19   0.503101
15 20   0.503101
15 21   0.503101
15 22   0.503101
15 23   0.503101
15 24   0.503101
15 25   0.503101
15 26   0.503101
15 27   0.503101
15 28   0.503101
15 29   0.503101
15 30   0.503101
15 31   0.503101
15 32   0.503101
15 33   0.503101
15 34   0.503101
15 35   0.503101
15 36   0.503101
15 37   0.503101
15 38   0.503101
15 39   0.503101
15 40   0.503101
16 1   0.508324
16 2   0.508324
16 3   0.508324
16 4   0.508324
16 5   0.508324
16 6   0.508324
16 7   0.508324
16 8   0.508324
16 9   0.508324
16 10   0.508324
16 11   0.508324
16 12   0.508324
16 13   0.508324
16 14   0.508324
16 15   0.508324
16 16   0.508324
16 17   0.508324
16 18   0.508324
16 19   0.508324
16 20   0.508324
16 21   0.508324
16 22   0.508324
16 23   0.508324
16 24   0.508324
16 25   0.508324
16 26   0.508324
16 27   0.508324
16 28   0.508324
16 29   0.508324
16 30   0.508324
16 31   0.508324
16 32   0.508324
16 33   0.508324
16 34   0.508324
16 35   0.508324
16 36   0.508324
16 37   0.508324
16 38   0.508324
16 39   0.508324
16 40   0.508324
17 1   0.501811
17 2   0.501811
17 3   0.501811
17 4   0.501811
17 5   0.501811
17 6   0.501811
17 7   0.501811
17 8   0.501811
17 9   0.501811
17 10   0.501811
17 11   0.501811
17 12   0.501811
17 13   0.501811
17 14   0.501811
17 15   0.501811
17 16   0.501811
17 17   0.501811
17 18   0.501811
17 19   0.501811
17 20   0.501811
17 21   0.501811
17 22   0.501811
17 23   0.501811
17 24   0.501811
17 25   0.501811
17 26   0.501811
17 27   0.501811
17 28   0.501811
17 29   0.501811
17 30   0.501811
17 31   0.501811
17 32   0.501811
17 33   0.501811
17 34   0.501811
17 35   0.501811
17 36   0.501811
17 37   0.501811
17 38   0.501811
17 39   0.501811
17 40   0.501811
18 1   0.492613
18 2   0.492613
18 3   0.492613
18 4   0.492613
18 5   0.492613
18 6   0.492613
18 7   0.492613
18 8   0.492613
18 9   0.492613
18 10   0.492613
18 11   0.492613
18 12   0.492613
18 13   0.492613
18 14   0.492613
18 15   0.492613
18 16   0.492613
18 17   0.492613
18 18   0.492613
18 19   0.492613
18 20   0.492613
18 21   0.492613
18 22   0.492613
18 23   0.492613
18 24   0.492613
18 25   0.492613
18 26   0.492613
18 27   0.492613
18 28   0.492613
18 29   0.492613
18 30   0.492613
18 31   0.492613
18 32   0.492613
18 33   0.492613
18 34   0.492613
18 35   0.492613
18 36   0.492613
18 37   0.492613
18 38   0.492613
18 39   0.492613
18 40   0.492613
19 1   0.507667
19 2   0.507667
19 3   0.507667
19 4   0.507667
19 5   0.507667
19 6   0.507667
19 7   0.507667
19 8   0.507667
19 9   0.507667
19 10   0.507667
19 11   0.507667
19 12   0.507667
19 13   0.507667
19 14   0.507667
19 15   0.507667
19 16   0.507667
19 17   0.507667
19 18   0.507667
19 19   0.507667
19 20   0.507667
19 21   0.507667
19 22   0.507667
19 23   0.507667
19 24   0.507667
19 25   0.507667
19 26   0.507667
19 27   0.507667
19 28   0.507667
19 29   0.507667
19 30   0.507667
19 31   0.507667
19 32   0.507667
19 33   0.507667
19 34   0.507667
19 35   0.507667
19 36   0.507667
19 37   0.507667
19 38   0.507667
19 39   0.507667
19 40   0.507667
20 1   0.499223
20 2   0.499223
20 3   0.499223
20 4   0.499223
20 5   0.499223
20 6   0.499223
20 7   0.499223
20 8   0.499223
20 9   0.499223
20 10   0.499223
20 11   0.499223
20 12   0.499223
20 13   0.499223
20 14   0.499223
20 15   0.499223
20 16   0.499223
20 17   0.499223
20 18   0.499223
20 19   0.499223
20 20   0.499223
20 21   0.499223
20 22   0.499223
20 23   0.499223
20 24   0.499223
20 25   0.499223
20 26   0.499223
20 27   0.499223
20 28   0.499223
20 29   0.499223
20 30   0.499223
20 31   0.499223
20 32   0.499223
20 33   0.499223
20 34   0.499223
20 35   0.499223
20 36   0.499223
20 37   0.499223
20 38   0.499223
20 39   0.499223
20 40   0.499223
21 1   0.493996
21 2   0.493996
21 3   0.493996
21 4   0.493996
21 5   0.493996
21 6   0.493996
21 7   0.493996
21 8   0.493996
21 9   0.493996
21 10   0.493996
21 11   0.493996
21 12   0.493996
21 13   0.493996
21 14   0.493996
21 15   0.493996
21 16   0.493996
21 17   0.493996
21 18   0.493996
21 19   0.493996
21 20   0.493996
21 21   0.493996
21 22   0.493996
21 23   0.493996
21 24   0.493996
21 25   0.493996
21 26   0.493996
21 27   0.493996
21 28   0.493996
21 29   0.493996
21 30   0.493996
21 31   0.493996
21 32   0.493996
21 33   0.493996
21 34   0.493996
21 35   0.493996
21 36   0.493996
21 37   0.493996
21 38   0.493996
21 39   0.493996
21 40   0.493996
22 1   0.504871
22 2   0.504871
22 3   0.504871
22 4   0.504871
22 5   0.504871
22 6   0.504871
22 7   0.504871
22 8   0.504871
22 9   0.504871
22 10   0.504871
22 11   0.504871
22 12   0.504871
22 13   0.504871
22 14   0.504871
22 15   0.504871
22 16   0.504871
22 17   0.504871
22 18   0.504871
22 19   0.504871
22 20   0.504871
22 21   0.504871
22 22   0.504871
22 23   0.504871
22 24   0.504871
22 25   0.504871
22 26   0.504871
22 27   0.504871
22 28   0.504871
22 29   0.504871
22 30   0.504871
22 31   0.504871
22 32   0.504871
22 33   0.504871
22 34   0.504871
22 35   0.504871
22 36   0.504871
22 37   0.504871
22 38   0.504871
22 39   0.504871
22 40   0.504871
23 1   0.49821
23 2   0.49821
23 3   0.49821
23 4   0.49821
23 5   0.49821
23 6   0.49821
23 7   0.49821
23 8   0.49821
23 9   0.49821
23 10   0.49821
23 11   0.49821
23 12   0.49821
23 13   0.49821
23 14   0.49821
23 15   0.49821
23 16   0.49821
23 17   0.49821
23 18   0.49821
23 19   0.49821
23 20   0.49821
23 21   0.49821
23 22   0.49821
23 23   0.49821
23 24   0.49821
23 25   0.49821
23 26   0.49821
23 27   0.49821
23 28   0.49821
23 29   0.49821
23 30   0.49821
23 31   0.49821
23 32   0.49821
23 33   0.49821
23 34   0.49821
23 35   0.49821
23 36   0.49821
23 37   0.49821
23 38   0.49821
23 39   0.49821
23 40   0.49821
24 1   0.485546
24 2   0.485546
24 3   0.485546
24 4   0.485546
24 5   0.485546
24 6   0.485546
24 7   0.485546
24 8   0.485546
24 9   0.485546
24 10   0.485546
24 11   0.485546
24 12   0.485546
24 13   0.485546
24 14   0.485546
24 15   0.485546
24 16   0.485546
24 17   0.485546
24 18   0.485546
24 19   0.485546
24 20   0.485546
24 21   0.485546
24 22   0.485546
24 23   0.485546
24 24   0.485546
24 25   0.485546
24 26   0.485546
24 27   0.485546
24 28   0.485546
24 29   0.485546
24 30   0.485546
24 31   0.485546
24 32   0.485546
24 33   0.485546
24 34   0.485546
24 35   0.485546
24 36   0.485546
24 37   0.485546
24 38   0.485546
24 39   0.485546
24 40   0.485546
25 1   0.491054
25 2   0.491054
25 3   0.491054
25 4   0.491054
25 5   0.491054
25 6   0.491054
25 7   0.491054
25 8   0.491054
25 9   0.491054
25 10   0.491054
25 11   0.491054
25 12   0.491054
25 13   0.491054
25 14   0.491054
25 15   0.491054
25 16   0.491054
25 17   0.491054
25 18   0.491054
25 19   0.491054
25 20   0.491054
25 21   0.491054
25 22   0.491054
25 23   0.491054
25 24   0.491054
25 25   0.491054
25 26   0.491054
25 27   0.491054
25 28   0.491054
25 29   0.491054
25 30   0.491054
25 31   0.491054
25 32   0.491054
25 33   0.491054
25 34   0.491054
25 35   0.491054
25 36   0.491054
25 37   0.491054
25 38   0.491054
25 39   0.491054
25 40   0.491054
26 1   0.461807
26 2   0.461807
26 3   0.461807
26 4   0.461807
26 5   0.461807
26 6   0.461807
26 7   0.461807
26 8   0.461807
26 9   0.461807
26 10   0.461807
26 11   0.461807
26 12   0.461807
26 13   0.461807
26 14   0.461807
26 15   0.461807
26 16   0.461807
26 17   0.461807
26 18   0.461807
26 19   0.461807
26 20   0.461807
26 21   0.461807
26 22   0.461807
26 23   0.461807
26 24   0.461807
26 25   0.461807
26 26   0.461807
26 27   0.461807
26 28   0.461807
26 29   0.461807
26 30   0.461807
26 31   0.461807
26 32   0.461807
26 33   0.461807
26 34   0.461807
26 35   0.461807
26 36   0.461807
26 37   0.461807
26 38   0.461807
26 39   0.461807
26 40   0.461807
27 1   0.418024
27 2   0.418024
27 3   0.418024
27 4   0.418024
27 5   0.418024
27 6   0.418024
27 7   0.418024
27 8   0.418024
27 9   0.418024
27 10   0.418024
27 11   0.418024
27 12   0.418024
27 13   0.418024
27 14   0.418024
27 15   0.418024
27 16   0.418024
27 17   0.418024
27 18   0.418024
27 19   0.418024
27 20   0.418024
27 21   0.418024
27 22   0.418024
27 23   0.418024
27 24   0.418024
27 25   0.418024
27 26   0.418024
27 27   0.418024
27 28   0.418024
27 29   0.418024
27 30   0.418024
27 31   0.418024
27 32   0.418024
27 33   0.418024
27 34   0.418024
27 35   0.418024
27 36   0.418024
27 37   0.418024
27 38   0.418024
27 39   0.418024
27 40   0.418024
28 1   0.36225
28 2   0.36225
28 3   0.36225
28 4   0.36225
28 5   0.36225
28 6   0.36225
28 7   0.36225
28 8   0.36225
28 9   0.36225
28 10   0.36225
28 11   0.36225
28 12   0.36225
28 13   0.36225
28 14   0.36225
28 15   0.36225
28 16   0.36225
28 17   0.36225
28 18   0.36225
28 19   0.36225
28 20   0.36225
28 21   0.36225
28 22   0.36225
28 23   0.36225
28 24   0.36225
28 25   0.36225
28 26   0.36225
28 27   0.36225
28 28   0.36225
28 29   0.36225
28 30   0.36225
28 31   0.36225
28 32   0.36225
28 33   0.36225
28 34   0.36225
28 35   0.36225
28 36   0.36225
28 37   0.36225
28 38   0.36225
28 39   0.36225
28 40   0.36225
29 1   0.265708
29 2   0.265708
29 3   0.265708
29 4   0.265708
29 5   0.265708
29 6   0.265708
29 7   0.265708
29 8   0.265708
29 9   0.265708
29 10   0.265708
29 11   0.265708
29 12   0.265708
29 13   0.265708
29 14   0.265708
29 15   0.265708
29 16   0.265708
29 17   0.265708
29 18   0.265708
29 19   0.265708
29 20   0.265708
29 21   0.265708
29 22   0.265708
29 23   0.265708
29 24   0.265708
29 25   0.265708
29 26   0.265708
29 27   0.265708
29 28   0.265708
29 29   0.265708
29 30   0.265708
29 31   0.265708
29 32   0.265708
29 33   0.265708
29 34   0.265708
29 35   0.265708
29 36   0.265708
29 37   0.265708
29 38   0.265708
29 39   0.265708
29 40   0.265708
30 1   0.135337
30 2   0.135337
30 3   0.135337
30 4   0.135337
30 5   0.135337
30 6   0.135337
30 7   0.135337
30 8   0.135337
30 9   0.135337
30 10   0.135337
30 11   0.135337
30 12   0.135337
30 13   0.135337
30 14   0.135337
30 15   0.135337
30 16   0.135337
30 17   0.135337
30 18   0.135337
30 19   0.135337
30 20   0.135337
30 21   0.135337
30 22   0.135337
30 23   0.135337
30 24   0.135337
30 25   0.135337
30 26   0.135337
30 27   0.135337
30 28   0.135337
30 29   0.135337
30 30   0.135337
30 31   0.135337
30 32   0.135337
30 33   0.135337
30 34   0.135337
30 35   0.135337
30 36   0.135337
30 37   0.135337
30 38   0.135337
30 39   0.135337
30 40   0.135337
31 1   0.0184057
31 2   0.0184057
31 3   0.0184057
31 4   0.0184057
31 5   0.0184057
31 6   0.0184057
31 7   0.0184057
31 8   0.0184057
31 9   0.0184057
31 10   0.0184057
31 11   0.0184057
31 12   0.0184057
31 13   0.0184057
31 14   0.0184057
31 15   0.0184057
31 16   0.0184057
31 17   0.0184057
31 18   0.0184057
31 19   0.0184057
31 20   0.0184057
31 21   0.0184057
31 22   0.0184057
31 23   0.0184057
31 24   0.0184057
31 25   0.0184057
31 26   0.0184057
31 27   0.0184057
31 28   0.0184057
31 29   0.0184057
31 30   0.0184057
31 31   0.0184057
31 32   0.0184057
31 33   0.0184057
31 34   0.0184057
31 35   0.0184057
31 36   0.0184057
31 37   0.0184057
31 38   0.0184057
31 39   0.0184057
31 40   0.0184057
32 1   -0.0590006
32 2   -0.0590006
32 3   -0.0590006
32 4   -0.0590006
32 5   -0.0590006
32 6   -0.0590006
32 7   -0.0590006
32 8   -0.0590006
32 9   -0.0590006
32 10   -0.0590006
32 11   -0.0590006
32 12   -0.0590006
32 13   -0.0590006
32 14   -0.0590006
32 15   -0.0590006
32 16   -0.0590006
32 17   -0.0590006
32 18   -0.0590006
32 19   -0.0590006
32 20   -0.0590006
32 21   -0.0590006
32 22   -0.0590006
32 23   -0.0590006
32 24   -0.0590006
32 25   -0.0590006
32 26   -0.0590006
32 27   -0.0590006
32 28   -0.0590006
32 29   -0.0590006
32 30   -0.0590006
32 31   -0.0590006
32 32   -0.0590006
32 33   -0.0590006
32 34   -0.0590006
32 35   -0.0590006
32 36   -0.0590006
32 37   -0.0590006
32 38   -0.0590006
32 39   -0.0590006
32 40   -0.0590006
33 1   -0.0877486
33 2   -0.0877486
33 3   -0.0877486
33 4   -0.0877486
33 5   -0.0877486
33 6   -0.0877486
33 7   -0.0877486
33 8   -0.0877486
33 9   -0.0877486
33 10   -0.0877486
33 11   -0.0877486
33 12   -0.0877486
33 13   -0.0877486
33 14   -0.0877486
33 15   -0.0877486
33 16   -0.0877486
33 17   -0.0877486
33 18   -0.0877486
33 19   -0.0877486
33 20   -0.0877486
33 21   -0.0877486
33 22   -0.0877486
33 23   -0.0877486
33 24   -0.0877486
33 25   -0.0877486
33 26   -0.0877486
33 27   -0.0877486
33 28   -0.0877486
33 29   -0.0877486
33 30   -0.0877486
33 31   -0.0877486
33 32   -0.0877486
33 33   -0.0877486
33 34   -0.0877486
33 35   -0.0877486
33 36   -0.0877486
33 37   -0.0877486
33 38   -0.0877486
33 39   -0.0877486
33 40   -0.0877486
34 1   -0.0578422
34 2   -0.0578422
34 3   -0.0578422
34 4   -0.0578422
34 5   -0.0578422
34 6   -0.0578422
34 7   -0.0578422
34 8   -0.0578422
34 9   -0.0578422
34 10   -0.0578422
34 11   -0.0578422
34 12   -0.0578422
34 13   -0.0578422
34 14   -0.0578422
34 15   -0.0578422
34 16   -0.0578422
34 17   -0.0578422
34 18   -0.0578422
34 19   -0.0578422
34 20   -0.0578422
34 21   -0.0578422
34 22   -0.0578422
34 23   -0.0578422
34 24   -0.0578422
34 25   -0.0578422
34 26   -0.0578422
34 27   -0.0578422
34 28   -0.0578422
34 29   -0.0578422
34 30   -0.0578422
34 31   -0.0578422
34 32   -0.0578422
34 33   -0.0578422
34 34   -0.0578422
34 35   -0.0578422
34 36   -0.0578422
34 37   -0.0578422
34 38   -0.0578422
34 39   -0.0578422
34 40   -0.0578422
35 1   0.022253
35 2   0.022253
35 3   0.022253
35 4   0.022253
35 5   0.022253
35 6   0.022253
35 7   0.022253
35 8   0.022253
35 9   0.022253
35 10   0.022253
35 11   0.022253
35 12   0.022253
35 13   0.022253
35 14   0.022253
35 15   0.022253
35 16   0.022253
35 17   0.022253
35 18   0.022253
35 19   0.022253
35 20   0.022253
35 21   0.022253
35 22   0.022253
35 23   0.022253
35 24   0.022253
35 25   0.022253
35 26   0.022253
35 27   0.022253
35 28   0.022253
35 29   0.022253
35 30   0.022253
35 31   0.022253
35 32   0.022253
35 33   0.022253
35 34   0.022253
35 35   0.022253
35 36   0.022253
35 37   0.022253
35 38   0.022253
35 39   0.022253
35 40   0.022253
36 1   0.0647678
36 2   0.0647678
36 3   0.0647678
36 4   0.0647678
36 5   0.0647678
36 6   0.0647678
36 7   0.0647678
36 8   0.0647678
36 9   0.0647678
36 10   0.0647678
36 11   0.0647678
36 12   0.0647678
36 13   0.0647678
36 14   0.0647678
36 15   0.0647678
36 16   0.0647678
36 17   0.0647678
36 18   0.0647678
36 19   0.0647678
36 20   0.0647678
36 21   0.0647678
36 22   0.0647678
36 23   0.0647678
36 24   0.0647678
36 25   0.0647678
36 26   0.0647678
36 27   0.0647678
36 28   0.0647678
36 29   0.0647678
36 30   0.0647678
36 31   0.0647678
36 32   0.0647678
36 33   0.0647678
36 34   0.0647678
36 35   0.0647678
36 36   0.0647678
36 37   0.0647678
36 38   0.0647678
36 39   0.0647678
36 40   0.0647678
37 1   0.0146779
37 2   0.0146779
37 3   0.0146779
37 4   0.0146779
37 5   0.0146779
37 6   0.0146779
37 7   0.0146779
37 8   0.0146779
37 9   0.0146779
37 10   0.0146779
37 11   0.0146779
37 12   0.0146779
37 13   0.0146779
37 14   0.0146779
37 15   0.0146779
37 16   0.0146779
37 17   0.0146779
37 18   0.0146779
37 19   0.0146779
37 20   0.0146779
37 21   0.0146779
37 22   0.0146779
37 23   0.0146779
37 24   0.0146779
37 25   0.0146779
37 26   0.0146779
37 27   0.0146779
37 28   0.0146779
37 29   0.0146779
37 30   0.0146779
37 31   0.0146779
37 32   0.0146779
37 33   0.0146779
37 34   0.0146779
37 35   0.0146779
37 36   0.0146779
37 37   0.0146779
37 38   0.0146779
37 39   0.0146779
37 40   0.0146779
38 1   -0.035767
38 2   -0.035767
38 3   -0.035767
38 4   -0.035767
38 5   -0.035767
38 6   -0.035767
38 7   -0.035767
38 8   -0.035767
38 9   -0.035767
38 10   -0.035767
38 11   -0.035767
38 12   -0.035767
38 13   -0.035767
38 14   -0.035767
38 15   -0.035767
38 16   -0.035767
38 17   -0.035767
38 18   -0.035767
38 19   -0.035767
38 20   -0.035767
38 21   -0.035767
38 22   -0.035767
38 23   -0.035767
38 24   -0.035767
38 25   -0.035767
38 26   -0.035767
38 27   -0.035767
38 28   -0.035767
38 29   -0.035767
38 30   -0.035767
38 31   -0.035767
38 32   -0.035767
38 33   -0.035767
38 34   -0.035767
38 35   -0.035767
38 36   -0.035767
38 37   -0.035767
38 38   -0.035767
38 39   -0.035767
38 40   -0.035767
39 1   -0.0262879
39 2   -0.0262879
39 3   -0.0262879
39 4   -0.0262879
39 5   -0.0262879
39 6   -0.0262879
39 7   -0.0262879
39 8   -0.0262879
39 9   -0.0262879
39 10   -0.0262879
39 11   -0.0262879
39 12   -0.0262879
39 13   -0.0262879
39 14   -0.0262879
39 15   -0.0262879
39 16   -0.0262879
39 17   -0.0262879
39 18   -0.0262879
39 19   -0.0262879
39 20   -0.0262879
39 21   -0.0262879
39 22   -0.0262879
39 23   -0.0262879
39 24   -0.0262879
39 25   -0.0262879
39 26   -0.0262879
39 27   -0.0262879
39 28   -0.0262879
39 29   -0.0262879
39 30   -0.0262879
39 31   -0.0262879
39 32   -0.0262879
39 33   -0.0262879
39 34   -0.0262879
39 35   -0.0262879
39 36   -0.0262879
39 37   -0.0262879
39 38   -0.0262879
39 39   -0.0262879
39 40   -0.0262879
40 1   0.0266181
40 2   0.0266181
40 3   0.0266181
40 4   0.0266181
40 5   0.0266181
40 6   0.0266181
40 7   0.0266181
40 8   0.0266181
40 9   0.0266181
40 10   0.0266181
40 11   0.0266181
40 12   0.0266181
40 13   0.0266181
40 14   0.0266181
40 15   0.0266181
40 16   0.0266181
40 17   0.0266181
40 18   0.0266181
40 19   0.0266181
40 20   0.0266181
40 21   0.0266181
40 22   0.0266181
40 23   0.0266181
40 24   0.0266181
40 25   0.0266181
40 26   0.0266181
40 27   0.0266181
40 28   0.0266181
40 29   0.0266181
40 30   0.0266181
40 31   0.0266181
40 32   0.0266181
40 33   0.0266181
40 34   0.0266181
40 35   0.0266181
40 36   0.0266181
40 37   0.0266181
40 38   0.0266181
40 39   0.0266181
40 40   0.0266181
