1 1   0.999908
1 2   0.999908
1 3   0.999908
1 4   0.999908
1 5   0.999908
1 6   0.999908
1 7   0.999908
1 8   0.999908
1 9   0.999908
1 10   0.999908
1 11   0.999908
1 12   0.999908
1 13   0.999908
1 14   0.999908
1 15   0.999908
1 16   0.999908
1 17   0.999908
1 18   0.999908
1 19   0.999908
1 20   0.999908
1 21   0.999908
1 22   0.999908
1 23   0.999908
1 24   0.999908
1 25   0.999908
1 26   0.999908
1 27   0.999908
1 28   0.999908
1 29   0.999908
1 30   0.999908
1 31   0.999908
1 32   0.999908
1 33   0.999908
1 34   0.999908
1 35   0.999908
1 36   0.999908
1 37   0.999908
1 38   0.999908
1 39   0.999908
1 40   0.999908
2 1   0.999263
2 2   0.999263
2 3   0.999263
2 4   0.999263
2 5   0.999263
2 6   0.999263
2 7   0.999263
2 8   0.999263
2 9   0.999263
2 10   0.999263
2 11   0.999263
2 12   0.999263
2 13   0.999263
2 14   0.999263
2 15   0.999263
2 16   0.999263
2 17   0.999263
2 18   0.999263
2 19   0.999263
2 20   0.999263
2 21   0.999263
2 22   0.999263
2 23   0.999263
2 24   0.999263
2 25   0.999263
2 26   0.999263
2 27   0.999263
2 28   0.999263
2 29   0.999263
2 30   0.999263
2 31   0.999263
2 32   0.999263
2 33   0.999263
2 34   0.999263
2 35   0.999263
2 36   0.999263
2 37   0.999263
2 38   0.999263
2 39   0.999263
2 40   0.999263
3 1   0.995183
3 2   0.995183
3 3   0.995183
3 4   0.995183
3 5   0.995183
3 6   0.995183
3 7   0.995183
3 8   0.995183
3 9   0.995183
3 10   0.995183
3 11   0.995183
3 12   0.995183
3 13   0.995183
3 14   0.995183
3 15   0.995183
3 16   0.995183
3 17   0.995183
3 18   0.995183
3 19   0.995183
3 20   0.995183
3 21   0.995183
3 22   0.995183
3 23   0.995183
3 24   0.995183
3 25   0.995183
3 26   0.995183
3 27   0.995183
3 28   0.995183
3 29   0.995183
3 30   0.995183
3 31   0.995183
3 32   0.995183
3 33   0.995183
3 34   0.995183
3 35   0.995183
3 36   0.995183
3 37   0.995183
3 38   0.995183
3 39   0.995183
3 40   0.995183
4 1   0.976194
4 2   0.976194
4 3   0.976194
4 4   0.976194
4 5   0.976194
4 6   0.976194
4 7   0.976194
4 8   0.976194
4 9   0.976194
4 10   0.976194
4 11   0.976194
4 12   0.976194
4 13   0.976194
4 14   0.976194
4 15   0.976194
4 16   0.976194
4 17   0.976194
4 18   0.976194
4 19   0.976194
4 20   0.976194
4 21   0.976194
4 22   0.976194
4 23   0.976194
4 24   0.976194
4 25   0.976194
4 26   0.976194
4 27   0.976194
4 28   0.976194
4 29   0.976194
4 30   0.976194
4 31   0.976194
4 32   0.976194
4 33   0.976194
4 34   0.976194
4 35   0.976194
4 36   0.976194
4 37   0.976194
4 38   0.976194
4 39   0.976194
4 40   0.976194
5 1   0.911788
5 2   0.911788
5 3   0.911788
5 4   0.911788
5 5   0.911788
5 6   0.911788
5 7   0.911788
5 8   0.911788
5 9   0.911788
5 10   0.911788
5 11   0.911788
5 12   0.911788
5 13   0.911788
5 14   0.911788
5 15   0.911788
5 16   0.911788
5 17   0.911788
5 18   0.911788
5 19   0.911788
5 20   0.911788
5 21   0.911788
5 22   0.911788
5 23   0.911788
5 24   0.911788
5 25   0.911788
5 26   0.911788
5 27   0.911788
5 28   0.911788
5 29   0.911788
5 30   0.911788
5 31   0.911788
5 32   0.911788
5 33   0.911788
5 34   0.911788
5 35   0.911788
5 36   0.911788
5 37   0.911788
5 38   0.911788
5 39   0.911788
5 40   0.911788
6 1   0.759685
6 2   0.759685
6 3   0.759685
6 4   0.759685
6 5   0.759685
6 6   0.759685
6 7   0.759685
6 8   0.759685
6 9   0.759685
6 10   0.759685
6 11   0.759685
6 12   0.759685
6 13   0.759685
6 14   0.759685
6 15   0.759685
6 16   0.759685
6 17   0.759685
6 18   0.759685
6 19   0.759685
6 20   0.759685
6 21   0.759685
6 22   0.759685
6 23   0.759685
6 24   0.759685
6 25   0.759685
6 26   0.759685
6 27   0.759685
6 28   0.759685
6 29   0.759685
6 30   0.759685
6 31   0.759685
6 32   0.759685
6 33   0.759685
6 34   0.759685
6 35   0.759685
6 36   0.759685
6 37   0.759685
6 38   0.759685
6 39   0.759685
6 40   0.759685
7 1   0.534506
7 2   0.534506
7 3   0.534506
7 4   0.534506
7 5   0.534506
7 6   0.534506
7 7   0.534506
7 8   0.534506
7 9   0.534506
7 10   0.534506
7 11   0.534506
7 12   0.534506
7 13   0.534506
7 14   0.534506
7 15   0.534506
7 16   0.534506
7 17   0.534506
7 18   0.534506
7 19   0.534506
7 20   0.534506
7 21   0.534506
7 22   0.534506
7 23   0.534506
7 24   0.534506
7 25   0.534506
7 26   0.534506
7 27   0.534506
7 28   0.534506
7 29   0.534506
7 30   0.534506
7 31   0.534506
7 32   0.534506
7 33   0.534506
7 34   0.534506
7 35   0.534506
7 36   0.534506
7 37   0.534506
7 38   0.534506
7 39   0.534506
7 40   0.534506
8 1   0.388067
8 2   0.388067
8 3   0.388067
8 4   0.388067
8 5   0.388067
8 6   0.388067
8 7   0.388067
8 8   0.388067
8 9   0.388067
8 10   0.388067
8 11   0.388067
8 12   0.388067
8 13   0.388067
8 14   0.388067
8 15   0.388067
8 16   0.388067
8 17   0.388067
8 18   0.388067
8 19   0.388067
8 20   0.388067
8 21   0.388067
8 22   0.388067
8 23   0.388067
8 24   0.388067
8 25   0.388067
8 26   0.388067
8 27   0.388067
8 28   0.388067
8 29   0.388067
8 30   0.388067
8 31   0.388067
8 32   0.388067
8 33   0.388067
8 34   0.388067
8 35   0.388067
8 36   0.388067
8 37   0.388067
8 38   0.388067
8 39   0.388067
8 40   0.388067
9 1   0.46178
9 2   0.46178
9 3   0.46178
9 4   0.46178
9 5   0.46178
9 6   0.46178
9 7   0.46178
9 8   0.46178
9 9   0.46178
9 10   0.46178
9 11   0.46178
9 12   0.46178
9 13   0.46178
9 14   0.46178
9 15   0.46178
9 16   0.46178
9 17   0.46178
9 18   0.46178
9 19   0.46178
9 20   0.46178
9 21   0.46178
9 22   0.46178
9 23   0.46178
9 24   0.46178
9 25   0.46178
9 26   0.46178
9 27   0.46178
9 28   0.46178
9 29   0.46178
9 30   0.46178
9 31   0.46178
9 32   0.46178
9 33   0.46178
9 34   0.46178
9 35   0.46178
9 36   0.46178
9 37   0.46178
9 38   0.46178
9 39   0.46178
9 40   0.46178
10 1   0.574031
10 2   0.574031
10 3   0.574031
10 4   0.574031
10 5   0.574031
10 6   0.574031
10 7   0.574031
10 8   0.574031
10 9   0.574031
10 10   0.574031
10 11   0.574031
10 12   0.574031
10 13   0.574031
10 14   0.574031
10 15   0.574031
10 16   0.574031
10 17   0.574031
10 18   0.574031
10 19   0.574031
10 20   0.574031
10 21   0.574031
10 22   0.574031
10 23   0.574031
10 24   0.574031
10 25   0.574031
10 26   0.574031
10 27   0.574031
10 28   0.574031
10 29   0.574031
10 30   0.574031
10 31   0.574031
10 32   0.574031
10 33   0.574031
10 34   0.574031
10 35   0.574031
10 36   0.574031
10 37   0.574031
10 38   0.574031
10 39   0.574031
10 40   0.574031
11 1   0.49008
11 2   0.49008
11 3   0.49008
11 4   0.49008
11 5   0.49008
11 6   0.49008
11 7   0.49008
11 8   0.49008
11 9   0.49008
11 10   0.49008
11 11   0.49008
11 12   0.49008
11 13   0.49008
11 14   0.49008
11 15   0.49008
11 16   0.49008
11 17   0.49008
11 18   0.49008
11 19   0.49008
11 20   0.49008
11 21   0.49008
11 22   0.49008
11 23   0.49008
11 24   0.49008
11 25   0.49008
11 26   0.49008
11 27   0.49008
11 28   0.49008
11 29   0.49008
11 30   0.49008
11 31   0.49008
11 32   0.49008
11 33   0.49008
11 34   0.49008
11 35   0.49008
11 36   0.49008
11 37   0.49008
11 38   0.49008
11 39   0.49008
11 40   0.49008
12 1   0.457882
12 2   0.457882
12 3   0.457882
12 4   0.457882
12 5   0.457882
12 6   0.457882
12 7   0.457882
12 8   0.457882
12 9   0.457882
12 10   0.457882
12 11   0.457882
12 12   0.457882
12 13   0.457882
12 14   0.457882
12 15   0.457882
12 16   0.457882
12 17   0.457882
12 18   0.457882
12 19   0.457882
12 20   0.457882
12 21   0.457882
12 22   0.457882
12 23   0.457882
12 24   0.457882
12 25   0.457882
12 26   0.457882
12 27   0.457882
12 28   0.457882
12 29   0.457882
12 30   0.457882
12 31   0.457882
12 32   0.457882
12 33   0.457882
12 34   0.457882
12 35   0.457882
12 36   0.457882
12 37   0.457882
12 38   0.457882
12 39   0.457882
12 40   0.457882
13 1   0.548096
13 2   0.548096
13 3   0.548096
13 4   0.548096
13 5   0.548096
13 6   0.548096
13 7   0.548096
13 8   0.548096
13 9   0.548096
13 10   0.548096
13 11   0.548096
13 12   0.548096
13 13   0.548096
13 14   0.548096
13 15   0.548096
13 16   0.548096
13 17   0.548096
13 18   0.548096
13 19   0.548096
13 20   0.548096
13 21   0.548096
13 22   0.548096
13 23   0.548096
13 24   0.548096
13 25   0.548096
13 26   0.548096
13 27   0.548096
13 28   0.548096
13 29   0.548096
13 30   0.548096
13 31   0.548096
13 32   0.548096
13 33   0.548096
13 34   0.548096
13 35   0.548096
13 36   0.548096
13 37   0.548096
13 38   0.548096
13 39   0.548096
13 40   0.548096
14 1   0.473216
14 2   0.473216
14 3   0.473216
14 4   0.473216
14 5   0.473216
14 6   0.473216
14 7   0.473216
14 8   0.473216
14 9   0.473216
14 10   0.473216
14 11   0.473216
14 12   0.473216
14 13   0.473216
14 14   0.473216
14 15   0.473216
14 16   0.473216
14 17   0.473216
14 18   0.473216
14 19   0.473216
14 20   0.473216
14 21   0.473216
14 22   0.473216
14 23   0.473216
14 24   0.473216
14 25   0.473216
14 26   0.473216
14 27   0.473216
14 28   0.473216
14 29   0.473216
14 30   0.473216
14 31   0.473216
14 32   0.473216
14 33   0.473216
14 34   0.473216
14 35   0.473216
14 36   0.473216
14 37   0.473216
14 38   0.473216
14 39   0.473216
14 40   0.473216
15 1   0.501907
15 2   0.501907
15 3   0.501907
15 4   0.501907
15 5   0.501907
15 6   0.501907
15 7   0.501907
15 8   0.501907
15 9   0.501907
15 10   0.501907
15 11   0.501907
15 12   0.501907
15 13   0.501907
15 14   0.501907
15 15   0.501907
15 16   0.501907
15 17   0.501907
15 18   0.501907
15 19   0.501907
15 20   0.501907
15 21   0.501907
15 22   0.501907
15 23   0.501907
15 24   0.501907
15 25   0.501907
15 26   0.501907
15 27   0.501907
15 28   0.501907
15 29   0.501907
15 30   0.501907
15 31   0.501907
15 32   0.501907
15 33   0.501907
15 34   0.501907
15 35   0.501907
15 36   0.501907
15 37   0.501907
15 38   0.501907
15 39   0.501907
15 40   0.501907
16 1   0.516195
16 2   0.516195
16 3   0.516195
16 4   0.516195
16 5   0.516195
16 6   0.516195
16 7   0.516195
16 8   0.516195
16 9   0.516195
16 10   0.516195
16 11   0.516195
16 12   0.516195
16 13   0.516195
16 14   0.516195
16 15   0.516195
16 16   0.516195
16 17   0.516195
16 18   0.516195
16 19   0.516195
16 20   0.516195
16 21   0.516195
16 22   0.516195
16 23   0.516195
16 24   0.516195
16 25   0.516195
16 26   0.516195
16 27   0.516195
16 28   0.516195
16 29   0.516195
16 30   0.516195
16 31   0.516195
16 32   0.516195
16 33   0.516195
16 34   0.516195
16 35   0.516195
16 36   0.516195
16 37   0.516195
16 38   0.516195
16 39   0.516195
16 40   0.516195
17 1   0.473964
17 2   0.473964
17 3   0.473964
17 4   0.473964
17 5   0.473964
17 6   0.473964
17 7   0.473964
17 8   0.473964
17 9   0.473964
17 10   0.473964
17 11   0.473964
17 12   0.473964
17 13   0.473964
17 14   0.473964
17 15   0.473964
17 16   0.473964
17 17   0.473964
17 18   0.473964
17 19   0.473964
17 20   0.473964
17 21   0.473964
17 22   0.473964
17 23   0.473964
17 24   0.473964
17 25   0.473964
17 26   0.473964
17 27   0.473964
17 28   0.473964
17 29   0.473964
17 30   0.473964
17 31   0.473964
17 32   0.473964
17 33   0.473964
17 34   0.473964
17 35   0.473964
17 36   0.473964
17 37   0.473964
17 38   0.473964
17 39   0.473964
17 40   0.473964
18 1   0.530555
18 2   0.530555
18 3   0.530555
18 4   0.530555
18 5   0.530555
18 6   0.530555
18 7   0.530555
18 8   0.530555
18 9   0.530555
18 10   0.530555
18 11   0.530555
18 12   0.530555
18 13   0.530555
18 14   0.530555
18 15   0.530555
18 16   0.530555
18 17   0.530555
18 18   0.530555
18 19   0.530555
18 20   0.530555
18 21   0.530555
18 22   0.530555
18 23   0.530555
18 24   0.530555
18 25   0.530555
18 26   0.530555
18 27   0.530555
18 28   0.530555
18 29   0.530555
18 30   0.530555
18 31   0.530555
18 32   0.530555
18 33   0.530555
18 34   0.530555
18 35   0.530555
18 36   0.530555
18 37   0.530555
18 38   0.530555
18 39   0.530555
18 40   0.530555
19 1   0.468045
19 2   0.468045
19 3   0.468045
19 4   0.468045
19 5   0.468045
19 6   0.468045
19 7   0.468045
19 8   0.468045
19 9   0.468045
19 10   0.468045
19 11   0.468045
19 12   0.468045
19 13   0.468045
19 14   0.468045
19 15   0.468045
19 16   0.468045
19 17   0.468045
19 18   0.468045
19 19   0.468045
19 20   0.468045
19 21   0.468045
19 22   0.468045
19 23   0.468045
19 24   0.468045
19 25   0.468045
19 26   0.468045
19 27   0.468045
19 28   0.468045
19 29   0.468045
19 30   0.468045
19 31   0.468045
19 32   0.468045
19 33   0.468045
19 34   0.468045
19 35   0.468045
19 36   0.468045
19 37   0.468045
19 38   0.468045
19 39   0.468045
19 40   0.468045
20 1   0.532055
20 2   0.532055
20 3   0.532055
20 4   0.532055
20 5   0.532055
20 6   0.532055
20 7   0.532055
20 8   0.532055
20 9   0.532055
20 10   0.532055
20 11   0.532055
20 12   0.532055
20 13   0.532055
20 14   0.532055
20 15   0.532055
20 16   0.532055
20 17   0.532055
20 18   0.532055
20 19   0.532055
20 20   0.532055
20 21   0.532055
20 22   0.532055
20 23   0.532055
20 24   0.532055
20 25   0.532055
20 26   0.532055
20 27   0.532055
20 28   0.532055
20 29   0.532055
20 30   0.532055
20 31   0.532055
20 32   0.532055
20 33   0.532055
20 34   0.532055
20 35   0.532055
20 36   0.532055
20 37   0.532055
20 38   0.532055
20 39   0.532055
20 40   0.532055
21 1   0.469545
21 2   0.469545
21 3   0.469545
21 4   0.469545
21 5   0.469545
21 6   0.469545
21 7   0.469545
21 8   0.469545
21 9   0.469545
21 10   0.469545
21 11   0.469545
21 12   0.469545
21 13   0.469545
21 14   0.469545
21 15   0.469545
21 16   0.469545
21 17   0.469545
21 18   0.469545
21 19   0.469545
21 20   0.469545
21 21   0.469545
21 22   0.469545
21 23   0.469545
21 24   0.469545
21 25   0.469545
21 26   0.469545
21 27   0.469545
21 28   0.469545
21 29   0.469545
21 30   0.469545
21 31   0.469545
21 32   0.469545
21 33   0.469545
21 34   0.469545
21 35   0.469545
21 36   0.469545
21 37   0.469545
21 38   0.469545
21 39   0.469545
21 40   0.469545
22 1   0.526136
22 2   0.526136
22 3   0.526136
22 4   0.526136
22 5   0.526136
22 6   0.526136
22 7   0.526136
22 8   0.526136
22 9   0.526136
22 10   0.526136
22 11   0.526136
22 12   0.526136
22 13   0.526136
22 14   0.526136
22 15   0.526136
22 16   0.526136
22 17   0.526136
22 18   0.526136
22 19   0.526136
22 20   0.526136
22 21   0.526136
22 22   0.526136
22 23   0.526136
22 24   0.526136
22 25   0.526136
22 26   0.526136
22 27   0.526136
22 28   0.526136
22 29   0.526136
22 30   0.526136
22 31   0.526136
22 32   0.526136
22 33   0.526136
22 34   0.526136
22 35   0.526136
22 36   0.526136
22 37   0.526136
22 38   0.526136
22 39   0.526136
22 40   0.526136
23 1   0.483905
23 2   0.483905
23 3   0.483905
23 4   0.483905
23 5   0.483905
23 6   0.483905
23 7   0.483905
23 8   0.483905
23 9   0.483905
23 10   0.483905
23 11   0.483905
23 12   0.483905
23 13   0.483905
23 14   0.483905
23 15   0.483905
23 16   0.483905
23 17   0.483905
23 18   0.483905
23 19   0.483905
23 20   0.483905
23 21   0.483905
23 22   0.483905
23 23   0.483905
23 24   0.483905
23 25   0.483905
23 26   0.483905
23 27   0.483905
23 28   0.483905
23 29   0.483905
23 30   0.483905
23 31   0.483905
23 32   0.483905
23 33   0.483905
23 34   0.483905
23 35   0.483905
23 36   0.483905
23 37   0.483905
23 38   0.483905
23 39   0.483905
23 40   0.483905
24 1   0.498193
24 2   0.498193
24 3   0.498193
24 4   0.498193
24 5   0.498193
24 6   0.498193
24 7   0.498193
24 8   0.498193
24 9   0.498193
24 10   0.498193
24 11   0.498193
24 12   0.498193
24 13   0.498193
24 14   0.498193
24 15   0.498193
24 16   0.498193
24 17   0.498193
24 18   0.498193
24 19   0.498193
24 20   0.498193
24 21   0.498193
24 22   0.498193
24 23   0.498193
24 24   0.498193
24 25   0.498193
24 26   0.498193
24 27   0.498193
24 28   0.498193
24 29   0.498193
24 30   0.498193
24 31   0.498193
24 32   0.498193
24 33   0.498193
24 34   0.498193
24 35   0.498193
24 36   0.498193
24 37   0.498193
24 38   0.498193
24 39   0.498193
24 40   0.498193
25 1   0.526884
25 2   0.526884
25 3   0.526884
25 4   0.526884
25 5   0.526884
25 6   0.526884
25 7   0.526884
25 8   0.526884
25 9   0.526884
25 10   0.526884
25 11   0.526884
25 12   0.526884
25 13   0.526884
25 14   0.526884
25 15   0.526884
25 16   0.526884
25 17   0.526884
25 18   0.526884
25 19   0.526884
25 20   0.526884
25 21   0.526884
25 22   0.526884
25 23   0.526884
25 24   0.526884
25 25   0.526884
25 26   0.526884
25 27   0.526884
25 28   0.526884
25 29   0.526884
25 30   0.526884
25 31   0.526884
25 32   0.526884
25 33   0.526884
25 34   0.526884
25 35   0.526884
25 36   0.526884
25 37   0.526884
25 38   0.526884
25 39   0.526884
25 40   0.526884
26 1   0.452004
26 2   0.452004
26 3   0.452004
26 4   0.452004
26 5   0.452004
26 6   0.452004
26 7   0.452004
26 8   0.452004
26 9   0.452004
26 10   0.452004
26 11   0.452004
26 12   0.452004
26 13   0.452004
26 14   0.452004
26 15   0.452004
26 16   0.452004
26 17   0.452004
26 18   0.452004
26 19   0.452004
26 20   0.452004
26 21   0.452004
26 22   0.452004
26 23   0.452004
26 24   0.452004
26 25   0.452004
26 26   0.452004
26 27   0.452004
26 28   0.452004
26 29   0.452004
26 30   0.452004
26 31   0.452004
26 32   0.452004
26 33   0.452004
26 34   0.452004
26 35   0.452004
26 36   0.452004
26 37   0.452004
26 38   0.452004
26 39   0.452004
26 40   0.452004
27 1   0.542218
27 2   0.542218
27 3   0.542218
27 4   0.542218
27 5   0.542218
27 6   0.542218
27 7   0.542218
27 8   0.542218
27 9   0.542218
27 10   0.542218
27 11   0.542218
27 12   0.542218
27 13   0.542218
27 14   0.542218
27 15   0.542218
27 16   0.542218
27 17   0.542218
27 18   0.542218
27 19   0.542218
27 20   0.542218
27 21   0.542218
27 22   0.542218
27 23   0.542218
27 24   0.542218
27 25   0.542218
27 26   0.542218
27 27   0.542218
27 28   0.542218
27 29   0.542218
27 30   0.542218
27 31   0.542218
27 32   0.542218
27 33   0.542218
27 34   0.542218
27 35   0.542218
27 36   0.542218
27 37   0.542218
27 38   0.542218
27 39   0.542218
27 40   0.542218
28 1   0.51002
28 2   0.51002
28 3   0.51002
28 4   0.51002
28 5   0.51002
28 6   0.51002
28 7   0.51002
28 8   0.51002
28 9   0.51002
28 10   0.51002
28 11   0.51002
28 12   0.51002
28 13   0.51002
28 14   0.51002
28 15   0.51002
28 16   0.51002
28 17   0.51002
28 18   0.51002
28 19   0.51002
28 20   0.51002
28 21   0.51002
28 22   0.51002
28 23   0.51002
28 24   0.51002
28 25   0.51002
28 26   0.51002
28 27   0.51002
28 28   0.51002
28 29   0.51002
28 30   0.51002
28 31   0.51002
28 32   0.51002
28 33   0.51002
28 34   0.51002
28 35   0.51002
28 36   0.51002
28 37   0.51002
28 38   0.51002
28 39   0.51002
28 40   0.51002
29 1   0.426069
29 2   0.426069
29 3   0.426069
29 4   0.426069
29 5   0.426069
29 6   0.426069
29 7   0.426069
29 8   0.426069
29 9   0.426069
29 10   0.426069
29 11   0.426069
29 12   0.426069
29 13   0.426069
29 14   0.426069
29 15   0.426069
29 16   0.426069
29 17   0.426069
29 18   0.426069
29 19   0.426069
29 20   0.426069
29 21   0.426069
29 22   0.426069
29 23   0.426069
29 24   0.426069
29 25   0.426069
29 26   0.426069
29 27   0.426069
29 28   0.426069
29 29   0.426069
29 30   0.426069
29 31   0.426069
29 32   0.426069
29 33   0.426069
29 34   0.426069
29 35   0.426069
29 36   0.426069
29 37   0.426069
29 38   0.426069
29 39   0.426069
29 40   0.426069
30 1   0.53832
30 2   0.53832
30 3   0.53832
30 4   0.53832
30 5   0.53832
30 6   0.53832
30 7   0.53832
30 8   0.53832
30 9   0.53832
30 10   0.53832
30 11   0.53832
30 12   0.53832
30 13   0.53832
30 14   0.53832
30 15   0.53832
30 16   0.53832
30 17   0.53832
30 18   0.53832
30 19   0.53832
30 20   0.53832
30 21   0.53832
30 22   0.53832
30 23   0.53832
30 24   0.53832
30 25   0.53832
30 26   0.53832
30 27   0.53832
30 28   0.53832
30 29   0.53832
30 30   0.53832
30 31   0.53832
30 32   0.53832
30 33   0.53832
30 34   0.53832
30 35   0.53832
30 36   0.53832
30 37   0.53832
30 38   0.53832
30 39   0.53832
30 40   0.53832
31 1   0.612033
31 2   0.612033
31 3   0.612033
31 4   0.612033
31 5   0.612033
31 6   0.612033
31 7   0.612033
31 8   0.612033
31 9   0.612033
31 10   0.612033
31 11   0.612033
31 12   0.612033
31 13   0.612033
31 14   0.612033
31 15   0.612033
31 16   0.612033
31 17   0.612033
31 18   0.612033
31 19   0.612033
31 20   0.612033
31 21   0.612033
31 22   0.612033
31 23   0.612033
31 24   0.612033
31 25   0.612033
31 26   0.612033
31 27   0.612033
31 28   0.612033
31 29   0.612033
31 30   0.612033
31 31   0.612033
31 32   0.612033
31 33   0.612033
31 34   0.612033
31 35   0.612033
31 36   0.612033
31 37   0.612033
31 38   0.612033
31 39   0.612033
31 40   0.612033
32 1   0.465594
32 2   0.465594
32 3   0.465594
32 4   0.465594
32 5   0.465594
32 6   0.465594
32 7   0.465594
32 8   0.465594
32 9   0.465594
32 10   0.465594
32 11   0.465594
32 12   0.465594
32 13   0.465594
32 14   0.465594
32 15   0.465594
32 16   0.465594
32 17   0.465594
32 18   0.465594
32 19   0.465594
32 20   0.465594
32 21   0.465594
32 22   0.465594
32 23   0.465594
32 24   0.465594
32 25   0.465594
32 26   0.465594
32 27   0.465594
32 28   0.465594
32 29   0.465594
32 30   0.465594
32 31   0.465594
32 32   0.465594
32 33   0.465594
32 34   0.465594
32 35   0.465594
32 36   0.465594
32 37   0.465594
32 38   0.465594
32 39   0.465594
32 40   0.465594
33 1   0.240415
33 2   0.240415
33 3   0.240415
33 4   0.240415
33 5   0.240415
33 6   0.240415
33 7   0.240415
33 8   0.240415
33 9   0.240415
33 10   0.240415
33 11   0.240415
33 12   0.240415
33 13   0.240415
33 14   0.240415
33 15   0.240415
33 16   0.240415
33 17   0.240415
33 18   0.240415
33 19   0.240415
33 20   0.240415
33 21   0.240415
33 22   0.240415
33 23   0.240415
33 24   0.240415
33 25   0.240415
33 26   0.240415
33 27   0.240415
33 28   0.240415
33 29   0.240415
33 30   0.240415
33 31   0.240415
33 32   0.240415
33 33   0.240415
33 34   0.240415
33 35   0.240415
33 36   0.240415
33 37   0.240415
33 38   0.240415
33 39   0.240415
33 40   0.240415
34 1   0.0883116
34 2   0.0883116
34 3   0.0883116
34 4   0.0883116
34 5   0.0883116
34 6   0.0883116
34 7   0.0883116
34 8   0.0883116
34 9   0.0883116
34 10   0.0883116
34 11   0.0883116
34 12   0.0883116
34 13   0.0883116
34 14   0.0883116
34 15   0.0883116
34 16   0.0883116
34 17   0.0883116
34 18   0.0883116
34 19   0.0883116
34 20   0.0883116
34 21   0.0883116
34 22   0.0883116
34 23   0.0883116
34 24   0.0883116
34 25   0.0883116
34 26   0.0883116
34 27   0.0883116
34 28   0.0883116
34 29   0.0883116
34 30   0.0883116
34 31   0.0883116
34 32   0.0883116
34 33   0.0883116
34 34   0.0883116
34 35   0.0883116
34 36   0.0883116
34 37   0.0883116
34 38   0.0883116
34 39   0.0883116
34 40   0.0883116
35 1   0.0239064
35 2   0.0239064
35 3   0.0239064
35 4   0.0239064
35 5   0.0239064
35 6   0.0239064
35 7   0.0239064
35 8   0.0239064
35 9   0.0239064
35 10   0.0239064
35 11   0.0239064
35 12   0.0239064
35 13   0.0239064
35 14   0.0239064
35 15   0.0239064
35 16   0.0239064
35 17   0.0239064
35 18   0.0239064
35 19   0.0239064
35 20   0.0239064
35 21   0.0239064
35 22   0.0239064
35 23   0.0239064
35 24   0.0239064
35 25   0.0239064
35 26   0.0239064
35 27   0.0239064
35 28   0.0239064
35 29   0.0239064
35 30   0.0239064
35 31   0.0239064
35 32   0.0239064
35 33   0.0239064
35 34   0.0239064
35 35   0.0239064
35 36   0.0239064
35 37   0.0239064
35 38   0.0239064
35 39   0.0239064
35 40   0.0239064
36 1   0.00491673
36 2   0.00491673
36 3   0.00491673
36 4   0.00491673
36 5   0.00491673
36 6   0.00491673
36 7   0.00491673
36 8   0.00491673
36 9   0.00491673
36 10   0.00491673
36 11   0.00491673
36 12   0.00491673
36 13   0.00491673
36 14   0.00491673
36 15   0.00491673
36 16   0.00491673
36 17   0.00491673
36 18   0.00491673
36 19   0.00491673
36 20   0.00491673
36 21   0.00491673
36 22   0.00491673
36 23   0.00491673
36 24   0.00491673
36 25   0.00491673
36 26   0.00491673
36 27   0.00491673
36 28   0.00491673
36 29   0.00491673
36 30   0.00491673
36 31   0.00491673
36 32   0.00491673
36 33   0.00491673
36 34   0.00491673
36 35   0.00491673
36 36   0.00491673
36 37   0.00491673
36 38   0.00491673
36 39   0.00491673
36 40   0.00491673
37 1   0.00083651
37 2   0.00083651
37 3   0.00083651
37 4   0.00083651
37 5   0.00083651
37 6   0.00083651
37 7   0.00083651
37 8   0.00083651
37 9   0.00083651
37 10   0.00083651
37 11   0.00083651
37 12   0.00083651
37 13   0.00083651
37 14   0.00083651
37 15   0.00083651
37 16   0.00083651
37 17   0.00083651
37 18   0.00083651
37 19   0.00083651
37 20   0.00083651
37 21   0.00083651
37 22   0.00083651
37 23   0.00083651
37 24   0.00083651
37 25   0.00083651
37 26   0.00083651
37 27   0.00083651
37 28   0.00083651
37 29   0.00083651
37 30   0.00083651
37 31   0.00083651
37 32   0.00083651
37 33   0.00083651
37 34   0.00083651
37 35   0.00083651
37 36   0.00083651
37 37   0.00083651
37 38   0.00083651
37 39   0.00083651
37 40   0.00083651
38 1   0.000184903
38 2   0.000184903
38 3   0.000184903
38 4   0.000184903
38 5   0.000184903
38 6   0.000184903
38 7   0.000184903
38 8   0.000184903
38 9   0.000184903
38 10   0.000184903
38 11   0.000184903
38 12   0.000184903
38 13   0.000184903
38 14   0.000184903
38 15   0.000184903
38 16   0.000184903
38 17   0.000184903
38 18   0.000184903
38 19   0.000184903
38 20   0.000184903
38 21   0.000184903
38 22   0.000184903
38 23   0.000184903
38 24   0.000184903
38 25   0.000184903
38 26   0.000184903
38 27   0.000184903
38 28   0.000184903
38 29   0.000184903
38 30   0.000184903
38 31   0.000184903
38 32   0.000184903
38 33   0.000184903
38 34   0.000184903
38 35   0.000184903
38 36   0.000184903
38 37   0.000184903
38 38   0.000184903
38 39   0.000184903
38 40   0.000184903
39 1   0.000107278
39 2   0.000107278
39 3   0.000107278
39 4   0.000107278
39 5   0.000107278
39 6   0.000107278
39 7   0.000107278
39 8   0.000107278
39 9   0.000107278
39 10   0.000107278
39 11   0.000107278
39 12   0.000107278
39 13   0.000107278
39 14   0.000107278
39 15   0.000107278
39 16   0.000107278
39 17   0.000107278
39 18   0.000107278
39 19   0.000107278
39 20   0.000107278
39 21   0.000107278
39 22   0.000107278
39 23   0.000107278
39 24   0.000107278
39 25   0.000107278
39 26   0.000107278
39 27   0.000107278
39 28   0.000107278
39 29   0.000107278
39 30   0.000107278
39 31   0.000107278
39 32   0.000107278
39 33   0.000107278
39 34   0.000107278
39 35   0.000107278
39 36   0.000107278
39 37   0.000107278
39 38   0.000107278
39 39   0.000107278
39 40   0.000107278
40 1   0.00010047
40 2   0.00010047
40 3   0.00010047
40 4   0.00010047
40 5   0.00010047
40 6   0.00010047
40 7   0.00010047
40 8   0.00010047
40 9   0.00010047
40 10   0.00010047
40 11   0.00010047
40 12   0.00010047
40 13   0.00010047
40 14   0.00010047
40 15   0.00010047
40 16   0.00010047
40 17   0.00010047
40 18   0.00010047
40 19   0.00010047
40 20   0.00010047
40 21   0.00010047
40 22   0.00010047
40 23   0.00010047
40 24   0.00010047
40 25   0.00010047
40 26   0.00010047
40 27   0.00010047
40 28   0.00010047
40 29   0.00010047
40 30   0.00010047
40 31   0.00010047
40 32   0.00010047
40 33   0.00010047
40 34   0.00010047
40 35   0.00010047
40 36   0.00010047
40 37   0.00010047
40 38   0.00010047
40 39   0.00010047
40 40   0.00010047
