1 1   0.678792
1 2   0.678792
1 3   0.678792
1 4   0.678792
1 5   0.678792
1 6   0.678792
1 7   0.678792
1 8   0.678792
1 9   0.678792
1 10   0.678792
1 11   0.678792
1 12   0.678792
1 13   0.678792
1 14   0.678792
1 15   0.678792
1 16   0.678792
1 17   0.678792
1 18   0.678792
1 19   0.678792
1 20   0.678792
1 21   0.678792
1 22   0.678792
1 23   0.678792
1 24   0.678792
1 25   0.678792
1 26   0.678792
1 27   0.678792
1 28   0.678792
1 29   0.678792
1 30   0.678792
1 31   0.678792
1 32   0.678792
1 33   0.678792
1 34   0.678792
1 35   0.678792
1 36   0.678792
1 37   0.678792
1 38   0.678792
1 39   0.678792
1 40   0.678792
2 1   0.680552
2 2   0.680552
2 3   0.680552
2 4   0.680552
2 5   0.680552
2 6   0.680552
2 7   0.680552
2 8   0.680552
2 9   0.680552
2 10   0.680552
2 11   0.680552
2 12   0.680552
2 13   0.680552
2 14   0.680552
2 15   0.680552
2 16   0.680552
2 17   0.680552
2 18   0.680552
2 19   0.680552
2 20   0.680552
2 21   0.680552
2 22   0.680552
2 23   0.680552
2 24   0.680552
2 25   0.680552
2 26   0.680552
2 27   0.680552
2 28   0.680552
2 29   0.680552
2 30   0.680552
2 31   0.680552
2 32   0.680552
2 33   0.680552
2 34   0.680552
2 35   0.680552
2 36   0.680552
2 37   0.680552
2 38   0.680552
2 39   0.680552
2 40   0.680552
3 1   0.680473
3 2   0.680473
3 3   0.680473
3 4   0.680473
3 5   0.680473
3 6   0.680473
3 7   0.680473
3 8   0.680473
3 9   0.680473
3 10   0.680473
3 11   0.680473
3 12   0.680473
3 13   0.680473
3 14   0.680473
3 15   0.680473
3 16   0.680473
3 17   0.680473
3 18   0.680473
3 19   0.680473
3 20   0.680473
3 21   0.680473
3 22   0.680473
3 23   0.680473
3 24   0.680473
3 25   0.680473
3 26   0.680473
3 27   0.680473
3 28   0.680473
3 29   0.680473
3 30   0.680473
3 31   0.680473
3 32   0.680473
3 33   0.680473
3 34   0.680473
3 35   0.680473
3 36   0.680473
3 37   0.680473
3 38   0.680473
3 39   0.680473
3 40   0.680473
4 1   0.673907
4 2   0.673907
4 3   0.673907
4 4   0.673907
4 5   0.673907
4 6   0.673907
4 7   0.673907
4 8   0.673907
4 9   0.673907
4 10   0.673907
4 11   0.673907
4 12   0.673907
4 13   0.673907
4 14   0.673907
4 15   0.673907
4 16   0.673907
4 17   0.673907
4 18   0.673907
4 19   0.673907
4 20   0.673907
4 21   0.673907
4 22   0.673907
4 23   0.673907
4 24   0.673907
4 25   0.673907
4 26   0.673907
4 27   0.673907
4 28   0.673907
4 29   0.673907
4 30   0.673907
4 31   0.673907
4 32   0.673907
4 33   0.673907
4 34   0.673907
4 35   0.673907
4 36   0.673907
4 37   0.673907
4 38   0.673907
4 39   0.673907
4 40   0.673907
5 1   0.658026
5 2   0.658026
5 3   0.658026
5 4   0.658026
5 5   0.658026
5 6   0.658026
5 7   0.658026
5 8   0.658026
5 9   0.658026
5 10   0.658026
5 11   0.658026
5 12   0.658026
5 13   0.658026
5 14   0.658026
5 15   0.658026
5 16   0.658026
5 17   0.658026
5 18   0.658026
5 19   0.658026
5 20   0.658026
5 21   0.658026
5 22   0.658026
5 23   0.658026
5 24   0.658026
5 25   0.658026
5 26   0.658026
5 27   0.658026
5 28   0.658026
5 29   0.658026
5 30   0.658026
5 31   0.658026
5 32   0.658026
5 33   0.658026
5 34   0.658026
5 35   0.658026
5 36   0.658026
5 37   0.658026
5 38   0.658026
5 39   0.658026
5 40   0.658026
6 1   0.632901
6 2   0.632901
6 3   0.632901
6 4   0.632901
6 5   0.632901
6 6   0.632901
6 7   0.632901
6 8   0.632901
6 9   0.632901
6 10   0.632901
6 11   0.632901
6 12   0.632901
6 13   0.632901
6 14   0.632901
6 15   0.632901
6 16   0.632901
6 17   0.632901
6 18   0.632901
6 19   0.632901
6 20   0.632901
6 21   0.632901
6 22   0.632901
6 23   0.632901
6 24   0.632901
6 25   0.632901
6 26   0.632901
6 27   0.632901
6 28   0.632901
6 29   0.632901
6 30   0.632901
6 31   0.632901
6 32   0.632901
6 33   0.632901
6 34   0.632901
6 35   0.632901
6 36   0.632901
6 37   0.632901
6 38   0.632901
6 39   0.632901
6 40   0.632901
7 1   0.600762
7 2   0.600762
7 3   0.600762
7 4   0.600762
7 5   0.600762
7 6   0.600762
7 7   0.600762
7 8   0.600762
7 9   0.600762
7 10   0.600762
7 11   0.600762
7 12   0.600762
7 13   0.600762
7 14   0.600762
7 15   0.600762
7 16   0.600762
7 17   0.600762
7 18   0.600762
7 19   0.600762
7 20   0.600762
7 21   0.600762
7 22   0.600762
7 23   0.600762
7 24   0.600762
7 25   0.600762
7 26   0.600762
7 27   0.600762
7 28   0.600762
7 29   0.600762
7 30   0.600762
7 31   0.600762
7 32   0.600762
7 33   0.600762
7 34   0.600762
7 35   0.600762
7 36   0.600762
7 37   0.600762
7 38   0.600762
7 39   0.600762
7 40   0.600762
8 1   0.564994
8 2   0.564994
8 3   0.564994
8 4   0.564994
8 5   0.564994
8 6   0.564994
8 7   0.564994
8 8   0.564994
8 9   0.564994
8 10   0.564994
8 11   0.564994
8 12   0.564994
8 13   0.564994
8 14   0.564994
8 15   0.564994
8 16   0.564994
8 17   0.564994
8 18   0.564994
8 19   0.564994
8 20   0.564994
8 21   0.564994
8 22   0.564994
8 23   0.564994
8 24   0.564994
8 25   0.564994
8 26   0.564994
8 27   0.564994
8 28   0.564994
8 29   0.564994
8 30   0.564994
8 31   0.564994
8 32   0.564994
8 33   0.564994
8 34   0.564994
8 35   0.564994
8 36   0.564994
8 37   0.564994
8 38   0.564994
8 39   0.564994
8 40   0.564994
9 1   0.529873
9 2   0.529873
9 3   0.529873
9 4   0.529873
9 5   0.529873
9 6   0.529873
9 7   0.529873
9 8   0.529873
9 9   0.529873
9 10   0.529873
9 11   0.529873
9 12   0.529873
9 13   0.529873
9 14   0.529873
9 15   0.529873
9 16   0.529873
9 17   0.529873
9 18   0.529873
9 19   0.529873
9 20   0.529873
9 21   0.529873
9 22   0.529873
9 23   0.529873
9 24   0.529873
9 25   0.529873
9 26   0.529873
9 27   0.529873
9 28   0.529873
9 29   0.529873
9 30   0.529873
9 31   0.529873
9 32   0.529873
9 33   0.529873
9 34   0.529873
9 35   0.529873
9 36   0.529873
9 37   0.529873
9 38   0.529873
9 39   0.529873
9 40   0.529873
10 1   0.500555
10 2   0.500555
10 3   0.500555
10 4   0.500555
10 5   0.500555
10 6   0.500555
10 7   0.500555
10 8   0.500555
10 9   0.500555
10 10   0.500555
10 11   0.500555
10 12   0.500555
10 13   0.500555
10 14   0.500555
10 15   0.500555
10 16   0.500555
10 17   0.500555
10 18   0.500555
10 19   0.500555
10 20   0.500555
10 21   0.500555
10 22   0.500555
10 23   0.500555
10 24   0.500555
10 25   0.500555
10 26   0.500555
10 27   0.500555
10 28   0.500555
10 29   0.500555
10 30   0.500555
10 31   0.500555
10 32   0.500555
10 33   0.500555
10 34   0.500555
10 35   0.500555
10 36   0.500555
10 37   0.500555
10 38   0.500555
10 39   0.500555
10 40   0.500555
11 1   0.482161
11 2   0.482161
11 3   0.482161
11 4   0.482161
11 5   0.482161
11 6   0.482161
11 7   0.482161
11 8   0.482161
11 9   0.482161
11 10   0.482161
11 11   0.482161
11 12   0.482161
11 13   0.482161
11 14   0.482161
11 15   0.482161
11 16   0.482161
11 17   0.482161
11 18   0.482161
11 19   0.482161
11 20   0.482161
11 21   0.482161
11 22   0.482161
11 23   0.482161
11 24   0.482161
11 25   0.482161
11 26   0.482161
11 27   0.482161
11 28   0.482161
11 29   0.482161
11 30   0.482161
11 31   0.482161
11 32   0.482161
11 33   0.482161
11 34   0.482161
11 35   0.482161
11 36   0.482161
11 37   0.482161
11 38   0.482161
11 39   0.482161
11 40   0.482161
12 1   0.477697
12 2   0.477697
12 3   0.477697
12 4   0.477697
12 5   0.477697
12 6   0.477697
12 7   0.477697
12 8   0.477697
12 9   0.477697
12 10   0.477697
12 11   0.477697
12 12   0.477697
12 13   0.477697
12 14   0.477697
12 15   0.477697
12 16   0.477697
12 17   0.477697
12 18   0.477697
12 19   0.477697
12 20   0.477697
12 21   0.477697
12 22   0.477697
12 23   0.477697
12 24   0.477697
12 25   0.477697
12 26   0.477697
12 27   0.477697
12 28   0.477697
12 29   0.477697
12 30   0.477697
12 31   0.477697
12 32   0.477697
12 33   0.477697
12 34   0.477697
12 35   0.477697
12 36   0.477697
12 37   0.477697
12 38   0.477697
12 39   0.477697
12 40   0.477697
13 1   0.485911
13 2   0.485911
13 3   0.485911
13 4   0.485911
13 5   0.485911
13 6   0.485911
13 7   0.485911
13 8   0.485911
13 9   0.485911
13 10   0.485911
13 11   0.485911
13 12   0.485911
13 13   0.485911
13 14   0.485911
13 15   0.485911
13 16   0.485911
13 17   0.485911
13 18   0.485911
13 19   0.485911
13 20   0.485911
13 21   0.485911
13 22   0.485911
13 23   0.485911
13 24   0.485911
13 25   0.485911
13 26   0.485911
13 27   0.485911
13 28   0.485911
13 29   0.485911
13 30   0.485911
13 31   0.485911
13 32   0.485911
13 33   0.485911
13 34   0.485911
13 35   0.485911
13 36   0.485911
13 37   0.485911
13 38   0.485911
13 39   0.485911
13 40   0.485911
14 1   0.500828
14 2   0.500828
14 3   0.500828
14 4   0.500828
14 5   0.500828
14 6   0.500828
14 7   0.500828
14 8   0.500828
14 9   0.500828
14 10   0.500828
14 11   0.500828
14 12   0.500828
14 13   0.500828
14 14   0.500828
14 15   0.500828
14 16   0.500828
14 17   0.500828
14 18   0.500828
14 19   0.500828
14 20   0.500828
14 21   0.500828
14 22   0.500828
14 23   0.500828
14 24   0.500828
14 25   0.500828
14 26   0.500828
14 27   0.500828
14 28   0.500828
14 29   0.500828
14 30   0.500828
14 31   0.500828
14 32   0.500828
14 33   0.500828
14 34   0.500828
14 35   0.500828
14 36   0.500828
14 37   0.500828
14 38   0.500828
14 39   0.500828
14 40   0.500828
15 1   0.513984
15 2   0.513984
15 3   0.513984
15 4   0.513984
15 5   0.513984
15 6   0.513984
15 7   0.513984
15 8   0.513984
15 9   0.513984
15 10   0.513984
15 11   0.513984
15 12   0.513984
15 13   0.513984
15 14   0.513984
15 15   0.513984
15 16   0.513984
15 17   0.513984
15 18   0.513984
15 19   0.513984
15 20   0.513984
15 21   0.513984
15 22   0.513984
15 23   0.513984
15 24   0.513984
15 25   0.513984
15 26   0.513984
15 27   0.513984
15 28   0.513984
15 29   0.513984
15 30   0.513984
15 31   0.513984
15 32   0.513984
15 33   0.513984
15 34   0.513984
15 35   0.513984
15 36   0.513984
15 37   0.513984
15 38   0.513984
15 39   0.513984
15 40   0.513984
16 1   0.518469
16 2   0.518469
16 3   0.518469
16 4   0.518469
16 5   0.518469
16 6   0.518469
16 7   0.518469
16 8   0.518469
16 9   0.518469
16 10   0.518469
16 11   0.518469
16 12   0.518469
16 13   0.518469
16 14   0.518469
16 15   0.518469
16 16   0.518469
16 17   0.518469
16 18   0.518469
16 19   0.518469
16 20   0.518469
16 21   0.518469
16 22   0.518469
16 23   0.518469
16 24   0.518469
16 25   0.518469
16 26   0.518469
16 27   0.518469
16 28   0.518469
16 29   0.518469
16 30   0.518469
16 31   0.518469
16 32   0.518469
16 33   0.518469
16 34   0.518469
16 35   0.518469
16 36   0.518469
16 37   0.518469
16 38   0.518469
16 39   0.518469
16 40   0.518469
17 1   0.512476
17 2   0.512476
17 3   0.512476
17 4   0.512476
17 5   0.512476
17 6   0.512476
17 7   0.512476
17 8   0.512476
17 9   0.512476
17 10   0.512476
17 11   0.512476
17 12   0.512476
17 13   0.512476
17 14   0.512476
17 15   0.512476
17 16   0.512476
17 17   0.512476
17 18   0.512476
17 19   0.512476
17 20   0.512476
17 21   0.512476
17 22   0.512476
17 23   0.512476
17 24   0.512476
17 25   0.512476
17 26   0.512476
17 27   0.512476
17 28   0.512476
17 29   0.512476
17 30   0.512476
17 31   0.512476
17 32   0.512476
17 33   0.512476
17 34   0.512476
17 35   0.512476
17 36   0.512476
17 37   0.512476
17 38   0.512476
17 39   0.512476
17 40   0.512476
18 1   0.500203
18 2   0.500203
18 3   0.500203
18 4   0.500203
18 5   0.500203
18 6   0.500203
18 7   0.500203
18 8   0.500203
18 9   0.500203
18 10   0.500203
18 11   0.500203
18 12   0.500203
18 13   0.500203
18 14   0.500203
18 15   0.500203
18 16   0.500203
18 17   0.500203
18 18   0.500203
18 19   0.500203
18 20   0.500203
18 21   0.500203
18 22   0.500203
18 23   0.500203
18 24   0.500203
18 25   0.500203
18 26   0.500203
18 27   0.500203
18 28   0.500203
18 29   0.500203
18 30   0.500203
18 31   0.500203
18 32   0.500203
18 33   0.500203
18 34   0.500203
18 35   0.500203
18 36   0.500203
18 37   0.500203
18 38   0.500203
18 39   0.500203
18 40   0.500203
19 1   0.489447
19 2   0.489447
19 3   0.489447
19 4   0.489447
19 5   0.489447
19 6   0.489447
19 7   0.489447
19 8   0.489447
19 9   0.489447
19 10   0.489447
19 11   0.489447
19 12   0.489447
19 13   0.489447
19 14   0.489447
19 15   0.489447
19 16   0.489447
19 17   0.489447
19 18   0.489447
19 19   0.489447
19 20   0.489447
19 21   0.489447
19 22   0.489447
19 23   0.489447
19 24   0.489447
19 25   0.489447
19 26   0.489447
19 27   0.489447
19 28   0.489447
19 29   0.489447
19 30   0.489447
19 31   0.489447
19 32   0.489447
19 33   0.489447
19 34   0.489447
19 35   0.489447
19 36   0.489447
19 37   0.489447
19 38   0.489447
19 39   0.489447
19 40   0.489447
20 1   0.486964
20 2   0.486964
20 3   0.486964
20 4   0.486964
20 5   0.486964
20 6   0.486964
20 7   0.486964
20 8   0.486964
20 9   0.486964
20 10   0.486964
20 11   0.486964
20 12   0.486964
20 13   0.486964
20 14   0.486964
20 15   0.486964
20 16   0.486964
20 17   0.486964
20 18   0.486964
20 19   0.486964
20 20   0.486964
20 21   0.486964
20 22   0.486964
20 23   0.486964
20 24   0.486964
20 25   0.486964
20 26   0.486964
20 27   0.486964
20 28   0.486964
20 29   0.486964
20 30   0.486964
20 31   0.486964
20 32   0.486964
20 33   0.486964
20 34   0.486964
20 35   0.486964
20 36   0.486964
20 37   0.486964
20 38   0.486964
20 39   0.486964
20 40   0.486964
21 1   0.494066
21 2   0.494066
21 3   0.494066
21 4   0.494066
21 5   0.494066
21 6   0.494066
21 7   0.494066
21 8   0.494066
21 9   0.494066
21 10   0.494066
21 11   0.494066
21 12   0.494066
21 13   0.494066
21 14   0.494066
21 15   0.494066
21 16   0.494066
21 17   0.494066
21 18   0.494066
21 19   0.494066
21 20   0.494066
21 21   0.494066
21 22   0.494066
21 23   0.494066
21 24   0.494066
21 25   0.494066
21 26   0.494066
21 27   0.494066
21 28   0.494066
21 29   0.494066
21 30   0.494066
21 31   0.494066
21 32   0.494066
21 33   0.494066
21 34   0.494066
21 35   0.494066
21 36   0.494066
21 37   0.494066
21 38   0.494066
21 39   0.494066
21 40   0.494066
22 1   0.505456
22 2   0.505456
22 3   0.505456
22 4   0.505456
22 5   0.505456
22 6   0.505456
22 7   0.505456
22 8   0.505456
22 9   0.505456
22 10   0.505456
22 11   0.505456
22 12   0.505456
22 13   0.505456
22 14   0.505456
22 15   0.505456
22 16   0.505456
22 17   0.505456
22 18   0.505456
22 19   0.505456
22 20   0.505456
22 21   0.505456
22 22   0.505456
22 23   0.505456
22 24   0.505456
22 25   0.505456
22 26   0.505456
22 27   0.505456
22 28   0.505456
22 29   0.505456
22 30   0.505456
22 31   0.505456
22 32   0.505456
22 33   0.505456
22 34   0.505456
22 35   0.505456
22 36   0.505456
22 37   0.505456
22 38   0.505456
22 39   0.505456
22 40   0.505456
23 1   0.512661
23 2   0.512661
23 3   0.512661
23 4   0.512661
23 5   0.512661
23 6   0.512661
23 7   0.512661
23 8   0.512661
23 9   0.512661
23 10   0.512661
23 11   0.512661
23 12   0.512661
23 13   0.512661
23 14   0.512661
23 15   0.512661
23 16   0.512661
23 17   0.512661
23 18   0.512661
23 19   0.512661
23 20   0.512661
23 21   0.512661
23 22   0.512661
23 23   0.512661
23 24   0.512661
23 25   0.512661
23 26   0.512661
23 27   0.512661
23 28   0.512661
23 29   0.512661
23 30   0.512661
23 31   0.512661
23 32   0.512661
23 33   0.512661
23 34   0.512661
23 35   0.512661
23 36   0.512661
23 37   0.512661
23 38   0.512661
23 39   0.512661
23 40   0.512661
24 1   0.509952
24 2   0.509952
24 3   0.509952
24 4   0.509952
24 5   0.509952
24 6   0.509952
24 7   0.509952
24 8   0.509952
24 9   0.509952
24 10   0.509952
24 11   0.509952
24 12   0.509952
24 13   0.509952
24 14   0.509952
24 15   0.509952
24 16   0.509952
24 17   0.509952
24 18   0.509952
24 19   0.509952
24 20   0.509952
24 21   0.509952
24 22   0.509952
24 23   0.509952
24 24   0.509952
24 25   0.509952
24 26   0.509952
24 27   0.509952
24 28   0.509952
24 29   0.509952
24 30   0.509952
24 31   0.509952
24 32   0.509952
24 33   0.509952
24 34   0.509952
24 35   0.509952
24 36   0.509952
24 37   0.509952
24 38   0.509952
24 39   0.509952
24 40   0.509952
25 1   0.498331
25 2   0.498331
25 3   0.498331
25 4   0.498331
25 5   0.498331
25 6   0.498331
25 7   0.498331
25 8   0.498331
25 9   0.498331
25 10   0.498331
25 11   0.498331
25 12   0.498331
25 13   0.498331
25 14   0.498331
25 15   0.498331
25 16   0.498331
25 17   0.498331
25 18   0.498331
25 19   0.498331
25 20   0.498331
25 21   0.498331
25 22   0.498331
25 23   0.498331
25 24   0.498331
25 25   0.498331
25 26   0.498331
25 27   0.498331
25 28   0.498331
25 29   0.498331
25 30   0.498331
25 31   0.498331
25 32   0.498331
25 33   0.498331
25 34   0.498331
25 35   0.498331
25 36   0.498331
25 37   0.498331
25 38   0.498331
25 39   0.498331
25 40   0.498331
26 1   0.484677
26 2   0.484677
26 3   0.484677
26 4   0.484677
26 5   0.484677
26 6   0.484677
26 7   0.484677
26 8   0.484677
26 9   0.484677
26 10   0.484677
26 11   0.484677
26 12   0.484677
26 13   0.484677
26 14   0.484677
26 15   0.484677
26 16   0.484677
26 17   0.484677
26 18   0.484677
26 19   0.484677
26 20   0.484677
26 21   0.484677
26 22   0.484677
26 23   0.484677
26 24   0.484677
26 25   0.484677
26 26   0.484677
26 27   0.484677
26 28   0.484677
26 29   0.484677
26 30   0.484677
26 31   0.484677
26 32   0.484677
26 33   0.484677
26 34   0.484677
26 35   0.484677
26 36   0.484677
26 37   0.484677
26 38   0.484677
26 39   0.484677
26 40   0.484677
27 1   0.476919
27 2   0.476919
27 3   0.476919
27 4   0.476919
27 5   0.476919
27 6   0.476919
27 7   0.476919
27 8   0.476919
27 9   0.476919
27 10   0.476919
27 11   0.476919
27 12   0.476919
27 13   0.476919
27 14   0.476919
27 15   0.476919
27 16   0.476919
27 17   0.476919
27 18   0.476919
27 19   0.476919
27 20   0.476919
27 21   0.476919
27 22   0.476919
27 23   0.476919
27 24   0.476919
27 25   0.476919
27 26   0.476919
27 27   0.476919
27 28   0.476919
27 29   0.476919
27 30   0.476919
27 31   0.476919
27 32   0.476919
27 33   0.476919
27 34   0.476919
27 35   0.476919
27 36   0.476919
27 37   0.476919
27 38   0.476919
27 39   0.476919
27 40   0.476919
28 1   0.478814
28 2   0.478814
28 3   0.478814
28 4   0.478814
28 5   0.478814
28 6   0.478814
28 7   0.478814
28 8   0.478814
28 9   0.478814
28 10   0.478814
28 11   0.478814
28 12   0.478814
28 13   0.478814
28 14   0.478814
28 15   0.478814
28 16   0.478814
28 17   0.478814
28 18   0.478814
28 19   0.478814
28 20   0.478814
28 21   0.478814
28 22   0.478814
28 23   0.478814
28 24   0.478814
28 25   0.478814
28 26   0.478814
28 27   0.478814
28 28   0.478814
28 29   0.478814
28 30   0.478814
28 31   0.478814
28 32   0.478814
28 33   0.478814
28 34   0.478814
28 35   0.478814
28 36   0.478814
28 37   0.478814
28 38   0.478814
28 39   0.478814
28 40   0.478814
29 1   0.487601
29 2   0.487601
29 3   0.487601
29 4   0.487601
29 5   0.487601
29 6   0.487601
29 7   0.487601
29 8   0.487601
29 9   0.487601
29 10   0.487601
29 11   0.487601
29 12   0.487601
29 13   0.487601
29 14   0.487601
29 15   0.487601
29 16   0.487601
29 17   0.487601
29 18   0.487601
29 19   0.487601
29 20   0.487601
29 21   0.487601
29 22   0.487601
29 23   0.487601
29 24   0.487601
29 25   0.487601
29 26   0.487601
29 27   0.487601
29 28   0.487601
29 29   0.487601
29 30   0.487601
29 31   0.487601
29 32   0.487601
29 33   0.487601
29 34   0.487601
29 35   0.487601
29 36   0.487601
29 37   0.487601
29 38   0.487601
29 39   0.487601
29 40   0.487601
30 1   0.495536
30 2   0.495536
30 3   0.495536
30 4   0.495536
30 5   0.495536
30 6   0.495536
30 7   0.495536
30 8   0.495536
30 9   0.495536
30 10   0.495536
30 11   0.495536
30 12   0.495536
30 13   0.495536
30 14   0.495536
30 15   0.495536
30 16   0.495536
30 17   0.495536
30 18   0.495536
30 19   0.495536
30 20   0.495536
30 21   0.495536
30 22   0.495536
30 23   0.495536
30 24   0.495536
30 25   0.495536
30 26   0.495536
30 27   0.495536
30 28   0.495536
30 29   0.495536
30 30   0.495536
30 31   0.495536
30 32   0.495536
30 33   0.495536
30 34   0.495536
30 35   0.495536
30 36   0.495536
30 37   0.495536
30 38   0.495536
30 39   0.495536
30 40   0.495536
31 1   0.493803
31 2   0.493803
31 3   0.493803
31 4   0.493803
31 5   0.493803
31 6   0.493803
31 7   0.493803
31 8   0.493803
31 9   0.493803
31 10   0.493803
31 11   0.493803
31 12   0.493803
31 13   0.493803
31 14   0.493803
31 15   0.493803
31 16   0.493803
31 17   0.493803
31 18   0.493803
31 19   0.493803
31 20   0.493803
31 21   0.493803
31 22   0.493803
31 23   0.493803
31 24   0.493803
31 25   0.493803
31 26   0.493803
31 27   0.493803
31 28   0.493803
31 29   0.493803
31 30   0.493803
31 31   0.493803
31 32   0.493803
31 33   0.493803
31 34   0.493803
31 35   0.493803
31 36   0.493803
31 37   0.493803
31 38   0.493803
31 39   0.493803
31 40   0.493803
32 1   0.476154
32 2   0.476154
32 3   0.476154
32 4   0.476154
32 5   0.476154
32 6   0.476154
32 7   0.476154
32 8   0.476154
32 9   0.476154
32 10   0.476154
32 11   0.476154
32 12   0.476154
32 13   0.476154
32 14   0.476154
32 15   0.476154
32 16   0.476154
32 17   0.476154
32 18   0.476154
32 19   0.476154
32 20   0.476154
32 21   0.476154
32 22   0.476154
32 23   0.476154
32 24   0.476154
32 25   0.476154
32 26   0.476154
32 27   0.476154
32 28   0.476154
32 29   0.476154
32 30   0.476154
32 31   0.476154
32 32   0.476154
32 33   0.476154
32 34   0.476154
32 35   0.476154
32 36   0.476154
32 37   0.476154
32 38   0.476154
32 39   0.476154
32 40   0.476154
33 1   0.440553
33 2   0.440553
33 3   0.440553
33 4   0.440553
33 5   0.440553
33 6   0.440553
33 7   0.440553
33 8   0.440553
33 9   0.440553
33 10   0.440553
33 11   0.440553
33 12   0.440553
33 13   0.440553
33 14   0.440553
33 15   0.440553
33 16   0.440553
33 17   0.440553
33 18   0.440553
33 19   0.440553
33 20   0.440553
33 21   0.440553
33 22   0.440553
33 23   0.440553
33 24   0.440553
33 25   0.440553
33 26   0.440553
33 27   0.440553
33 28   0.440553
33 29   0.440553
33 30   0.440553
33 31   0.440553
33 32   0.440553
33 33   0.440553
33 34   0.440553
33 35   0.440553
33 36   0.440553
33 37   0.440553
33 38   0.440553
33 39   0.440553
33 40   0.440553
34 1   0.388919
34 2   0.388919
34 3   0.388919
34 4   0.388919
34 5   0.388919
34 6   0.388919
34 7   0.388919
34 8   0.388919
34 9   0.388919
34 10   0.388919
34 11   0.388919
34 12   0.388919
34 13   0.388919
34 14   0.388919
34 15   0.388919
34 16   0.388919
34 17   0.388919
34 18   0.388919
34 19   0.388919
34 20   0.388919
34 21   0.388919
34 22   0.388919
34 23   0.388919
34 24   0.388919
34 25   0.388919
34 26   0.388919
34 27   0.388919
34 28   0.388919
34 29   0.388919
34 30   0.388919
34 31   0.388919
34 32   0.388919
34 33   0.388919
34 34   0.388919
34 35   0.388919
34 36   0.388919
34 37   0.388919
34 38   0.388919
34 39   0.388919
34 40   0.388919
35 1   0.326068
35 2   0.326068
35 3   0.326068
35 4   0.326068
35 5   0.326068
35 6   0.326068
35 7   0.326068
35 8   0.326068
35 9   0.326068
35 10   0.326068
35 11   0.326068
35 12   0.326068
35 13   0.326068
35 14   0.326068
35 15   0.326068
35 16   0.326068
35 17   0.326068
35 18   0.326068
35 19   0.326068
35 20   0.326068
35 21   0.326068
35 22   0.326068
35 23   0.326068
35 24   0.326068
35 25   0.326068
35 26   0.326068
35 27   0.326068
35 28   0.326068
35 29   0.326068
35 30   0.326068
35 31   0.326068
35 32   0.326068
35 33   0.326068
35 34   0.326068
35 35   0.326068
35 36   0.326068
35 37   0.326068
35 38   0.326068
35 39   0.326068
35 40   0.326068
36 1   0.258556
36 2   0.258556
36 3   0.258556
36 4   0.258556
36 5   0.258556
36 6   0.258556
36 7   0.258556
36 8   0.258556
36 9   0.258556
36 10   0.258556
36 11   0.258556
36 12   0.258556
36 13   0.258556
36 14   0.258556
36 15   0.258556
36 16   0.258556
36 17   0.258556
36 18   0.258556
36 19   0.258556
36 20   0.258556
36 21   0.258556
36 22   0.258556
36 23   0.258556
36 24   0.258556
36 25   0.258556
36 26   0.258556
36 27   0.258556
36 28   0.258556
36 29   0.258556
36 30   0.258556
36 31   0.258556
36 32   0.258556
36 33   0.258556
36 34   0.258556
36 35   0.258556
36 36   0.258556
36 37   0.258556
36 38   0.258556
36 39   0.258556
36 40   0.258556
37 1   0.19357
37 2   0.19357
37 3   0.19357
37 4   0.19357
37 5   0.19357
37 6   0.19357
37 7   0.19357
37 8   0.19357
37 9   0.19357
37 10   0.19357
37 11   0.19357
37 12   0.19357
37 13   0.19357
37 14   0.19357
37 15   0.19357
37 16   0.19357
37 17   0.19357
37 18   0.19357
37 19   0.19357
37 20   0.19357
37 21   0.19357
37 22   0.19357
37 23   0.19357
37 24   0.19357
37 25   0.19357
37 26   0.19357
37 27   0.19357
37 28   0.19357
37 29   0.19357
37 30   0.19357
37 31   0.19357
37 32   0.19357
37 33   0.19357
37 34   0.19357
37 35   0.19357
37 36   0.19357
37 37   0.19357
37 38   0.19357
37 39   0.19357
37 40   0.19357
38 1   0.137952
38 2   0.137952
38 3   0.137952
38 4   0.137952
38 5   0.137952
38 6   0.137952
38 7   0.137952
38 8   0.137952
38 9   0.137952
38 10   0.137952
38 11   0.137952
38 12   0.137952
38 13   0.137952
38 14   0.137952
38 15   0.137952
38 16   0.137952
38 17   0.137952
38 18   0.137952
38 19   0.137952
38 20   0.137952
38 21   0.137952
38 22   0.137952
38 23   0.137952
38 24   0.137952
38 25   0.137952
38 26   0.137952
38 27   0.137952
38 28   0.137952
38 29   0.137952
38 30   0.137952
38 31   0.137952
38 32   0.137952
38 33   0.137952
38 34   0.137952
38 35   0.137952
38 36   0.137952
38 37   0.137952
38 38   0.137952
38 39   0.137952
38 40   0.137952
39 1   0.0974306
39 2   0.0974306
39 3   0.0974306
39 4   0.0974306
39 5   0.0974306
39 6   0.0974306
39 7   0.0974306
39 8   0.0974306
39 9   0.0974306
39 10   0.0974306
39 11   0.0974306
39 12   0.0974306
39 13   0.0974306
39 14   0.0974306
39 15   0.0974306
39 16   0.0974306
39 17   0.0974306
39 18   0.0974306
39 19   0.0974306
39 20   0.0974306
39 21   0.0974306
39 22   0.0974306
39 23   0.0974306
39 24   0.0974306
39 25   0.0974306
39 26   0.0974306
39 27   0.0974306
39 28   0.0974306
39 29   0.0974306
39 30   0.0974306
39 31   0.0974306
39 32   0.0974306
39 33   0.0974306
39 34   0.0974306
39 35   0.0974306
39 36   0.0974306
39 37   0.0974306
39 38   0.0974306
39 39   0.0974306
39 40   0.0974306
40 1   0.0761047
40 2   0.0761047
40 3   0.0761047
40 4   0.0761047
40 5   0.0761047
40 6   0.0761047
40 7   0.0761047
40 8   0.0761047
40 9   0.0761047
40 10   0.0761047
40 11   0.0761047
40 12   0.0761047
40 13   0.0761047
40 14   0.0761047
40 15   0.0761047
40 16   0.0761047
40 17   0.0761047
40 18   0.0761047
40 19   0.0761047
40 20   0.0761047
40 21   0.0761047
40 22   0.0761047
40 23   0.0761047
40 24   0.0761047
40 25   0.0761047
40 26   0.0761047
40 27   0.0761047
40 28   0.0761047
40 29   0.0761047
40 30   0.0761047
40 31   0.0761047
40 32   0.0761047
40 33   0.0761047
40 34   0.0761047
40 35   0.0761047
40 36   0.0761047
40 37   0.0761047
40 38   0.0761047
40 39   0.0761047
40 40   0.0761047
