1 1   -0.002935
1 2   -0.002935
1 3   -0.002935
1 4   -0.002935
1 5   -0.002935
1 6   -0.002935
1 7   -0.002935
1 8   -0.002935
1 9   -0.002935
1 10   -0.002935
1 11   -0.002935
1 12   -0.002935
1 13   -0.002935
1 14   -0.002935
1 15   -0.002935
1 16   -0.002935
1 17   -0.002935
1 18   -0.002935
1 19   -0.002935
1 20   -0.002935
1 21   -0.002935
1 22   -0.002935
1 23   -0.002935
1 24   -0.002935
1 25   -0.002935
1 26   -0.002935
1 27   -0.002935
1 28   -0.002935
1 29   -0.002935
1 30   -0.002935
1 31   -0.002935
1 32   -0.002935
1 33   -0.002935
1 34   -0.002935
1 35   -0.002935
1 36   -0.002935
1 37   -0.002935
1 38   -0.002935
1 39   -0.002935
1 40   -0.002935
2 1   0.00407502
2 2   0.00407502
2 3   0.00407502
2 4   0.00407502
2 5   0.00407502
2 6   0.00407502
2 7   0.00407502
2 8   0.00407502
2 9   0.00407502
2 10   0.00407502
2 11   0.00407502
2 12   0.00407502
2 13   0.00407502
2 14   0.00407502
2 15   0.00407502
2 16   0.00407502
2 17   0.00407502
2 18   0.00407502
2 19   0.00407502
2 20   0.00407502
2 21   0.00407502
2 22   0.00407502
2 23   0.00407502
2 24   0.00407502
2 25   0.00407502
2 26   0.00407502
2 27   0.00407502
2 28   0.00407502
2 29   0.00407502
2 30   0.00407502
2 31   0.00407502
2 32   0.00407502
2 33   0.00407502
2 34   0.00407502
2 35   0.00407502
2 36   0.00407502
2 37   0.00407502
2 38   0.00407502
2 39   0.00407502
2 40   0.00407502
3 1   0.00945851
3 2   0.00945851
3 3   0.00945851
3 4   0.00945851
3 5   0.00945851
3 6   0.00945851
3 7   0.00945851
3 8   0.00945851
3 9   0.00945851
3 10   0.00945851
3 11   0.00945851
3 12   0.00945851
3 13   0.00945851
3 14   0.00945851
3 15   0.00945851
3 16   0.00945851
3 17   0.00945851
3 18   0.00945851
3 19   0.00945851
3 20   0.00945851
3 21   0.00945851
3 22   0.00945851
3 23   0.00945851
3 24   0.00945851
3 25   0.00945851
3 26   0.00945851
3 27   0.00945851
3 28   0.00945851
3 29   0.00945851
3 30   0.00945851
3 31   0.00945851
3 32   0.00945851
3 33   0.00945851
3 34   0.00945851
3 35   0.00945851
3 36   0.00945851
3 37   0.00945851
3 38   0.00945851
3 39   0.00945851
3 40   0.00945851
4 1   0.00846568
4 2   0.00846568
4 3   0.00846568
4 4   0.00846568
4 5   0.00846568
4 6   0.00846568
4 7   0.00846568
4 8   0.00846568
4 9   0.00846568
4 10   0.00846568
4 11   0.00846568
4 12   0.00846568
4 13   0.00846568
4 14   0.00846568
4 15   0.00846568
4 16   0.00846568
4 17   0.00846568
4 18   0.00846568
4 19   0.00846568
4 20   0.00846568
4 21   0.00846568
4 22   0.00846568
4 23   0.00846568
4 24   0.00846568
4 25   0.00846568
4 26   0.00846568
4 27   0.00846568
4 28   0.00846568
4 29   0.00846568
4 30   0.00846568
4 31   0.00846568
4 32   0.00846568
4 33   0.00846568
4 34   0.00846568
4 35   0.00846568
4 36   0.00846568
4 37   0.00846568
4 38   0.00846568
4 39   0.00846568
4 40   0.00846568
5 1   0.00781572
5 2   0.00781572
5 3   0.00781572
5 4   0.00781572
5 5   0.00781572
5 6   0.00781572
5 7   0.00781572
5 8   0.00781572
5 9   0.00781572
5 10   0.00781572
5 11   0.00781572
5 12   0.00781572
5 13   0.00781572
5 14   0.00781572
5 15   0.00781572
5 16   0.00781572
5 17   0.00781572
5 18   0.00781572
5 19   0.00781572
5 20   0.00781572
5 21   0.00781572
5 22   0.00781572
5 23   0.00781572
5 24   0.00781572
5 25   0.00781572
5 26   0.00781572
5 27   0.00781572
5 28   0.00781572
5 29   0.00781572
5 30   0.00781572
5 31   0.00781572
5 32   0.00781572
5 33   0.00781572
5 34   0.00781572
5 35   0.00781572
5 36   0.00781572
5 37   0.00781572
5 38   0.00781572
5 39   0.00781572
5 40   0.00781572
6 1   0.0178105
6 2   0.0178105
6 3   0.0178105
6 4   0.0178105
6 5   0.0178105
6 6   0.0178105
6 7   0.0178105
6 8   0.0178105
6 9   0.0178105
6 10   0.0178105
6 11   0.0178105
6 12   0.0178105
6 13   0.0178105
6 14   0.0178105
6 15   0.0178105
6 16   0.0178105
6 17   0.0178105
6 18   0.0178105
6 19   0.0178105
6 20   0.0178105
6 21   0.0178105
6 22   0.0178105
6 23   0.0178105
6 24   0.0178105
6 25   0.0178105
6 26   0.0178105
6 27   0.0178105
6 28   0.0178105
6 29   0.0178105
6 30   0.0178105
6 31   0.0178105
6 32   0.0178105
6 33   0.0178105
6 34   0.0178105
6 35   0.0178105
6 36   0.0178105
6 37   0.0178105
6 38   0.0178105
6 39   0.0178105
6 40   0.0178105
7 1   0.0402343
7 2   0.0402343
7 3   0.0402343
7 4   0.0402343
7 5   0.0402343
7 6   0.0402343
7 7   0.0402343
7 8   0.0402343
7 9   0.0402343
7 10   0.0402343
7 11   0.0402343
7 12   0.0402343
7 13   0.0402343
7 14   0.0402343
7 15   0.0402343
7 16   0.0402343
7 17   0.0402343
7 18   0.0402343
7 19   0.0402343
7 20   0.0402343
7 21   0.0402343
7 22   0.0402343
7 23   0.0402343
7 24   0.0402343
7 25   0.0402343
7 26   0.0402343
7 27   0.0402343
7 28   0.0402343
7 29   0.0402343
7 30   0.0402343
7 31   0.0402343
7 32   0.0402343
7 33   0.0402343
7 34   0.0402343
7 35   0.0402343
7 36   0.0402343
7 37   0.0402343
7 38   0.0402343
7 39   0.0402343
7 40   0.0402343
8 1   0.0691203
8 2   0.0691203
8 3   0.0691203
8 4   0.0691203
8 5   0.0691203
8 6   0.0691203
8 7   0.0691203
8 8   0.0691203
8 9   0.0691203
8 10   0.0691203
8 11   0.0691203
8 12   0.0691203
8 13   0.0691203
8 14   0.0691203
8 15   0.0691203
8 16   0.0691203
8 17   0.0691203
8 18   0.0691203
8 19   0.0691203
8 20   0.0691203
8 21   0.0691203
8 22   0.0691203
8 23   0.0691203
8 24   0.0691203
8 25   0.0691203
8 26   0.0691203
8 27   0.0691203
8 28   0.0691203
8 29   0.0691203
8 30   0.0691203
8 31   0.0691203
8 32   0.0691203
8 33   0.0691203
8 34   0.0691203
8 35   0.0691203
8 36   0.0691203
8 37   0.0691203
8 38   0.0691203
8 39   0.0691203
8 40   0.0691203
9 1   0.101808
9 2   0.101808
9 3   0.101808
9 4   0.101808
9 5   0.101808
9 6   0.101808
9 7   0.101808
9 8   0.101808
9 9   0.101808
9 10   0.101808
9 11   0.101808
9 12   0.101808
9 13   0.101808
9 14   0.101808
9 15   0.101808
9 16   0.101808
9 17   0.101808
9 18   0.101808
9 19   0.101808
9 20   0.101808
9 21   0.101808
9 22   0.101808
9 23   0.101808
9 24   0.101808
9 25   0.101808
9 26   0.101808
9 27   0.101808
9 28   0.101808
9 29   0.101808
9 30   0.101808
9 31   0.101808
9 32   0.101808
9 33   0.101808
9 34   0.101808
9 35   0.101808
9 36   0.101808
9 37   0.101808
9 38   0.101808
9 39   0.101808
9 40   0.101808
10 1   0.143142
10 2   0.143142
10 3   0.143142
10 4   0.143142
10 5   0.143142
10 6   0.143142
10 7   0.143142
10 8   0.143142
10 9   0.143142
10 10   0.143142
10 11   0.143142
10 12   0.143142
10 13   0.143142
10 14   0.143142
10 15   0.143142
10 16   0.143142
10 17   0.143142
10 18   0.143142
10 19   0.143142
10 20   0.143142
10 21   0.143142
10 22   0.143142
10 23   0.143142
10 24   0.143142
10 25   0.143142
10 26   0.143142
10 27   0.143142
10 28   0.143142
10 29   0.143142
10 30   0.143142
10 31   0.143142
10 32   0.143142
10 33   0.143142
10 34   0.143142
10 35   0.143142
10 36   0.143142
10 37   0.143142
10 38   0.143142
10 39   0.143142
10 40   0.143142
11 1   0.200364
11 2   0.200364
11 3   0.200364
11 4   0.200364
11 5   0.200364
11 6   0.200364
11 7   0.200364
11 8   0.200364
11 9   0.200364
11 10   0.200364
11 11   0.200364
11 12   0.200364
11 13   0.200364
11 14   0.200364
11 15   0.200364
11 16   0.200364
11 17   0.200364
11 18   0.200364
11 19   0.200364
11 20   0.200364
11 21   0.200364
11 22   0.200364
11 23   0.200364
11 24   0.200364
11 25   0.200364
11 26   0.200364
11 27   0.200364
11 28   0.200364
11 29   0.200364
11 30   0.200364
11 31   0.200364
11 32   0.200364
11 33   0.200364
11 34   0.200364
11 35   0.200364
11 36   0.200364
11 37   0.200364
11 38   0.200364
11 39   0.200364
11 40   0.200364
12 1   0.277153
12 2   0.277153
12 3   0.277153
12 4   0.277153
12 5   0.277153
12 6   0.277153
12 7   0.277153
12 8   0.277153
12 9   0.277153
12 10   0.277153
12 11   0.277153
12 12   0.277153
12 13   0.277153
12 14   0.277153
12 15   0.277153
12 16   0.277153
12 17   0.277153
12 18   0.277153
12 19   0.277153
12 20   0.277153
12 21   0.277153
12 22   0.277153
12 23   0.277153
12 24   0.277153
12 25   0.277153
12 26   0.277153
12 27   0.277153
12 28   0.277153
12 29   0.277153
12 30   0.277153
12 31   0.277153
12 32   0.277153
12 33   0.277153
12 34   0.277153
12 35   0.277153
12 36   0.277153
12 37   0.277153
12 38   0.277153
12 39   0.277153
12 40   0.277153
13 1   0.367867
13 2   0.367867
13 3   0.367867
13 4   0.367867
13 5   0.367867
13 6   0.367867
13 7   0.367867
13 8   0.367867
13 9   0.367867
13 10   0.367867
13 11   0.367867
13 12   0.367867
13 13   0.367867
13 14   0.367867
13 15   0.367867
13 16   0.367867
13 17   0.367867
13 18   0.367867
13 19   0.367867
13 20   0.367867
13 21   0.367867
13 22   0.367867
13 23   0.367867
13 24   0.367867
13 25   0.367867
13 26   0.367867
13 27   0.367867
13 28   0.367867
13 29   0.367867
13 30   0.367867
13 31   0.367867
13 32   0.367867
13 33   0.367867
13 34   0.367867
13 35   0.367867
13 36   0.367867
13 37   0.367867
13 38   0.367867
13 39   0.367867
13 40   0.367867
14 1   0.455964
14 2   0.455964
14 3   0.455964
14 4   0.455964
14 5   0.455964
14 6   0.455964
14 7   0.455964
14 8   0.455964
14 9   0.455964
14 10   0.455964
14 11   0.455964
14 12   0.455964
14 13   0.455964
14 14   0.455964
14 15   0.455964
14 16   0.455964
14 17   0.455964
14 18   0.455964
14 19   0.455964
14 20   0.455964
14 21   0.455964
14 22   0.455964
14 23   0.455964
14 24   0.455964
14 25   0.455964
14 26   0.455964
14 27   0.455964
14 28   0.455964
14 29   0.455964
14 30   0.455964
14 31   0.455964
14 32   0.455964
14 33   0.455964
14 34   0.455964
14 35   0.455964
14 36   0.455964
14 37   0.455964
14 38   0.455964
14 39   0.455964
14 40   0.455964
15 1   0.521504
15 2   0.521504
15 3   0.521504
15 4   0.521504
15 5   0.521504
15 6   0.521504
15 7   0.521504
15 8   0.521504
15 9   0.521504
15 10   0.521504
15 11   0.521504
15 12   0.521504
15 13   0.521504
15 14   0.521504
15 15   0.521504
15 16   0.521504
15 17   0.521504
15 18   0.521504
15 19   0.521504
15 20   0.521504
15 21   0.521504
15 22   0.521504
15 23   0.521504
15 24   0.521504
15 25   0.521504
15 26   0.521504
15 27   0.521504
15 28   0.521504
15 29   0.521504
15 30   0.521504
15 31   0.521504
15 32   0.521504
15 33   0.521504
15 34   0.521504
15 35   0.521504
15 36   0.521504
15 37   0.521504
15 38   0.521504
15 39   0.521504
15 40   0.521504
16 1   0.553426
16 2   0.553426
16 3   0.553426
16 4   0.553426
16 5   0.553426
16 6   0.553426
16 7   0.553426
16 8   0.553426
16 9   0.553426
16 10   0.553426
16 11   0.553426
16 12   0.553426
16 13   0.553426
16 14   0.553426
16 15   0.553426
16 16   0.553426
16 17   0.553426
16 18   0.553426
16 19   0.553426
16 20   0.553426
16 21   0.553426
16 22   0.553426
16 23   0.553426
16 24   0.553426
16 25   0.553426
16 26   0.553426
16 27   0.553426
16 28   0.553426
16 29   0.553426
16 30   0.553426
16 31   0.553426
16 32   0.553426
16 33   0.553426
16 34   0.553426
16 35   0.553426
16 36   0.553426
16 37   0.553426
16 38   0.553426
16 39   0.553426
16 40   0.553426
17 1   0.555309
17 2   0.555309
17 3   0.555309
17 4   0.555309
17 5   0.555309
17 6   0.555309
17 7   0.555309
17 8   0.555309
17 9   0.555309
17 10   0.555309
17 11   0.555309
17 12   0.555309
17 13   0.555309
17 14   0.555309
17 15   0.555309
17 16   0.555309
17 17   0.555309
17 18   0.555309
17 19   0.555309
17 20   0.555309
17 21   0.555309
17 22   0.555309
17 23   0.555309
17 24   0.555309
17 25   0.555309
17 26   0.555309
17 27   0.555309
17 28   0.555309
17 29   0.555309
17 30   0.555309
17 31   0.555309
17 32   0.555309
17 33   0.555309
17 34   0.555309
17 35   0.555309
17 36   0.555309
17 37   0.555309
17 38   0.555309
17 39   0.555309
17 40   0.555309
18 1   0.540427
18 2   0.540427
18 3   0.540427
18 4   0.540427
18 5   0.540427
18 6   0.540427
18 7   0.540427
18 8   0.540427
18 9   0.540427
18 10   0.540427
18 11   0.540427
18 12   0.540427
18 13   0.540427
18 14   0.540427
18 15   0.540427
18 16   0.540427
18 17   0.540427
18 18   0.540427
18 19   0.540427
18 20   0.540427
18 21   0.540427
18 22   0.540427
18 23   0.540427
18 24   0.540427
18 25   0.540427
18 26   0.540427
18 27   0.540427
18 28   0.540427
18 29   0.540427
18 30   0.540427
18 31   0.540427
18 32   0.540427
18 33   0.540427
18 34   0.540427
18 35   0.540427
18 36   0.540427
18 37   0.540427
18 38   0.540427
18 39   0.540427
18 40   0.540427
19 1   0.522615
19 2   0.522615
19 3   0.522615
19 4   0.522615
19 5   0.522615
19 6   0.522615
19 7   0.522615
19 8   0.522615
19 9   0.522615
19 10   0.522615
19 11   0.522615
19 12   0.522615
19 13   0.522615
19 14   0.522615
19 15   0.522615
19 16   0.522615
19 17   0.522615
19 18   0.522615
19 19   0.522615
19 20   0.522615
19 21   0.522615
19 22   0.522615
19 23   0.522615
19 24   0.522615
19 25   0.522615
19 26   0.522615
19 27   0.522615
19 28   0.522615
19 29   0.522615
19 30   0.522615
19 31   0.522615
19 32   0.522615
19 33   0.522615
19 34   0.522615
19 35   0.522615
19 36   0.522615
19 37   0.522615
19 38   0.522615
19 39   0.522615
19 40   0.522615
20 1   0.509798
20 2   0.509798
20 3   0.509798
20 4   0.509798
20 5   0.509798
20 6   0.509798
20 7   0.509798
20 8   0.509798
20 9   0.509798
20 10   0.509798
20 11   0.509798
20 12   0.509798
20 13   0.509798
20 14   0.509798
20 15   0.509798
20 16   0.509798
20 17   0.509798
20 18   0.509798
20 19   0.509798
20 20   0.509798
20 21   0.509798
20 22   0.509798
20 23   0.509798
20 24   0.509798
20 25   0.509798
20 26   0.509798
20 27   0.509798
20 28   0.509798
20 29   0.509798
20 30   0.509798
20 31   0.509798
20 32   0.509798
20 33   0.509798
20 34   0.509798
20 35   0.509798
20 36   0.509798
20 37   0.509798
20 38   0.509798
20 39   0.509798
20 40   0.509798
21 1   0.502671
21 2   0.502671
21 3   0.502671
21 4   0.502671
21 5   0.502671
21 6   0.502671
21 7   0.502671
21 8   0.502671
21 9   0.502671
21 10   0.502671
21 11   0.502671
21 12   0.502671
21 13   0.502671
21 14   0.502671
21 15   0.502671
21 16   0.502671
21 17   0.502671
21 18   0.502671
21 19   0.502671
21 20   0.502671
21 21   0.502671
21 22   0.502671
21 23   0.502671
21 24   0.502671
21 25   0.502671
21 26   0.502671
21 27   0.502671
21 28   0.502671
21 29   0.502671
21 30   0.502671
21 31   0.502671
21 32   0.502671
21 33   0.502671
21 34   0.502671
21 35   0.502671
21 36   0.502671
21 37   0.502671
21 38   0.502671
21 39   0.502671
21 40   0.502671
22 1   0.497621
22 2   0.497621
22 3   0.497621
22 4   0.497621
22 5   0.497621
22 6   0.497621
22 7   0.497621
22 8   0.497621
22 9   0.497621
22 10   0.497621
22 11   0.497621
22 12   0.497621
22 13   0.497621
22 14   0.497621
22 15   0.497621
22 16   0.497621
22 17   0.497621
22 18   0.497621
22 19   0.497621
22 20   0.497621
22 21   0.497621
22 22   0.497621
22 23   0.497621
22 24   0.497621
22 25   0.497621
22 26   0.497621
22 27   0.497621
22 28   0.497621
22 29   0.497621
22 30   0.497621
22 31   0.497621
22 32   0.497621
22 33   0.497621
22 34   0.497621
22 35   0.497621
22 36   0.497621
22 37   0.497621
22 38   0.497621
22 39   0.497621
22 40   0.497621
23 1   0.490133
23 2   0.490133
23 3   0.490133
23 4   0.490133
23 5   0.490133
23 6   0.490133
23 7   0.490133
23 8   0.490133
23 9   0.490133
23 10   0.490133
23 11   0.490133
23 12   0.490133
23 13   0.490133
23 14   0.490133
23 15   0.490133
23 16   0.490133
23 17   0.490133
23 18   0.490133
23 19   0.490133
23 20   0.490133
23 21   0.490133
23 22   0.490133
23 23   0.490133
23 24   0.490133
23 25   0.490133
23 26   0.490133
23 27   0.490133
23 28   0.490133
23 29   0.490133
23 30   0.490133
23 31   0.490133
23 32   0.490133
23 33   0.490133
23 34   0.490133
23 35   0.490133
23 36   0.490133
23 37   0.490133
23 38   0.490133
23 39   0.490133
23 40   0.490133
24 1   0.477228
24 2   0.477228
24 3   0.477228
24 4   0.477228
24 5   0.477228
24 6   0.477228
24 7   0.477228
24 8   0.477228
24 9   0.477228
24 10   0.477228
24 11   0.477228
24 12   0.477228
24 13   0.477228
24 14   0.477228
24 15   0.477228
24 16   0.477228
24 17   0.477228
24 18   0.477228
24 19   0.477228
24 20   0.477228
24 21   0.477228
24 22   0.477228
24 23   0.477228
24 24   0.477228
24 25   0.477228
24 26   0.477228
24 27   0.477228
24 28   0.477228
24 29   0.477228
24 30   0.477228
24 31   0.477228
24 32   0.477228
24 33   0.477228
24 34   0.477228
24 35   0.477228
24 36   0.477228
24 37   0.477228
24 38   0.477228
24 39   0.477228
24 40   0.477228
25 1   0.459863
25 2   0.459863
25 3   0.459863
25 4   0.459863
25 5   0.459863
25 6   0.459863
25 7   0.459863
25 8   0.459863
25 9   0.459863
25 10   0.459863
25 11   0.459863
25 12   0.459863
25 13   0.459863
25 14   0.459863
25 15   0.459863
25 16   0.459863
25 17   0.459863
25 18   0.459863
25 19   0.459863
25 20   0.459863
25 21   0.459863
25 22   0.459863
25 23   0.459863
25 24   0.459863
25 25   0.459863
25 26   0.459863
25 27   0.459863
25 28   0.459863
25 29   0.459863
25 30   0.459863
25 31   0.459863
25 32   0.459863
25 33   0.459863
25 34   0.459863
25 35   0.459863
25 36   0.459863
25 37   0.459863
25 38   0.459863
25 39   0.459863
25 40   0.459863
26 1   0.445125
26 2   0.445125
26 3   0.445125
26 4   0.445125
26 5   0.445125
26 6   0.445125
26 7   0.445125
26 8   0.445125
26 9   0.445125
26 10   0.445125
26 11   0.445125
26 12   0.445125
26 13   0.445125
26 14   0.445125
26 15   0.445125
26 16   0.445125
26 17   0.445125
26 18   0.445125
26 19   0.445125
26 20   0.445125
26 21   0.445125
26 22   0.445125
26 23   0.445125
26 24   0.445125
26 25   0.445125
26 26   0.445125
26 27   0.445125
26 28   0.445125
26 29   0.445125
26 30   0.445125
26 31   0.445125
26 32   0.445125
26 33   0.445125
26 34   0.445125
26 35   0.445125
26 36   0.445125
26 37   0.445125
26 38   0.445125
26 39   0.445125
26 40   0.445125
27 1   0.446481
27 2   0.446481
27 3   0.446481
27 4   0.446481
27 5   0.446481
27 6   0.446481
27 7   0.446481
27 8   0.446481
27 9   0.446481
27 10   0.446481
27 11   0.446481
27 12   0.446481
27 13   0.446481
27 14   0.446481
27 15   0.446481
27 16   0.446481
27 17   0.446481
27 18   0.446481
27 19   0.446481
27 20   0.446481
27 21   0.446481
27 22   0.446481
27 23   0.446481
27 24   0.446481
27 25   0.446481
27 26   0.446481
27 27   0.446481
27 28   0.446481
27 29   0.446481
27 30   0.446481
27 31   0.446481
27 32   0.446481
27 33   0.446481
27 34   0.446481
27 35   0.446481
27 36   0.446481
27 37   0.446481
27 38   0.446481
27 39   0.446481
27 40   0.446481
28 1   0.478133
28 2   0.478133
28 3   0.478133
28 4   0.478133
28 5   0.478133
28 6   0.478133
28 7   0.478133
28 8   0.478133
28 9   0.478133
28 10   0.478133
28 11   0.478133
28 12   0.478133
28 13   0.478133
28 14   0.478133
28 15   0.478133
28 16   0.478133
28 17   0.478133
28 18   0.478133
28 19   0.478133
28 20   0.478133
28 21   0.478133
28 22   0.478133
28 23   0.478133
28 24   0.478133
28 25   0.478133
28 26   0.478133
28 27   0.478133
28 28   0.478133
28 29   0.478133
28 30   0.478133
28 31   0.478133
28 32   0.478133
28 33   0.478133
28 34   0.478133
28 35   0.478133
28 36   0.478133
28 37   0.478133
28 38   0.478133
28 39   0.478133
28 40   0.478133
29 1   0.54429
29 2   0.54429
29 3   0.54429
29 4   0.54429
29 5   0.54429
29 6   0.54429
29 7   0.54429
29 8   0.54429
29 9   0.54429
29 10   0.54429
29 11   0.54429
29 12   0.54429
29 13   0.54429
29 14   0.54429
29 15   0.54429
29 16   0.54429
29 17   0.54429
29 18   0.54429
29 19   0.54429
29 20   0.54429
29 21   0.54429
29 22   0.54429
29 23   0.54429
29 24   0.54429
29 25   0.54429
29 26   0.54429
29 27   0.54429
29 28   0.54429
29 29   0.54429
29 30   0.54429
29 31   0.54429
29 32   0.54429
29 33   0.54429
29 34   0.54429
29 35   0.54429
29 36   0.54429
29 37   0.54429
29 38   0.54429
29 39   0.54429
29 40   0.54429
30 1   0.632888
30 2   0.632888
30 3   0.632888
30 4   0.632888
30 5   0.632888
30 6   0.632888
30 7   0.632888
30 8   0.632888
30 9   0.632888
30 10   0.632888
30 11   0.632888
30 12   0.632888
30 13   0.632888
30 14   0.632888
30 15   0.632888
30 16   0.632888
30 17   0.632888
30 18   0.632888
30 19   0.632888
30 20   0.632888
30 21   0.632888
30 22   0.632888
30 23   0.632888
30 24   0.632888
30 25   0.632888
30 26   0.632888
30 27   0.632888
30 28   0.632888
30 29   0.632888
30 30   0.632888
30 31   0.632888
30 32   0.632888
30 33   0.632888
30 34   0.632888
30 35   0.632888
30 36   0.632888
30 37   0.632888
30 38   0.632888
30 39   0.632888
30 40   0.632888
31 1   0.722887
31 2   0.722887
31 3   0.722887
31 4   0.722887
31 5   0.722887
31 6   0.722887
31 7   0.722887
31 8   0.722887
31 9   0.722887
31 10   0.722887
31 11   0.722887
31 12   0.722887
31 13   0.722887
31 14   0.722887
31 15   0.722887
31 16   0.722887
31 17   0.722887
31 18   0.722887
31 19   0.722887
31 20   0.722887
31 21   0.722887
31 22   0.722887
31 23   0.722887
31 24   0.722887
31 25   0.722887
31 26   0.722887
31 27   0.722887
31 28   0.722887
31 29   0.722887
31 30   0.722887
31 31   0.722887
31 32   0.722887
31 33   0.722887
31 34   0.722887
31 35   0.722887
31 36   0.722887
31 37   0.722887
31 38   0.722887
31 39   0.722887
31 40   0.722887
32 1   0.798906
32 2   0.798906
32 3   0.798906
32 4   0.798906
32 5   0.798906
32 6   0.798906
32 7   0.798906
32 8   0.798906
32 9   0.798906
32 10   0.798906
32 11   0.798906
32 12   0.798906
32 13   0.798906
32 14   0.798906
32 15   0.798906
32 16   0.798906
32 17   0.798906
32 18   0.798906
32 19   0.798906
32 20   0.798906
32 21   0.798906
32 22   0.798906
32 23   0.798906
32 24   0.798906
32 25   0.798906
32 26   0.798906
32 27   0.798906
32 28   0.798906
32 29   0.798906
32 30   0.798906
32 31   0.798906
32 32   0.798906
32 33   0.798906
32 34   0.798906
32 35   0.798906
32 36   0.798906
32 37   0.798906
32 38   0.798906
32 39   0.798906
32 40   0.798906
33 1   0.856744
33 2   0.856744
33 3   0.856744
33 4   0.856744
33 5   0.856744
33 6   0.856744
33 7   0.856744
33 8   0.856744
33 9   0.856744
33 10   0.856744
33 11   0.856744
33 12   0.856744
33 13   0.856744
33 14   0.856744
33 15   0.856744
33 16   0.856744
33 17   0.856744
33 18   0.856744
33 19   0.856744
33 20   0.856744
33 21   0.856744
33 22   0.856744
33 23   0.856744
33 24   0.856744
33 25   0.856744
33 26   0.856744
33 27   0.856744
33 28   0.856744
33 29   0.856744
33 30   0.856744
33 31   0.856744
33 32   0.856744
33 33   0.856744
33 34   0.856744
33 35   0.856744
33 36   0.856744
33 37   0.856744
33 38   0.856744
33 39   0.856744
33 40   0.856744
34 1   0.899182
34 2   0.899182
34 3   0.899182
34 4   0.899182
34 5   0.899182
34 6   0.899182
34 7   0.899182
34 8   0.899182
34 9   0.899182
34 10   0.899182
34 11   0.899182
34 12   0.899182
34 13   0.899182
34 14   0.899182
34 15   0.899182
34 16   0.899182
34 17   0.899182
34 18   0.899182
34 19   0.899182
34 20   0.899182
34 21   0.899182
34 22   0.899182
34 23   0.899182
34 24   0.899182
34 25   0.899182
34 26   0.899182
34 27   0.899182
34 28   0.899182
34 29   0.899182
34 30   0.899182
34 31   0.899182
34 32   0.899182
34 33   0.899182
34 34   0.899182
34 35   0.899182
34 36   0.899182
34 37   0.899182
34 38   0.899182
34 39   0.899182
34 40   0.899182
35 1   0.931691
35 2   0.931691
35 3   0.931691
35 4   0.931691
35 5   0.931691
35 6   0.931691
35 7   0.931691
35 8   0.931691
35 9   0.931691
35 10   0.931691
35 11   0.931691
35 12   0.931691
35 13   0.931691
35 14   0.931691
35 15   0.931691
35 16   0.931691
35 17   0.931691
35 18   0.931691
35 19   0.931691
35 20   0.931691
35 21   0.931691
35 22   0.931691
35 23   0.931691
35 24   0.931691
35 25   0.931691
35 26   0.931691
35 27   0.931691
35 28   0.931691
35 29   0.931691
35 30   0.931691
35 31   0.931691
35 32   0.931691
35 33   0.931691
35 34   0.931691
35 35   0.931691
35 36   0.931691
35 37   0.931691
35 38   0.931691
35 39   0.931691
35 40   0.931691
36 1   0.959017
36 2   0.959017
36 3   0.959017
36 4   0.959017
36 5   0.959017
36 6   0.959017
36 7   0.959017
36 8   0.959017
36 9   0.959017
36 10   0.959017
36 11   0.959017
36 12   0.959017
36 13   0.959017
36 14   0.959017
36 15   0.959017
36 16   0.959017
36 17   0.959017
36 18   0.959017
36 19   0.959017
36 20   0.959017
36 21   0.959017
36 22   0.959017
36 23   0.959017
36 24   0.959017
36 25   0.959017
36 26   0.959017
36 27   0.959017
36 28   0.959017
36 29   0.959017
36 30   0.959017
36 31   0.959017
36 32   0.959017
36 33   0.959017
36 34   0.959017
36 35   0.959017
36 36   0.959017
36 37   0.959017
36 38   0.959017
36 39   0.959017
36 40   0.959017
37 1   0.980598
37 2   0.980598
37 3   0.980598
37 4   0.980598
37 5   0.980598
37 6   0.980598
37 7   0.980598
37 8   0.980598
37 9   0.980598
37 10   0.980598
37 11   0.980598
37 12   0.980598
37 13   0.980598
37 14   0.980598
37 15   0.980598
37 16   0.980598
37 17   0.980598
37 18   0.980598
37 19   0.980598
37 20   0.980598
37 21   0.980598
37 22   0.980598
37 23   0.980598
37 24   0.980598
37 25   0.980598
37 26   0.980598
37 27   0.980598
37 28   0.980598
37 29   0.980598
37 30   0.980598
37 31   0.980598
37 32   0.980598
37 33   0.980598
37 34   0.980598
37 35   0.980598
37 36   0.980598
37 37   0.980598
37 38   0.980598
37 39   0.980598
37 40   0.980598
38 1   0.991981
38 2   0.991981
38 3   0.991981
38 4   0.991981
38 5   0.991981
38 6   0.991981
38 7   0.991981
38 8   0.991981
38 9   0.991981
38 10   0.991981
38 11   0.991981
38 12   0.991981
38 13   0.991981
38 14   0.991981
38 15   0.991981
38 16   0.991981
38 17   0.991981
38 18   0.991981
38 19   0.991981
38 20   0.991981
38 21   0.991981
38 22   0.991981
38 23   0.991981
38 24   0.991981
38 25   0.991981
38 26   0.991981
38 27   0.991981
38 28   0.991981
38 29   0.991981
38 30   0.991981
38 31   0.991981
38 32   0.991981
38 33   0.991981
38 34   0.991981
38 35   0.991981
38 36   0.991981
38 37   0.991981
38 38   0.991981
38 39   0.991981
38 40   0.991981
39 1   0.992996
39 2   0.992996
39 3   0.992996
39 4   0.992996
39 5   0.992996
39 6   0.992996
39 7   0.992996
39 8   0.992996
39 9   0.992996
39 10   0.992996
39 11   0.992996
39 12   0.992996
39 13   0.992996
39 14   0.992996
39 15   0.992996
39 16   0.992996
39 17   0.992996
39 18   0.992996
39 19   0.992996
39 20   0.992996
39 21   0.992996
39 22   0.992996
39 23   0.992996
39 24   0.992996
39 25   0.992996
39 26   0.992996
39 27   0.992996
39 28   0.992996
39 29   0.992996
39 30   0.992996
39 31   0.992996
39 32   0.992996
39 33   0.992996
39 34   0.992996
39 35   0.992996
39 36   0.992996
39 37   0.992996
39 38   0.992996
39 39   0.992996
39 40   0.992996
40 1   0.990244
40 2   0.990244
40 3   0.990244
40 4   0.990244
40 5   0.990244
40 6   0.990244
40 7   0.990244
40 8   0.990244
40 9   0.990244
40 10   0.990244
40 11   0.990244
40 12   0.990244
40 13   0.990244
40 14   0.990244
40 15   0.990244
40 16   0.990244
40 17   0.990244
40 18   0.990244
40 19   0.990244
40 20   0.990244
40 21   0.990244
40 22   0.990244
40 23   0.990244
40 24   0.990244
40 25   0.990244
40 26   0.990244
40 27   0.990244
40 28   0.990244
40 29   0.990244
40 30   0.990244
40 31   0.990244
40 32   0.990244
40 33   0.990244
40 34   0.990244
40 35   0.990244
40 36   0.990244
40 37   0.990244
40 38   0.990244
40 39   0.990244
40 40   0.990244
