1 1   -0.000109128
1 2   -0.000109128
1 3   -0.000109128
1 4   -0.000109128
1 5   -0.000109128
1 6   -0.000109128
1 7   -0.000109128
1 8   -0.000109128
1 9   -0.000109128
1 10   -0.000109128
1 11   -0.000109128
1 12   -0.000109128
1 13   -0.000109128
1 14   -0.000109128
1 15   -0.000109128
1 16   -0.000109128
1 17   -0.000109128
1 18   -0.000109128
1 19   -0.000109128
1 20   -0.000109128
1 21   -0.000109128
1 22   -0.000109128
1 23   -0.000109128
1 24   -0.000109128
1 25   -0.000109128
1 26   -0.000109128
1 27   -0.000109128
1 28   -0.000109128
1 29   -0.000109128
1 30   -0.000109128
1 31   -0.000109128
1 32   -0.000109128
1 33   -0.000109128
1 34   -0.000109128
1 35   -0.000109128
1 36   -0.000109128
1 37   -0.000109128
1 38   -0.000109128
1 39   -0.000109128
1 40   -0.000109128
2 1   0.00227585
2 2   0.00227585
2 3   0.00227585
2 4   0.00227585
2 5   0.00227585
2 6   0.00227585
2 7   0.00227585
2 8   0.00227585
2 9   0.00227585
2 10   0.00227585
2 11   0.00227585
2 12   0.00227585
2 13   0.00227585
2 14   0.00227585
2 15   0.00227585
2 16   0.00227585
2 17   0.00227585
2 18   0.00227585
2 19   0.00227585
2 20   0.00227585
2 21   0.00227585
2 22   0.00227585
2 23   0.00227585
2 24   0.00227585
2 25   0.00227585
2 26   0.00227585
2 27   0.00227585
2 28   0.00227585
2 29   0.00227585
2 30   0.00227585
2 31   0.00227585
2 32   0.00227585
2 33   0.00227585
2 34   0.00227585
2 35   0.00227585
2 36   0.00227585
2 37   0.00227585
2 38   0.00227585
2 39   0.00227585
2 40   0.00227585
3 1   0.00256007
3 2   0.00256007
3 3   0.00256007
3 4   0.00256007
3 5   0.00256007
3 6   0.00256007
3 7   0.00256007
3 8   0.00256007
3 9   0.00256007
3 10   0.00256007
3 11   0.00256007
3 12   0.00256007
3 13   0.00256007
3 14   0.00256007
3 15   0.00256007
3 16   0.00256007
3 17   0.00256007
3 18   0.00256007
3 19   0.00256007
3 20   0.00256007
3 21   0.00256007
3 22   0.00256007
3 23   0.00256007
3 24   0.00256007
3 25   0.00256007
3 26   0.00256007
3 27   0.00256007
3 28   0.00256007
3 29   0.00256007
3 30   0.00256007
3 31   0.00256007
3 32   0.00256007
3 33   0.00256007
3 34   0.00256007
3 35   0.00256007
3 36   0.00256007
3 37   0.00256007
3 38   0.00256007
3 39   0.00256007
3 40   0.00256007
4 1   0.00794562
4 2   0.00794562
4 3   0.00794562
4 4   0.00794562
4 5   0.00794562
4 6   0.00794562
4 7   0.00794562
4 8   0.00794562
4 9   0.00794562
4 10   0.00794562
4 11   0.00794562
4 12   0.00794562
4 13   0.00794562
4 14   0.00794562
4 15   0.00794562
4 16   0.00794562
4 17   0.00794562
4 18   0.00794562
4 19   0.00794562
4 20   0.00794562
4 21   0.00794562
4 22   0.00794562
4 23   0.00794562
4 24   0.00794562
4 25   0.00794562
4 26   0.00794562
4 27   0.00794562
4 28   0.00794562
4 29   0.00794562
4 30   0.00794562
4 31   0.00794562
4 32   0.00794562
4 33   0.00794562
4 34   0.00794562
4 35   0.00794562
4 36   0.00794562
4 37   0.00794562
4 38   0.00794562
4 39   0.00794562
4 40   0.00794562
5 1   0.0248945
5 2   0.0248945
5 3   0.0248945
5 4   0.0248945
5 5   0.0248945
5 6   0.0248945
5 7   0.0248945
5 8   0.0248945
5 9   0.0248945
5 10   0.0248945
5 11   0.0248945
5 12   0.0248945
5 13   0.0248945
5 14   0.0248945
5 15   0.0248945
5 16   0.0248945
5 17   0.0248945
5 18   0.0248945
5 19   0.0248945
5 20   0.0248945
5 21   0.0248945
5 22   0.0248945
5 23   0.0248945
5 24   0.0248945
5 25   0.0248945
5 26   0.0248945
5 27   0.0248945
5 28   0.0248945
5 29   0.0248945
5 30   0.0248945
5 31   0.0248945
5 32   0.0248945
5 33   0.0248945
5 34   0.0248945
5 35   0.0248945
5 36   0.0248945
5 37   0.0248945
5 38   0.0248945
5 39   0.0248945
5 40   0.0248945
6 1   0.0514246
6 2   0.0514246
6 3   0.0514246
6 4   0.0514246
6 5   0.0514246
6 6   0.0514246
6 7   0.0514246
6 8   0.0514246
6 9   0.0514246
6 10   0.0514246
6 11   0.0514246
6 12   0.0514246
6 13   0.0514246
6 14   0.0514246
6 15   0.0514246
6 16   0.0514246
6 17   0.0514246
6 18   0.0514246
6 19   0.0514246
6 20   0.0514246
6 21   0.0514246
6 22   0.0514246
6 23   0.0514246
6 24   0.0514246
6 25   0.0514246
6 26   0.0514246
6 27   0.0514246
6 28   0.0514246
6 29   0.0514246
6 30   0.0514246
6 31   0.0514246
6 32   0.0514246
6 33   0.0514246
6 34   0.0514246
6 35   0.0514246
6 36   0.0514246
6 37   0.0514246
6 38   0.0514246
6 39   0.0514246
6 40   0.0514246
7 1   0.108745
7 2   0.108745
7 3   0.108745
7 4   0.108745
7 5   0.108745
7 6   0.108745
7 7   0.108745
7 8   0.108745
7 9   0.108745
7 10   0.108745
7 11   0.108745
7 12   0.108745
7 13   0.108745
7 14   0.108745
7 15   0.108745
7 16   0.108745
7 17   0.108745
7 18   0.108745
7 19   0.108745
7 20   0.108745
7 21   0.108745
7 22   0.108745
7 23   0.108745
7 24   0.108745
7 25   0.108745
7 26   0.108745
7 27   0.108745
7 28   0.108745
7 29   0.108745
7 30   0.108745
7 31   0.108745
7 32   0.108745
7 33   0.108745
7 34   0.108745
7 35   0.108745
7 36   0.108745
7 37   0.108745
7 38   0.108745
7 39   0.108745
7 40   0.108745
8 1   0.210161
8 2   0.210161
8 3   0.210161
8 4   0.210161
8 5   0.210161
8 6   0.210161
8 7   0.210161
8 8   0.210161
8 9   0.210161
8 10   0.210161
8 11   0.210161
8 12   0.210161
8 13   0.210161
8 14   0.210161
8 15   0.210161
8 16   0.210161
8 17   0.210161
8 18   0.210161
8 19   0.210161
8 20   0.210161
8 21   0.210161
8 22   0.210161
8 23   0.210161
8 24   0.210161
8 25   0.210161
8 26   0.210161
8 27   0.210161
8 28   0.210161
8 29   0.210161
8 30   0.210161
8 31   0.210161
8 32   0.210161
8 33   0.210161
8 34   0.210161
8 35   0.210161
8 36   0.210161
8 37   0.210161
8 38   0.210161
8 39   0.210161
8 40   0.210161
9 1   0.32397
9 2   0.32397
9 3   0.32397
9 4   0.32397
9 5   0.32397
9 6   0.32397
9 7   0.32397
9 8   0.32397
9 9   0.32397
9 10   0.32397
9 11   0.32397
9 12   0.32397
9 13   0.32397
9 14   0.32397
9 15   0.32397
9 16   0.32397
9 17   0.32397
9 18   0.32397
9 19   0.32397
9 20   0.32397
9 21   0.32397
9 22   0.32397
9 23   0.32397
9 24   0.32397
9 25   0.32397
9 26   0.32397
9 27   0.32397
9 28   0.32397
9 29   0.32397
9 30   0.32397
9 31   0.32397
9 32   0.32397
9 33   0.32397
9 34   0.32397
9 35   0.32397
9 36   0.32397
9 37   0.32397
9 38   0.32397
9 39   0.32397
9 40   0.32397
10 1   0.475401
10 2   0.475401
10 3   0.475401
10 4   0.475401
10 5   0.475401
10 6   0.475401
10 7   0.475401
10 8   0.475401
10 9   0.475401
10 10   0.475401
10 11   0.475401
10 12   0.475401
10 13   0.475401
10 14   0.475401
10 15   0.475401
10 16   0.475401
10 17   0.475401
10 18   0.475401
10 19   0.475401
10 20   0.475401
10 21   0.475401
10 22   0.475401
10 23   0.475401
10 24   0.475401
10 25   0.475401
10 26   0.475401
10 27   0.475401
10 28   0.475401
10 29   0.475401
10 30   0.475401
10 31   0.475401
10 32   0.475401
10 33   0.475401
10 34   0.475401
10 35   0.475401
10 36   0.475401
10 37   0.475401
10 38   0.475401
10 39   0.475401
10 40   0.475401
11 1   0.571495
11 2   0.571495
11 3   0.571495
11 4   0.571495
11 5   0.571495
11 6   0.571495
11 7   0.571495
11 8   0.571495
11 9   0.571495
11 10   0.571495
11 11   0.571495
11 12   0.571495
11 13   0.571495
11 14   0.571495
11 15   0.571495
11 16   0.571495
11 17   0.571495
11 18   0.571495
11 19   0.571495
11 20   0.571495
11 21   0.571495
11 22   0.571495
11 23   0.571495
11 24   0.571495
11 25   0.571495
11 26   0.571495
11 27   0.571495
11 28   0.571495
11 29   0.571495
11 30   0.571495
11 31   0.571495
11 32   0.571495
11 33   0.571495
11 34   0.571495
11 35   0.571495
11 36   0.571495
11 37   0.571495
11 38   0.571495
11 39   0.571495
11 40   0.571495
12 1   0.58307
12 2   0.58307
12 3   0.58307
12 4   0.58307
12 5   0.58307
12 6   0.58307
12 7   0.58307
12 8   0.58307
12 9   0.58307
12 10   0.58307
12 11   0.58307
12 12   0.58307
12 13   0.58307
12 14   0.58307
12 15   0.58307
12 16   0.58307
12 17   0.58307
12 18   0.58307
12 19   0.58307
12 20   0.58307
12 21   0.58307
12 22   0.58307
12 23   0.58307
12 24   0.58307
12 25   0.58307
12 26   0.58307
12 27   0.58307
12 28   0.58307
12 29   0.58307
12 30   0.58307
12 31   0.58307
12 32   0.58307
12 33   0.58307
12 34   0.58307
12 35   0.58307
12 36   0.58307
12 37   0.58307
12 38   0.58307
12 39   0.58307
12 40   0.58307
13 1   0.543046
13 2   0.543046
13 3   0.543046
13 4   0.543046
13 5   0.543046
13 6   0.543046
13 7   0.543046
13 8   0.543046
13 9   0.543046
13 10   0.543046
13 11   0.543046
13 12   0.543046
13 13   0.543046
13 14   0.543046
13 15   0.543046
13 16   0.543046
13 17   0.543046
13 18   0.543046
13 19   0.543046
13 20   0.543046
13 21   0.543046
13 22   0.543046
13 23   0.543046
13 24   0.543046
13 25   0.543046
13 26   0.543046
13 27   0.543046
13 28   0.543046
13 29   0.543046
13 30   0.543046
13 31   0.543046
13 32   0.543046
13 33   0.543046
13 34   0.543046
13 35   0.543046
13 36   0.543046
13 37   0.543046
13 38   0.543046
13 39   0.543046
13 40   0.543046
14 1   0.46482
14 2   0.46482
14 3   0.46482
14 4   0.46482
14 5   0.46482
14 6   0.46482
14 7   0.46482
14 8   0.46482
14 9   0.46482
14 10   0.46482
14 11   0.46482
14 12   0.46482
14 13   0.46482
14 14   0.46482
14 15   0.46482
14 16   0.46482
14 17   0.46482
14 18   0.46482
14 19   0.46482
14 20   0.46482
14 21   0.46482
14 22   0.46482
14 23   0.46482
14 24   0.46482
14 25   0.46482
14 26   0.46482
14 27   0.46482
14 28   0.46482
14 29   0.46482
14 30   0.46482
14 31   0.46482
14 32   0.46482
14 33   0.46482
14 34   0.46482
14 35   0.46482
14 36   0.46482
14 37   0.46482
14 38   0.46482
14 39   0.46482
14 40   0.46482
15 1   0.443017
15 2   0.443017
15 3   0.443017
15 4   0.443017
15 5   0.443017
15 6   0.443017
15 7   0.443017
15 8   0.443017
15 9   0.443017
15 10   0.443017
15 11   0.443017
15 12   0.443017
15 13   0.443017
15 14   0.443017
15 15   0.443017
15 16   0.443017
15 17   0.443017
15 18   0.443017
15 19   0.443017
15 20   0.443017
15 21   0.443017
15 22   0.443017
15 23   0.443017
15 24   0.443017
15 25   0.443017
15 26   0.443017
15 27   0.443017
15 28   0.443017
15 29   0.443017
15 30   0.443017
15 31   0.443017
15 32   0.443017
15 33   0.443017
15 34   0.443017
15 35   0.443017
15 36   0.443017
15 37   0.443017
15 38   0.443017
15 39   0.443017
15 40   0.443017
16 1   0.504235
16 2   0.504235
16 3   0.504235
16 4   0.504235
16 5   0.504235
16 6   0.504235
16 7   0.504235
16 8   0.504235
16 9   0.504235
16 10   0.504235
16 11   0.504235
16 12   0.504235
16 13   0.504235
16 14   0.504235
16 15   0.504235
16 16   0.504235
16 17   0.504235
16 18   0.504235
16 19   0.504235
16 20   0.504235
16 21   0.504235
16 22   0.504235
16 23   0.504235
16 24   0.504235
16 25   0.504235
16 26   0.504235
16 27   0.504235
16 28   0.504235
16 29   0.504235
16 30   0.504235
16 31   0.504235
16 32   0.504235
16 33   0.504235
16 34   0.504235
16 35   0.504235
16 36   0.504235
16 37   0.504235
16 38   0.504235
16 39   0.504235
16 40   0.504235
17 1   0.544866
17 2   0.544866
17 3   0.544866
17 4   0.544866
17 5   0.544866
17 6   0.544866
17 7   0.544866
17 8   0.544866
17 9   0.544866
17 10   0.544866
17 11   0.544866
17 12   0.544866
17 13   0.544866
17 14   0.544866
17 15   0.544866
17 16   0.544866
17 17   0.544866
17 18   0.544866
17 19   0.544866
17 20   0.544866
17 21   0.544866
17 22   0.544866
17 23   0.544866
17 24   0.544866
17 25   0.544866
17 26   0.544866
17 27   0.544866
17 28   0.544866
17 29   0.544866
17 30   0.544866
17 31   0.544866
17 32   0.544866
17 33   0.544866
17 34   0.544866
17 35   0.544866
17 36   0.544866
17 37   0.544866
17 38   0.544866
17 39   0.544866
17 40   0.544866
18 1   0.495975
18 2   0.495975
18 3   0.495975
18 4   0.495975
18 5   0.495975
18 6   0.495975
18 7   0.495975
18 8   0.495975
18 9   0.495975
18 10   0.495975
18 11   0.495975
18 12   0.495975
18 13   0.495975
18 14   0.495975
18 15   0.495975
18 16   0.495975
18 17   0.495975
18 18   0.495975
18 19   0.495975
18 20   0.495975
18 21   0.495975
18 22   0.495975
18 23   0.495975
18 24   0.495975
18 25   0.495975
18 26   0.495975
18 27   0.495975
18 28   0.495975
18 29   0.495975
18 30   0.495975
18 31   0.495975
18 32   0.495975
18 33   0.495975
18 34   0.495975
18 35   0.495975
18 36   0.495975
18 37   0.495975
18 38   0.495975
18 39   0.495975
18 40   0.495975
19 1   0.476953
19 2   0.476953
19 3   0.476953
19 4   0.476953
19 5   0.476953
19 6   0.476953
19 7   0.476953
19 8   0.476953
19 9   0.476953
19 10   0.476953
19 11   0.476953
19 12   0.476953
19 13   0.476953
19 14   0.476953
19 15   0.476953
19 16   0.476953
19 17   0.476953
19 18   0.476953
19 19   0.476953
19 20   0.476953
19 21   0.476953
19 22   0.476953
19 23   0.476953
19 24   0.476953
19 25   0.476953
19 26   0.476953
19 27   0.476953
19 28   0.476953
19 29   0.476953
19 30   0.476953
19 31   0.476953
19 32   0.476953
19 33   0.476953
19 34   0.476953
19 35   0.476953
19 36   0.476953
19 37   0.476953
19 38   0.476953
19 39   0.476953
19 40   0.476953
20 1   0.503692
20 2   0.503692
20 3   0.503692
20 4   0.503692
20 5   0.503692
20 6   0.503692
20 7   0.503692
20 8   0.503692
20 9   0.503692
20 10   0.503692
20 11   0.503692
20 12   0.503692
20 13   0.503692
20 14   0.503692
20 15   0.503692
20 16   0.503692
20 17   0.503692
20 18   0.503692
20 19   0.503692
20 20   0.503692
20 21   0.503692
20 22   0.503692
20 23   0.503692
20 24   0.503692
20 25   0.503692
20 26   0.503692
20 27   0.503692
20 28   0.503692
20 29   0.503692
20 30   0.503692
20 31   0.503692
20 32   0.503692
20 33   0.503692
20 34   0.503692
20 35   0.503692
20 36   0.503692
20 37   0.503692
20 38   0.503692
20 39   0.503692
20 40   0.503692
21 1   0.515717
21 2   0.515717
21 3   0.515717
21 4   0.515717
21 5   0.515717
21 6   0.515717
21 7   0.515717
21 8   0.515717
21 9   0.515717
21 10   0.515717
21 11   0.515717
21 12   0.515717
21 13   0.515717
21 14   0.515717
21 15   0.515717
21 16   0.515717
21 17   0.515717
21 18   0.515717
21 19   0.515717
21 20   0.515717
21 21   0.515717
21 22   0.515717
21 23   0.515717
21 24   0.515717
21 25   0.515717
21 26   0.515717
21 27   0.515717
21 28   0.515717
21 29   0.515717
21 30   0.515717
21 31   0.515717
21 32   0.515717
21 33   0.515717
21 34   0.515717
21 35   0.515717
21 36   0.515717
21 37   0.515717
21 38   0.515717
21 39   0.515717
21 40   0.515717
22 1   0.484466
22 2   0.484466
22 3   0.484466
22 4   0.484466
22 5   0.484466
22 6   0.484466
22 7   0.484466
22 8   0.484466
22 9   0.484466
22 10   0.484466
22 11   0.484466
22 12   0.484466
22 13   0.484466
22 14   0.484466
22 15   0.484466
22 16   0.484466
22 17   0.484466
22 18   0.484466
22 19   0.484466
22 20   0.484466
22 21   0.484466
22 22   0.484466
22 23   0.484466
22 24   0.484466
22 25   0.484466
22 26   0.484466
22 27   0.484466
22 28   0.484466
22 29   0.484466
22 30   0.484466
22 31   0.484466
22 32   0.484466
22 33   0.484466
22 34   0.484466
22 35   0.484466
22 36   0.484466
22 37   0.484466
22 38   0.484466
22 39   0.484466
22 40   0.484466
23 1   0.496148
23 2   0.496148
23 3   0.496148
23 4   0.496148
23 5   0.496148
23 6   0.496148
23 7   0.496148
23 8   0.496148
23 9   0.496148
23 10   0.496148
23 11   0.496148
23 12   0.496148
23 13   0.496148
23 14   0.496148
23 15   0.496148
23 16   0.496148
23 17   0.496148
23 18   0.496148
23 19   0.496148
23 20   0.496148
23 21   0.496148
23 22   0.496148
23 23   0.496148
23 24   0.496148
23 25   0.496148
23 26   0.496148
23 27   0.496148
23 28   0.496148
23 29   0.496148
23 30   0.496148
23 31   0.496148
23 32   0.496148
23 33   0.496148
23 34   0.496148
23 35   0.496148
23 36   0.496148
23 37   0.496148
23 38   0.496148
23 39   0.496148
23 40   0.496148
24 1   0.52362
24 2   0.52362
24 3   0.52362
24 4   0.52362
24 5   0.52362
24 6   0.52362
24 7   0.52362
24 8   0.52362
24 9   0.52362
24 10   0.52362
24 11   0.52362
24 12   0.52362
24 13   0.52362
24 14   0.52362
24 15   0.52362
24 16   0.52362
24 17   0.52362
24 18   0.52362
24 19   0.52362
24 20   0.52362
24 21   0.52362
24 22   0.52362
24 23   0.52362
24 24   0.52362
24 25   0.52362
24 26   0.52362
24 27   0.52362
24 28   0.52362
24 29   0.52362
24 30   0.52362
24 31   0.52362
24 32   0.52362
24 33   0.52362
24 34   0.52362
24 35   0.52362
24 36   0.52362
24 37   0.52362
24 38   0.52362
24 39   0.52362
24 40   0.52362
25 1   0.503381
25 2   0.503381
25 3   0.503381
25 4   0.503381
25 5   0.503381
25 6   0.503381
25 7   0.503381
25 8   0.503381
25 9   0.503381
25 10   0.503381
25 11   0.503381
25 12   0.503381
25 13   0.503381
25 14   0.503381
25 15   0.503381
25 16   0.503381
25 17   0.503381
25 18   0.503381
25 19   0.503381
25 20   0.503381
25 21   0.503381
25 22   0.503381
25 23   0.503381
25 24   0.503381
25 25   0.503381
25 26   0.503381
25 27   0.503381
25 28   0.503381
25 29   0.503381
25 30   0.503381
25 31   0.503381
25 32   0.503381
25 33   0.503381
25 34   0.503381
25 35   0.503381
25 36   0.503381
25 37   0.503381
25 38   0.503381
25 39   0.503381
25 40   0.503381
26 1   0.456322
26 2   0.456322
26 3   0.456322
26 4   0.456322
26 5   0.456322
26 6   0.456322
26 7   0.456322
26 8   0.456322
26 9   0.456322
26 10   0.456322
26 11   0.456322
26 12   0.456322
26 13   0.456322
26 14   0.456322
26 15   0.456322
26 16   0.456322
26 17   0.456322
26 18   0.456322
26 19   0.456322
26 20   0.456322
26 21   0.456322
26 22   0.456322
26 23   0.456322
26 24   0.456322
26 25   0.456322
26 26   0.456322
26 27   0.456322
26 28   0.456322
26 29   0.456322
26 30   0.456322
26 31   0.456322
26 32   0.456322
26 33   0.456322
26 34   0.456322
26 35   0.456322
26 36   0.456322
26 37   0.456322
26 38   0.456322
26 39   0.456322
26 40   0.456322
27 1   0.494357
27 2   0.494357
27 3   0.494357
27 4   0.494357
27 5   0.494357
27 6   0.494357
27 7   0.494357
27 8   0.494357
27 9   0.494357
27 10   0.494357
27 11   0.494357
27 12   0.494357
27 13   0.494357
27 14   0.494357
27 15   0.494357
27 16   0.494357
27 17   0.494357
27 18   0.494357
27 19   0.494357
27 20   0.494357
27 21   0.494357
27 22   0.494357
27 23   0.494357
27 24   0.494357
27 25   0.494357
27 26   0.494357
27 27   0.494357
27 28   0.494357
27 29   0.494357
27 30   0.494357
27 31   0.494357
27 32   0.494357
27 33   0.494357
27 34   0.494357
27 35   0.494357
27 36   0.494357
27 37   0.494357
27 38   0.494357
27 39   0.494357
27 40   0.494357
28 1   0.559067
28 2   0.559067
28 3   0.559067
28 4   0.559067
28 5   0.559067
28 6   0.559067
28 7   0.559067
28 8   0.559067
28 9   0.559067
28 10   0.559067
28 11   0.559067
28 12   0.559067
28 13   0.559067
28 14   0.559067
28 15   0.559067
28 16   0.559067
28 17   0.559067
28 18   0.559067
28 19   0.559067
28 20   0.559067
28 21   0.559067
28 22   0.559067
28 23   0.559067
28 24   0.559067
28 25   0.559067
28 26   0.559067
28 27   0.559067
28 28   0.559067
28 29   0.559067
28 30   0.559067
28 31   0.559067
28 32   0.559067
28 33   0.559067
28 34   0.559067
28 35   0.559067
28 36   0.559067
28 37   0.559067
28 38   0.559067
28 39   0.559067
28 40   0.559067
29 1   0.532815
29 2   0.532815
29 3   0.532815
29 4   0.532815
29 5   0.532815
29 6   0.532815
29 7   0.532815
29 8   0.532815
29 9   0.532815
29 10   0.532815
29 11   0.532815
29 12   0.532815
29 13   0.532815
29 14   0.532815
29 15   0.532815
29 16   0.532815
29 17   0.532815
29 18   0.532815
29 19   0.532815
29 20   0.532815
29 21   0.532815
29 22   0.532815
29 23   0.532815
29 24   0.532815
29 25   0.532815
29 26   0.532815
29 27   0.532815
29 28   0.532815
29 29   0.532815
29 30   0.532815
29 31   0.532815
29 32   0.532815
29 33   0.532815
29 34   0.532815
29 35   0.532815
29 36   0.532815
29 37   0.532815
29 38   0.532815
29 39   0.532815
29 40   0.532815
30 1   0.459921
30 2   0.459921
30 3   0.459921
30 4   0.459921
30 5   0.459921
30 6   0.459921
30 7   0.459921
30 8   0.459921
30 9   0.459921
30 10   0.459921
30 11   0.459921
30 12   0.459921
30 13   0.459921
30 14   0.459921
30 15   0.459921
30 16   0.459921
30 17   0.459921
30 18   0.459921
30 19   0.459921
30 20   0.459921
30 21   0.459921
30 22   0.459921
30 23   0.459921
30 24   0.459921
30 25   0.459921
30 26   0.459921
30 27   0.459921
30 28   0.459921
30 29   0.459921
30 30   0.459921
30 31   0.459921
30 32   0.459921
30 33   0.459921
30 34   0.459921
30 35   0.459921
30 36   0.459921
30 37   0.459921
30 38   0.459921
30 39   0.459921
30 40   0.459921
31 1   0.413967
31 2   0.413967
31 3   0.413967
31 4   0.413967
31 5   0.413967
31 6   0.413967
31 7   0.413967
31 8   0.413967
31 9   0.413967
31 10   0.413967
31 11   0.413967
31 12   0.413967
31 13   0.413967
31 14   0.413967
31 15   0.413967
31 16   0.413967
31 17   0.413967
31 18   0.413967
31 19   0.413967
31 20   0.413967
31 21   0.413967
31 22   0.413967
31 23   0.413967
31 24   0.413967
31 25   0.413967
31 26   0.413967
31 27   0.413967
31 28   0.413967
31 29   0.413967
31 30   0.413967
31 31   0.413967
31 32   0.413967
31 33   0.413967
31 34   0.413967
31 35   0.413967
31 36   0.413967
31 37   0.413967
31 38   0.413967
31 39   0.413967
31 40   0.413967
32 1   0.431505
32 2   0.431505
32 3   0.431505
32 4   0.431505
32 5   0.431505
32 6   0.431505
32 7   0.431505
32 8   0.431505
32 9   0.431505
32 10   0.431505
32 11   0.431505
32 12   0.431505
32 13   0.431505
32 14   0.431505
32 15   0.431505
32 16   0.431505
32 17   0.431505
32 18   0.431505
32 19   0.431505
32 20   0.431505
32 21   0.431505
32 22   0.431505
32 23   0.431505
32 24   0.431505
32 25   0.431505
32 26   0.431505
32 27   0.431505
32 28   0.431505
32 29   0.431505
32 30   0.431505
32 31   0.431505
32 32   0.431505
32 33   0.431505
32 34   0.431505
32 35   0.431505
32 36   0.431505
32 37   0.431505
32 38   0.431505
32 39   0.431505
32 40   0.431505
33 1   0.522475
33 2   0.522475
33 3   0.522475
33 4   0.522475
33 5   0.522475
33 6   0.522475
33 7   0.522475
33 8   0.522475
33 9   0.522475
33 10   0.522475
33 11   0.522475
33 12   0.522475
33 13   0.522475
33 14   0.522475
33 15   0.522475
33 16   0.522475
33 17   0.522475
33 18   0.522475
33 19   0.522475
33 20   0.522475
33 21   0.522475
33 22   0.522475
33 23   0.522475
33 24   0.522475
33 25   0.522475
33 26   0.522475
33 27   0.522475
33 28   0.522475
33 29   0.522475
33 30   0.522475
33 31   0.522475
33 32   0.522475
33 33   0.522475
33 34   0.522475
33 35   0.522475
33 36   0.522475
33 37   0.522475
33 38   0.522475
33 39   0.522475
33 40   0.522475
34 1   0.677067
34 2   0.677067
34 3   0.677067
34 4   0.677067
34 5   0.677067
34 6   0.677067
34 7   0.677067
34 8   0.677067
34 9   0.677067
34 10   0.677067
34 11   0.677067
34 12   0.677067
34 13   0.677067
34 14   0.677067
34 15   0.677067
34 16   0.677067
34 17   0.677067
34 18   0.677067
34 19   0.677067
34 20   0.677067
34 21   0.677067
34 22   0.677067
34 23   0.677067
34 24   0.677067
34 25   0.677067
34 26   0.677067
34 27   0.677067
34 28   0.677067
34 29   0.677067
34 30   0.677067
34 31   0.677067
34 32   0.677067
34 33   0.677067
34 34   0.677067
34 35   0.677067
34 36   0.677067
34 37   0.677067
34 38   0.677067
34 39   0.677067
34 40   0.677067
35 1   0.790867
35 2   0.790867
35 3   0.790867
35 4   0.790867
35 5   0.790867
35 6   0.790867
35 7   0.790867
35 8   0.790867
35 9   0.790867
35 10   0.790867
35 11   0.790867
35 12   0.790867
35 13   0.790867
35 14   0.790867
35 15   0.790867
35 16   0.790867
35 17   0.790867
35 18   0.790867
35 19   0.790867
35 20   0.790867
35 21   0.790867
35 22   0.790867
35 23   0.790867
35 24   0.790867
35 25   0.790867
35 26   0.790867
35 27   0.790867
35 28   0.790867
35 29   0.790867
35 30   0.790867
35 31   0.790867
35 32   0.790867
35 33   0.790867
35 34   0.790867
35 35   0.790867
35 36   0.790867
35 37   0.790867
35 38   0.790867
35 39   0.790867
35 40   0.790867
36 1   0.888223
36 2   0.888223
36 3   0.888223
36 4   0.888223
36 5   0.888223
36 6   0.888223
36 7   0.888223
36 8   0.888223
36 9   0.888223
36 10   0.888223
36 11   0.888223
36 12   0.888223
36 13   0.888223
36 14   0.888223
36 15   0.888223
36 16   0.888223
36 17   0.888223
36 18   0.888223
36 19   0.888223
36 20   0.888223
36 21   0.888223
36 22   0.888223
36 23   0.888223
36 24   0.888223
36 25   0.888223
36 26   0.888223
36 27   0.888223
36 28   0.888223
36 29   0.888223
36 30   0.888223
36 31   0.888223
36 32   0.888223
36 33   0.888223
36 34   0.888223
36 35   0.888223
36 36   0.888223
36 37   0.888223
36 38   0.888223
36 39   0.888223
36 40   0.888223
37 1   0.953808
37 2   0.953808
37 3   0.953808
37 4   0.953808
37 5   0.953808
37 6   0.953808
37 7   0.953808
37 8   0.953808
37 9   0.953808
37 10   0.953808
37 11   0.953808
37 12   0.953808
37 13   0.953808
37 14   0.953808
37 15   0.953808
37 16   0.953808
37 17   0.953808
37 18   0.953808
37 19   0.953808
37 20   0.953808
37 21   0.953808
37 22   0.953808
37 23   0.953808
37 24   0.953808
37 25   0.953808
37 26   0.953808
37 27   0.953808
37 28   0.953808
37 29   0.953808
37 30   0.953808
37 31   0.953808
37 32   0.953808
37 33   0.953808
37 34   0.953808
37 35   0.953808
37 36   0.953808
37 37   0.953808
37 38   0.953808
37 39   0.953808
37 40   0.953808
38 1   0.968861
38 2   0.968861
38 3   0.968861
38 4   0.968861
38 5   0.968861
38 6   0.968861
38 7   0.968861
38 8   0.968861
38 9   0.968861
38 10   0.968861
38 11   0.968861
38 12   0.968861
38 13   0.968861
38 14   0.968861
38 15   0.968861
38 16   0.968861
38 17   0.968861
38 18   0.968861
38 19   0.968861
38 20   0.968861
38 21   0.968861
38 22   0.968861
38 23   0.968861
38 24   0.968861
38 25   0.968861
38 26   0.968861
38 27   0.968861
38 28   0.968861
38 29   0.968861
38 30   0.968861
38 31   0.968861
38 32   0.968861
38 33   0.968861
38 34   0.968861
38 35   0.968861
38 36   0.968861
38 37   0.968861
38 38   0.968861
38 39   0.968861
38 40   0.968861
39 1   0.997597
39 2   0.997597
39 3   0.997597
39 4   0.997597
39 5   0.997597
39 6   0.997597
39 7   0.997597
39 8   0.997597
39 9   0.997597
39 10   0.997597
39 11   0.997597
39 12   0.997597
39 13   0.997597
39 14   0.997597
39 15   0.997597
39 16   0.997597
39 17   0.997597
39 18   0.997597
39 19   0.997597
39 20   0.997597
39 21   0.997597
39 22   0.997597
39 23   0.997597
39 24   0.997597
39 25   0.997597
39 26   0.997597
39 27   0.997597
39 28   0.997597
39 29   0.997597
39 30   0.997597
39 31   0.997597
39 32   0.997597
39 33   0.997597
39 34   0.997597
39 35   0.997597
39 36   0.997597
39 37   0.997597
39 38   0.997597
39 39   0.997597
39 40   0.997597
40 1   0.993479
40 2   0.993479
40 3   0.993479
40 4   0.993479
40 5   0.993479
40 6   0.993479
40 7   0.993479
40 8   0.993479
40 9   0.993479
40 10   0.993479
40 11   0.993479
40 12   0.993479
40 13   0.993479
40 14   0.993479
40 15   0.993479
40 16   0.993479
40 17   0.993479
40 18   0.993479
40 19   0.993479
40 20   0.993479
40 21   0.993479
40 22   0.993479
40 23   0.993479
40 24   0.993479
40 25   0.993479
40 26   0.993479
40 27   0.993479
40 28   0.993479
40 29   0.993479
40 30   0.993479
40 31   0.993479
40 32   0.993479
40 33   0.993479
40 34   0.993479
40 35   0.993479
40 36   0.993479
40 37   0.993479
40 38   0.993479
40 39   0.993479
40 40   0.993479
