1 1   0.0170482
1 2   0.0170482
1 3   0.0170482
1 4   0.0170482
1 5   0.0170482
1 6   0.0170482
1 7   0.0170482
1 8   0.0170482
1 9   0.0170482
1 10   0.0170482
1 11   0.0170482
1 12   0.0170482
1 13   0.0170482
1 14   0.0170482
1 15   0.0170482
1 16   0.0170482
1 17   0.0170482
1 18   0.0170482
1 19   0.0170482
1 20   0.0170482
1 21   0.0170482
1 22   0.0170482
1 23   0.0170482
1 24   0.0170482
1 25   0.0170482
1 26   0.0170482
1 27   0.0170482
1 28   0.0170482
1 29   0.0170482
1 30   0.0170482
1 31   0.0170482
1 32   0.0170482
1 33   0.0170482
1 34   0.0170482
1 35   0.0170482
1 36   0.0170482
1 37   0.0170482
1 38   0.0170482
1 39   0.0170482
1 40   0.0170482
2 1   0.0237779
2 2   0.0237779
2 3   0.0237779
2 4   0.0237779
2 5   0.0237779
2 6   0.0237779
2 7   0.0237779
2 8   0.0237779
2 9   0.0237779
2 10   0.0237779
2 11   0.0237779
2 12   0.0237779
2 13   0.0237779
2 14   0.0237779
2 15   0.0237779
2 16   0.0237779
2 17   0.0237779
2 18   0.0237779
2 19   0.0237779
2 20   0.0237779
2 21   0.0237779
2 22   0.0237779
2 23   0.0237779
2 24   0.0237779
2 25   0.0237779
2 26   0.0237779
2 27   0.0237779
2 28   0.0237779
2 29   0.0237779
2 30   0.0237779
2 31   0.0237779
2 32   0.0237779
2 33   0.0237779
2 34   0.0237779
2 35   0.0237779
2 36   0.0237779
2 37   0.0237779
2 38   0.0237779
2 39   0.0237779
2 40   0.0237779
3 1   0.0351011
3 2   0.0351011
3 3   0.0351011
3 4   0.0351011
3 5   0.0351011
3 6   0.0351011
3 7   0.0351011
3 8   0.0351011
3 9   0.0351011
3 10   0.0351011
3 11   0.0351011
3 12   0.0351011
3 13   0.0351011
3 14   0.0351011
3 15   0.0351011
3 16   0.0351011
3 17   0.0351011
3 18   0.0351011
3 19   0.0351011
3 20   0.0351011
3 21   0.0351011
3 22   0.0351011
3 23   0.0351011
3 24   0.0351011
3 25   0.0351011
3 26   0.0351011
3 27   0.0351011
3 28   0.0351011
3 29   0.0351011
3 30   0.0351011
3 31   0.0351011
3 32   0.0351011
3 33   0.0351011
3 34   0.0351011
3 35   0.0351011
3 36   0.0351011
3 37   0.0351011
3 38   0.0351011
3 39   0.0351011
3 40   0.0351011
4 1   0.0486259
4 2   0.0486259
4 3   0.0486259
4 4   0.0486259
4 5   0.0486259
4 6   0.0486259
4 7   0.0486259
4 8   0.0486259
4 9   0.0486259
4 10   0.0486259
4 11   0.0486259
4 12   0.0486259
4 13   0.0486259
4 14   0.0486259
4 15   0.0486259
4 16   0.0486259
4 17   0.0486259
4 18   0.0486259
4 19   0.0486259
4 20   0.0486259
4 21   0.0486259
4 22   0.0486259
4 23   0.0486259
4 24   0.0486259
4 25   0.0486259
4 26   0.0486259
4 27   0.0486259
4 28   0.0486259
4 29   0.0486259
4 30   0.0486259
4 31   0.0486259
4 32   0.0486259
4 33   0.0486259
4 34   0.0486259
4 35   0.0486259
4 36   0.0486259
4 37   0.0486259
4 38   0.0486259
4 39   0.0486259
4 40   0.0486259
5 1   0.0640677
5 2   0.0640677
5 3   0.0640677
5 4   0.0640677
5 5   0.0640677
5 6   0.0640677
5 7   0.0640677
5 8   0.0640677
5 9   0.0640677
5 10   0.0640677
5 11   0.0640677
5 12   0.0640677
5 13   0.0640677
5 14   0.0640677
5 15   0.0640677
5 16   0.0640677
5 17   0.0640677
5 18   0.0640677
5 19   0.0640677
5 20   0.0640677
5 21   0.0640677
5 22   0.0640677
5 23   0.0640677
5 24   0.0640677
5 25   0.0640677
5 26   0.0640677
5 27   0.0640677
5 28   0.0640677
5 29   0.0640677
5 30   0.0640677
5 31   0.0640677
5 32   0.0640677
5 33   0.0640677
5 34   0.0640677
5 35   0.0640677
5 36   0.0640677
5 37   0.0640677
5 38   0.0640677
5 39   0.0640677
5 40   0.0640677
6 1   0.08421
6 2   0.08421
6 3   0.08421
6 4   0.08421
6 5   0.08421
6 6   0.08421
6 7   0.08421
6 8   0.08421
6 9   0.08421
6 10   0.08421
6 11   0.08421
6 12   0.08421
6 13   0.08421
6 14   0.08421
6 15   0.08421
6 16   0.08421
6 17   0.08421
6 18   0.08421
6 19   0.08421
6 20   0.08421
6 21   0.08421
6 22   0.08421
6 23   0.08421
6 24   0.08421
6 25   0.08421
6 26   0.08421
6 27   0.08421
6 28   0.08421
6 29   0.08421
6 30   0.08421
6 31   0.08421
6 32   0.08421
6 33   0.08421
6 34   0.08421
6 35   0.08421
6 36   0.08421
6 37   0.08421
6 38   0.08421
6 39   0.08421
6 40   0.08421
7 1   0.113458
7 2   0.113458
7 3   0.113458
7 4   0.113458
7 5   0.113458
7 6   0.113458
7 7   0.113458
7 8   0.113458
7 9   0.113458
7 10   0.113458
7 11   0.113458
7 12   0.113458
7 13   0.113458
7 14   0.113458
7 15   0.113458
7 16   0.113458
7 17   0.113458
7 18   0.113458
7 19   0.113458
7 20   0.113458
7 21   0.113458
7 22   0.113458
7 23   0.113458
7 24   0.113458
7 25   0.113458
7 26   0.113458
7 27   0.113458
7 28   0.113458
7 29   0.113458
7 30   0.113458
7 31   0.113458
7 32   0.113458
7 33   0.113458
7 34   0.113458
7 35   0.113458
7 36   0.113458
7 37   0.113458
7 38   0.113458
7 39   0.113458
7 40   0.113458
8 1   0.154803
8 2   0.154803
8 3   0.154803
8 4   0.154803
8 5   0.154803
8 6   0.154803
8 7   0.154803
8 8   0.154803
8 9   0.154803
8 10   0.154803
8 11   0.154803
8 12   0.154803
8 13   0.154803
8 14   0.154803
8 15   0.154803
8 16   0.154803
8 17   0.154803
8 18   0.154803
8 19   0.154803
8 20   0.154803
8 21   0.154803
8 22   0.154803
8 23   0.154803
8 24   0.154803
8 25   0.154803
8 26   0.154803
8 27   0.154803
8 28   0.154803
8 29   0.154803
8 30   0.154803
8 31   0.154803
8 32   0.154803
8 33   0.154803
8 34   0.154803
8 35   0.154803
8 36   0.154803
8 37   0.154803
8 38   0.154803
8 39   0.154803
8 40   0.154803
9 1   0.207438
9 2   0.207438
9 3   0.207438
9 4   0.207438
9 5   0.207438
9 6   0.207438
9 7   0.207438
9 8   0.207438
9 9   0.207438
9 10   0.207438
9 11   0.207438
9 12   0.207438
9 13   0.207438
9 14   0.207438
9 15   0.207438
9 16   0.207438
9 17   0.207438
9 18   0.207438
9 19   0.207438
9 20   0.207438
9 21   0.207438
9 22   0.207438
9 23   0.207438
9 24   0.207438
9 25   0.207438
9 26   0.207438
9 27   0.207438
9 28   0.207438
9 29   0.207438
9 30   0.207438
9 31   0.207438
9 32   0.207438
9 33   0.207438
9 34   0.207438
9 35   0.207438
9 36   0.207438
9 37   0.207438
9 38   0.207438
9 39   0.207438
9 40   0.207438
10 1   0.266865
10 2   0.266865
10 3   0.266865
10 4   0.266865
10 5   0.266865
10 6   0.266865
10 7   0.266865
10 8   0.266865
10 9   0.266865
10 10   0.266865
10 11   0.266865
10 12   0.266865
10 13   0.266865
10 14   0.266865
10 15   0.266865
10 16   0.266865
10 17   0.266865
10 18   0.266865
10 19   0.266865
10 20   0.266865
10 21   0.266865
10 22   0.266865
10 23   0.266865
10 24   0.266865
10 25   0.266865
10 26   0.266865
10 27   0.266865
10 28   0.266865
10 29   0.266865
10 30   0.266865
10 31   0.266865
10 32   0.266865
10 33   0.266865
10 34   0.266865
10 35   0.266865
10 36   0.266865
10 37   0.266865
10 38   0.266865
10 39   0.266865
10 40   0.266865
11 1   0.327251
11 2   0.327251
11 3   0.327251
11 4   0.327251
11 5   0.327251
11 6   0.327251
11 7   0.327251
11 8   0.327251
11 9   0.327251
11 10   0.327251
11 11   0.327251
11 12   0.327251
11 13   0.327251
11 14   0.327251
11 15   0.327251
11 16   0.327251
11 17   0.327251
11 18   0.327251
11 19   0.327251
11 20   0.327251
11 21   0.327251
11 22   0.327251
11 23   0.327251
11 24   0.327251
11 25   0.327251
11 26   0.327251
11 27   0.327251
11 28   0.327251
11 29   0.327251
11 30   0.327251
11 31   0.327251
11 32   0.327251
11 33   0.327251
11 34   0.327251
11 35   0.327251
11 36   0.327251
11 37   0.327251
11 38   0.327251
11 39   0.327251
11 40   0.327251
12 1   0.383961
12 2   0.383961
12 3   0.383961
12 4   0.383961
12 5   0.383961
12 6   0.383961
12 7   0.383961
12 8   0.383961
12 9   0.383961
12 10   0.383961
12 11   0.383961
12 12   0.383961
12 13   0.383961
12 14   0.383961
12 15   0.383961
12 16   0.383961
12 17   0.383961
12 18   0.383961
12 19   0.383961
12 20   0.383961
12 21   0.383961
12 22   0.383961
12 23   0.383961
12 24   0.383961
12 25   0.383961
12 26   0.383961
12 27   0.383961
12 28   0.383961
12 29   0.383961
12 30   0.383961
12 31   0.383961
12 32   0.383961
12 33   0.383961
12 34   0.383961
12 35   0.383961
12 36   0.383961
12 37   0.383961
12 38   0.383961
12 39   0.383961
12 40   0.383961
13 1   0.434487
13 2   0.434487
13 3   0.434487
13 4   0.434487
13 5   0.434487
13 6   0.434487
13 7   0.434487
13 8   0.434487
13 9   0.434487
13 10   0.434487
13 11   0.434487
13 12   0.434487
13 13   0.434487
13 14   0.434487
13 15   0.434487
13 16   0.434487
13 17   0.434487
13 18   0.434487
13 19   0.434487
13 20   0.434487
13 21   0.434487
13 22   0.434487
13 23   0.434487
13 24   0.434487
13 25   0.434487
13 26   0.434487
13 27   0.434487
13 28   0.434487
13 29   0.434487
13 30   0.434487
13 31   0.434487
13 32   0.434487
13 33   0.434487
13 34   0.434487
13 35   0.434487
13 36   0.434487
13 37   0.434487
13 38   0.434487
13 39   0.434487
13 40   0.434487
14 1   0.477757
14 2   0.477757
14 3   0.477757
14 4   0.477757
14 5   0.477757
14 6   0.477757
14 7   0.477757
14 8   0.477757
14 9   0.477757
14 10   0.477757
14 11   0.477757
14 12   0.477757
14 13   0.477757
14 14   0.477757
14 15   0.477757
14 16   0.477757
14 17   0.477757
14 18   0.477757
14 19   0.477757
14 20   0.477757
14 21   0.477757
14 22   0.477757
14 23   0.477757
14 24   0.477757
14 25   0.477757
14 26   0.477757
14 27   0.477757
14 28   0.477757
14 29   0.477757
14 30   0.477757
14 31   0.477757
14 32   0.477757
14 33   0.477757
14 34   0.477757
14 35   0.477757
14 36   0.477757
14 37   0.477757
14 38   0.477757
14 39   0.477757
14 40   0.477757
15 1   0.513058
15 2   0.513058
15 3   0.513058
15 4   0.513058
15 5   0.513058
15 6   0.513058
15 7   0.513058
15 8   0.513058
15 9   0.513058
15 10   0.513058
15 11   0.513058
15 12   0.513058
15 13   0.513058
15 14   0.513058
15 15   0.513058
15 16   0.513058
15 17   0.513058
15 18   0.513058
15 19   0.513058
15 20   0.513058
15 21   0.513058
15 22   0.513058
15 23   0.513058
15 24   0.513058
15 25   0.513058
15 26   0.513058
15 27   0.513058
15 28   0.513058
15 29   0.513058
15 30   0.513058
15 31   0.513058
15 32   0.513058
15 33   0.513058
15 34   0.513058
15 35   0.513058
15 36   0.513058
15 37   0.513058
15 38   0.513058
15 39   0.513058
15 40   0.513058
16 1   0.539511
16 2   0.539511
16 3   0.539511
16 4   0.539511
16 5   0.539511
16 6   0.539511
16 7   0.539511
16 8   0.539511
16 9   0.539511
16 10   0.539511
16 11   0.539511
16 12   0.539511
16 13   0.539511
16 14   0.539511
16 15   0.539511
16 16   0.539511
16 17   0.539511
16 18   0.539511
16 19   0.539511
16 20   0.539511
16 21   0.539511
16 22   0.539511
16 23   0.539511
16 24   0.539511
16 25   0.539511
16 26   0.539511
16 27   0.539511
16 28   0.539511
16 29   0.539511
16 30   0.539511
16 31   0.539511
16 32   0.539511
16 33   0.539511
16 34   0.539511
16 35   0.539511
16 36   0.539511
16 37   0.539511
16 38   0.539511
16 39   0.539511
16 40   0.539511
17 1   0.556068
17 2   0.556068
17 3   0.556068
17 4   0.556068
17 5   0.556068
17 6   0.556068
17 7   0.556068
17 8   0.556068
17 9   0.556068
17 10   0.556068
17 11   0.556068
17 12   0.556068
17 13   0.556068
17 14   0.556068
17 15   0.556068
17 16   0.556068
17 17   0.556068
17 18   0.556068
17 19   0.556068
17 20   0.556068
17 21   0.556068
17 22   0.556068
17 23   0.556068
17 24   0.556068
17 25   0.556068
17 26   0.556068
17 27   0.556068
17 28   0.556068
17 29   0.556068
17 30   0.556068
17 31   0.556068
17 32   0.556068
17 33   0.556068
17 34   0.556068
17 35   0.556068
17 36   0.556068
17 37   0.556068
17 38   0.556068
17 39   0.556068
17 40   0.556068
18 1   0.561716
18 2   0.561716
18 3   0.561716
18 4   0.561716
18 5   0.561716
18 6   0.561716
18 7   0.561716
18 8   0.561716
18 9   0.561716
18 10   0.561716
18 11   0.561716
18 12   0.561716
18 13   0.561716
18 14   0.561716
18 15   0.561716
18 16   0.561716
18 17   0.561716
18 18   0.561716
18 19   0.561716
18 20   0.561716
18 21   0.561716
18 22   0.561716
18 23   0.561716
18 24   0.561716
18 25   0.561716
18 26   0.561716
18 27   0.561716
18 28   0.561716
18 29   0.561716
18 30   0.561716
18 31   0.561716
18 32   0.561716
18 33   0.561716
18 34   0.561716
18 35   0.561716
18 36   0.561716
18 37   0.561716
18 38   0.561716
18 39   0.561716
18 40   0.561716
19 1   0.555874
19 2   0.555874
19 3   0.555874
19 4   0.555874
19 5   0.555874
19 6   0.555874
19 7   0.555874
19 8   0.555874
19 9   0.555874
19 10   0.555874
19 11   0.555874
19 12   0.555874
19 13   0.555874
19 14   0.555874
19 15   0.555874
19 16   0.555874
19 17   0.555874
19 18   0.555874
19 19   0.555874
19 20   0.555874
19 21   0.555874
19 22   0.555874
19 23   0.555874
19 24   0.555874
19 25   0.555874
19 26   0.555874
19 27   0.555874
19 28   0.555874
19 29   0.555874
19 30   0.555874
19 31   0.555874
19 32   0.555874
19 33   0.555874
19 34   0.555874
19 35   0.555874
19 36   0.555874
19 37   0.555874
19 38   0.555874
19 39   0.555874
19 40   0.555874
20 1   0.53915
20 2   0.53915
20 3   0.53915
20 4   0.53915
20 5   0.53915
20 6   0.53915
20 7   0.53915
20 8   0.53915
20 9   0.53915
20 10   0.53915
20 11   0.53915
20 12   0.53915
20 13   0.53915
20 14   0.53915
20 15   0.53915
20 16   0.53915
20 17   0.53915
20 18   0.53915
20 19   0.53915
20 20   0.53915
20 21   0.53915
20 22   0.53915
20 23   0.53915
20 24   0.53915
20 25   0.53915
20 26   0.53915
20 27   0.53915
20 28   0.53915
20 29   0.53915
20 30   0.53915
20 31   0.53915
20 32   0.53915
20 33   0.53915
20 34   0.53915
20 35   0.53915
20 36   0.53915
20 37   0.53915
20 38   0.53915
20 39   0.53915
20 40   0.53915
21 1   0.514206
21 2   0.514206
21 3   0.514206
21 4   0.514206
21 5   0.514206
21 6   0.514206
21 7   0.514206
21 8   0.514206
21 9   0.514206
21 10   0.514206
21 11   0.514206
21 12   0.514206
21 13   0.514206
21 14   0.514206
21 15   0.514206
21 16   0.514206
21 17   0.514206
21 18   0.514206
21 19   0.514206
21 20   0.514206
21 21   0.514206
21 22   0.514206
21 23   0.514206
21 24   0.514206
21 25   0.514206
21 26   0.514206
21 27   0.514206
21 28   0.514206
21 29   0.514206
21 30   0.514206
21 31   0.514206
21 32   0.514206
21 33   0.514206
21 34   0.514206
21 35   0.514206
21 36   0.514206
21 37   0.514206
21 38   0.514206
21 39   0.514206
21 40   0.514206
22 1   0.485999
22 2   0.485999
22 3   0.485999
22 4   0.485999
22 5   0.485999
22 6   0.485999
22 7   0.485999
22 8   0.485999
22 9   0.485999
22 10   0.485999
22 11   0.485999
22 12   0.485999
22 13   0.485999
22 14   0.485999
22 15   0.485999
22 16   0.485999
22 17   0.485999
22 18   0.485999
22 19   0.485999
22 20   0.485999
22 21   0.485999
22 22   0.485999
22 23   0.485999
22 24   0.485999
22 25   0.485999
22 26   0.485999
22 27   0.485999
22 28   0.485999
22 29   0.485999
22 30   0.485999
22 31   0.485999
22 32   0.485999
22 33   0.485999
22 34   0.485999
22 35   0.485999
22 36   0.485999
22 37   0.485999
22 38   0.485999
22 39   0.485999
22 40   0.485999
23 1   0.460754
23 2   0.460754
23 3   0.460754
23 4   0.460754
23 5   0.460754
23 6   0.460754
23 7   0.460754
23 8   0.460754
23 9   0.460754
23 10   0.460754
23 11   0.460754
23 12   0.460754
23 13   0.460754
23 14   0.460754
23 15   0.460754
23 16   0.460754
23 17   0.460754
23 18   0.460754
23 19   0.460754
23 20   0.460754
23 21   0.460754
23 22   0.460754
23 23   0.460754
23 24   0.460754
23 25   0.460754
23 26   0.460754
23 27   0.460754
23 28   0.460754
23 29   0.460754
23 30   0.460754
23 31   0.460754
23 32   0.460754
23 33   0.460754
23 34   0.460754
23 35   0.460754
23 36   0.460754
23 37   0.460754
23 38   0.460754
23 39   0.460754
23 40   0.460754
24 1   0.443951
24 2   0.443951
24 3   0.443951
24 4   0.443951
24 5   0.443951
24 6   0.443951
24 7   0.443951
24 8   0.443951
24 9   0.443951
24 10   0.443951
24 11   0.443951
24 12   0.443951
24 13   0.443951
24 14   0.443951
24 15   0.443951
24 16   0.443951
24 17   0.443951
24 18   0.443951
24 19   0.443951
24 20   0.443951
24 21   0.443951
24 22   0.443951
24 23   0.443951
24 24   0.443951
24 25   0.443951
24 26   0.443951
24 27   0.443951
24 28   0.443951
24 29   0.443951
24 30   0.443951
24 31   0.443951
24 32   0.443951
24 33   0.443951
24 34   0.443951
24 35   0.443951
24 36   0.443951
24 37   0.443951
24 38   0.443951
24 39   0.443951
24 40   0.443951
25 1   0.438532
25 2   0.438532
25 3   0.438532
25 4   0.438532
25 5   0.438532
25 6   0.438532
25 7   0.438532
25 8   0.438532
25 9   0.438532
25 10   0.438532
25 11   0.438532
25 12   0.438532
25 13   0.438532
25 14   0.438532
25 15   0.438532
25 16   0.438532
25 17   0.438532
25 18   0.438532
25 19   0.438532
25 20   0.438532
25 21   0.438532
25 22   0.438532
25 23   0.438532
25 24   0.438532
25 25   0.438532
25 26   0.438532
25 27   0.438532
25 28   0.438532
25 29   0.438532
25 30   0.438532
25 31   0.438532
25 32   0.438532
25 33   0.438532
25 34   0.438532
25 35   0.438532
25 36   0.438532
25 37   0.438532
25 38   0.438532
25 39   0.438532
25 40   0.438532
26 1   0.444631
26 2   0.444631
26 3   0.444631
26 4   0.444631
26 5   0.444631
26 6   0.444631
26 7   0.444631
26 8   0.444631
26 9   0.444631
26 10   0.444631
26 11   0.444631
26 12   0.444631
26 13   0.444631
26 14   0.444631
26 15   0.444631
26 16   0.444631
26 17   0.444631
26 18   0.444631
26 19   0.444631
26 20   0.444631
26 21   0.444631
26 22   0.444631
26 23   0.444631
26 24   0.444631
26 25   0.444631
26 26   0.444631
26 27   0.444631
26 28   0.444631
26 29   0.444631
26 30   0.444631
26 31   0.444631
26 32   0.444631
26 33   0.444631
26 34   0.444631
26 35   0.444631
26 36   0.444631
26 37   0.444631
26 38   0.444631
26 39   0.444631
26 40   0.444631
27 1   0.460952
27 2   0.460952
27 3   0.460952
27 4   0.460952
27 5   0.460952
27 6   0.460952
27 7   0.460952
27 8   0.460952
27 9   0.460952
27 10   0.460952
27 11   0.460952
27 12   0.460952
27 13   0.460952
27 14   0.460952
27 15   0.460952
27 16   0.460952
27 17   0.460952
27 18   0.460952
27 19   0.460952
27 20   0.460952
27 21   0.460952
27 22   0.460952
27 23   0.460952
27 24   0.460952
27 25   0.460952
27 26   0.460952
27 27   0.460952
27 28   0.460952
27 29   0.460952
27 30   0.460952
27 31   0.460952
27 32   0.460952
27 33   0.460952
27 34   0.460952
27 35   0.460952
27 36   0.460952
27 37   0.460952
27 38   0.460952
27 39   0.460952
27 40   0.460952
28 1   0.486514
28 2   0.486514
28 3   0.486514
28 4   0.486514
28 5   0.486514
28 6   0.486514
28 7   0.486514
28 8   0.486514
28 9   0.486514
28 10   0.486514
28 11   0.486514
28 12   0.486514
28 13   0.486514
28 14   0.486514
28 15   0.486514
28 16   0.486514
28 17   0.486514
28 18   0.486514
28 19   0.486514
28 20   0.486514
28 21   0.486514
28 22   0.486514
28 23   0.486514
28 24   0.486514
28 25   0.486514
28 26   0.486514
28 27   0.486514
28 28   0.486514
28 29   0.486514
28 30   0.486514
28 31   0.486514
28 32   0.486514
28 33   0.486514
28 34   0.486514
28 35   0.486514
28 36   0.486514
28 37   0.486514
28 38   0.486514
28 39   0.486514
28 40   0.486514
29 1   0.521225
29 2   0.521225
29 3   0.521225
29 4   0.521225
29 5   0.521225
29 6   0.521225
29 7   0.521225
29 8   0.521225
29 9   0.521225
29 10   0.521225
29 11   0.521225
29 12   0.521225
29 13   0.521225
29 14   0.521225
29 15   0.521225
29 16   0.521225
29 17   0.521225
29 18   0.521225
29 19   0.521225
29 20   0.521225
29 21   0.521225
29 22   0.521225
29 23   0.521225
29 24   0.521225
29 25   0.521225
29 26   0.521225
29 27   0.521225
29 28   0.521225
29 29   0.521225
29 30   0.521225
29 31   0.521225
29 32   0.521225
29 33   0.521225
29 34   0.521225
29 35   0.521225
29 36   0.521225
29 37   0.521225
29 38   0.521225
29 39   0.521225
29 40   0.521225
30 1   0.565057
30 2   0.565057
30 3   0.565057
30 4   0.565057
30 5   0.565057
30 6   0.565057
30 7   0.565057
30 8   0.565057
30 9   0.565057
30 10   0.565057
30 11   0.565057
30 12   0.565057
30 13   0.565057
30 14   0.565057
30 15   0.565057
30 16   0.565057
30 17   0.565057
30 18   0.565057
30 19   0.565057
30 20   0.565057
30 21   0.565057
30 22   0.565057
30 23   0.565057
30 24   0.565057
30 25   0.565057
30 26   0.565057
30 27   0.565057
30 28   0.565057
30 29   0.565057
30 30   0.565057
30 31   0.565057
30 32   0.565057
30 33   0.565057
30 34   0.565057
30 35   0.565057
30 36   0.565057
30 37   0.565057
30 38   0.565057
30 39   0.565057
30 40   0.565057
31 1   0.616906
31 2   0.616906
31 3   0.616906
31 4   0.616906
31 5   0.616906
31 6   0.616906
31 7   0.616906
31 8   0.616906
31 9   0.616906
31 10   0.616906
31 11   0.616906
31 12   0.616906
31 13   0.616906
31 14   0.616906
31 15   0.616906
31 16   0.616906
31 17   0.616906
31 18   0.616906
31 19   0.616906
31 20   0.616906
31 21   0.616906
31 22   0.616906
31 23   0.616906
31 24   0.616906
31 25   0.616906
31 26   0.616906
31 27   0.616906
31 28   0.616906
31 29   0.616906
31 30   0.616906
31 31   0.616906
31 32   0.616906
31 33   0.616906
31 34   0.616906
31 35   0.616906
31 36   0.616906
31 37   0.616906
31 38   0.616906
31 39   0.616906
31 40   0.616906
32 1   0.674212
32 2   0.674212
32 3   0.674212
32 4   0.674212
32 5   0.674212
32 6   0.674212
32 7   0.674212
32 8   0.674212
32 9   0.674212
32 10   0.674212
32 11   0.674212
32 12   0.674212
32 13   0.674212
32 14   0.674212
32 15   0.674212
32 16   0.674212
32 17   0.674212
32 18   0.674212
32 19   0.674212
32 20   0.674212
32 21   0.674212
32 22   0.674212
32 23   0.674212
32 24   0.674212
32 25   0.674212
32 26   0.674212
32 27   0.674212
32 28   0.674212
32 29   0.674212
32 30   0.674212
32 31   0.674212
32 32   0.674212
32 33   0.674212
32 34   0.674212
32 35   0.674212
32 36   0.674212
32 37   0.674212
32 38   0.674212
32 39   0.674212
32 40   0.674212
33 1   0.733382
33 2   0.733382
33 3   0.733382
33 4   0.733382
33 5   0.733382
33 6   0.733382
33 7   0.733382
33 8   0.733382
33 9   0.733382
33 10   0.733382
33 11   0.733382
33 12   0.733382
33 13   0.733382
33 14   0.733382
33 15   0.733382
33 16   0.733382
33 17   0.733382
33 18   0.733382
33 19   0.733382
33 20   0.733382
33 21   0.733382
33 22   0.733382
33 23   0.733382
33 24   0.733382
33 25   0.733382
33 26   0.733382
33 27   0.733382
33 28   0.733382
33 29   0.733382
33 30   0.733382
33 31   0.733382
33 32   0.733382
33 33   0.733382
33 34   0.733382
33 35   0.733382
33 36   0.733382
33 37   0.733382
33 38   0.733382
33 39   0.733382
33 40   0.733382
34 1   0.790392
34 2   0.790392
34 3   0.790392
34 4   0.790392
34 5   0.790392
34 6   0.790392
34 7   0.790392
34 8   0.790392
34 9   0.790392
34 10   0.790392
34 11   0.790392
34 12   0.790392
34 13   0.790392
34 14   0.790392
34 15   0.790392
34 16   0.790392
34 17   0.790392
34 18   0.790392
34 19   0.790392
34 20   0.790392
34 21   0.790392
34 22   0.790392
34 23   0.790392
34 24   0.790392
34 25   0.790392
34 26   0.790392
34 27   0.790392
34 28   0.790392
34 29   0.790392
34 30   0.790392
34 31   0.790392
34 32   0.790392
34 33   0.790392
34 34   0.790392
34 35   0.790392
34 36   0.790392
34 37   0.790392
34 38   0.790392
34 39   0.790392
34 40   0.790392
35 1   0.841289
35 2   0.841289
35 3   0.841289
35 4   0.841289
35 5   0.841289
35 6   0.841289
35 7   0.841289
35 8   0.841289
35 9   0.841289
35 10   0.841289
35 11   0.841289
35 12   0.841289
35 13   0.841289
35 14   0.841289
35 15   0.841289
35 16   0.841289
35 17   0.841289
35 18   0.841289
35 19   0.841289
35 20   0.841289
35 21   0.841289
35 22   0.841289
35 23   0.841289
35 24   0.841289
35 25   0.841289
35 26   0.841289
35 27   0.841289
35 28   0.841289
35 29   0.841289
35 30   0.841289
35 31   0.841289
35 32   0.841289
35 33   0.841289
35 34   0.841289
35 35   0.841289
35 36   0.841289
35 37   0.841289
35 38   0.841289
35 39   0.841289
35 40   0.841289
36 1   0.882818
36 2   0.882818
36 3   0.882818
36 4   0.882818
36 5   0.882818
36 6   0.882818
36 7   0.882818
36 8   0.882818
36 9   0.882818
36 10   0.882818
36 11   0.882818
36 12   0.882818
36 13   0.882818
36 14   0.882818
36 15   0.882818
36 16   0.882818
36 17   0.882818
36 18   0.882818
36 19   0.882818
36 20   0.882818
36 21   0.882818
36 22   0.882818
36 23   0.882818
36 24   0.882818
36 25   0.882818
36 26   0.882818
36 27   0.882818
36 28   0.882818
36 29   0.882818
36 30   0.882818
36 31   0.882818
36 32   0.882818
36 33   0.882818
36 34   0.882818
36 35   0.882818
36 36   0.882818
36 37   0.882818
36 38   0.882818
36 39   0.882818
36 40   0.882818
37 1   0.913213
37 2   0.913213
37 3   0.913213
37 4   0.913213
37 5   0.913213
37 6   0.913213
37 7   0.913213
37 8   0.913213
37 9   0.913213
37 10   0.913213
37 11   0.913213
37 12   0.913213
37 13   0.913213
37 14   0.913213
37 15   0.913213
37 16   0.913213
37 17   0.913213
37 18   0.913213
37 19   0.913213
37 20   0.913213
37 21   0.913213
37 22   0.913213
37 23   0.913213
37 24   0.913213
37 25   0.913213
37 26   0.913213
37 27   0.913213
37 28   0.913213
37 29   0.913213
37 30   0.913213
37 31   0.913213
37 32   0.913213
37 33   0.913213
37 34   0.913213
37 35   0.913213
37 36   0.913213
37 37   0.913213
37 38   0.913213
37 39   0.913213
37 40   0.913213
38 1   0.932724
38 2   0.932724
38 3   0.932724
38 4   0.932724
38 5   0.932724
38 6   0.932724
38 7   0.932724
38 8   0.932724
38 9   0.932724
38 10   0.932724
38 11   0.932724
38 12   0.932724
38 13   0.932724
38 14   0.932724
38 15   0.932724
38 16   0.932724
38 17   0.932724
38 18   0.932724
38 19   0.932724
38 20   0.932724
38 21   0.932724
38 22   0.932724
38 23   0.932724
38 24   0.932724
38 25   0.932724
38 26   0.932724
38 27   0.932724
38 28   0.932724
38 29   0.932724
38 30   0.932724
38 31   0.932724
38 32   0.932724
38 33   0.932724
38 34   0.932724
38 35   0.932724
38 36   0.932724
38 37   0.932724
38 38   0.932724
38 39   0.932724
38 40   0.932724
39 1   0.943357
39 2   0.943357
39 3   0.943357
39 4   0.943357
39 5   0.943357
39 6   0.943357
39 7   0.943357
39 8   0.943357
39 9   0.943357
39 10   0.943357
39 11   0.943357
39 12   0.943357
39 13   0.943357
39 14   0.943357
39 15   0.943357
39 16   0.943357
39 17   0.943357
39 18   0.943357
39 19   0.943357
39 20   0.943357
39 21   0.943357
39 22   0.943357
39 23   0.943357
39 24   0.943357
39 25   0.943357
39 26   0.943357
39 27   0.943357
39 28   0.943357
39 29   0.943357
39 30   0.943357
39 31   0.943357
39 32   0.943357
39 33   0.943357
39 34   0.943357
39 35   0.943357
39 36   0.943357
39 37   0.943357
39 38   0.943357
39 39   0.943357
39 40   0.943357
40 1   0.947758
40 2   0.947758
40 3   0.947758
40 4   0.947758
40 5   0.947758
40 6   0.947758
40 7   0.947758
40 8   0.947758
40 9   0.947758
40 10   0.947758
40 11   0.947758
40 12   0.947758
40 13   0.947758
40 14   0.947758
40 15   0.947758
40 16   0.947758
40 17   0.947758
40 18   0.947758
40 19   0.947758
40 20   0.947758
40 21   0.947758
40 22   0.947758
40 23   0.947758
40 24   0.947758
40 25   0.947758
40 26   0.947758
40 27   0.947758
40 28   0.947758
40 29   0.947758
40 30   0.947758
40 31   0.947758
40 32   0.947758
40 33   0.947758
40 34   0.947758
40 35   0.947758
40 36   0.947758
40 37   0.947758
40 38   0.947758
40 39   0.947758
40 40   0.947758
