1 1   0.778255
1 2   0.778255
1 3   0.778255
1 4   0.778255
1 5   0.778255
1 6   0.778255
1 7   0.778255
1 8   0.778255
1 9   0.778255
1 10   0.778255
1 11   0.778255
1 12   0.778255
1 13   0.778255
1 14   0.778255
1 15   0.778255
1 16   0.778255
1 17   0.778255
1 18   0.778255
1 19   0.778255
1 20   0.778255
1 21   0.778255
1 22   0.778255
1 23   0.778255
1 24   0.778255
1 25   0.778255
1 26   0.778255
1 27   0.778255
1 28   0.778255
1 29   0.778255
1 30   0.778255
1 31   0.778255
1 32   0.778255
1 33   0.778255
1 34   0.778255
1 35   0.778255
1 36   0.778255
1 37   0.778255
1 38   0.778255
1 39   0.778255
1 40   0.778255
2 1   0.757184
2 2   0.757184
2 3   0.757184
2 4   0.757184
2 5   0.757184
2 6   0.757184
2 7   0.757184
2 8   0.757184
2 9   0.757184
2 10   0.757184
2 11   0.757184
2 12   0.757184
2 13   0.757184
2 14   0.757184
2 15   0.757184
2 16   0.757184
2 17   0.757184
2 18   0.757184
2 19   0.757184
2 20   0.757184
2 21   0.757184
2 22   0.757184
2 23   0.757184
2 24   0.757184
2 25   0.757184
2 26   0.757184
2 27   0.757184
2 28   0.757184
2 29   0.757184
2 30   0.757184
2 31   0.757184
2 32   0.757184
2 33   0.757184
2 34   0.757184
2 35   0.757184
2 36   0.757184
2 37   0.757184
2 38   0.757184
2 39   0.757184
2 40   0.757184
3 1   0.719538
3 2   0.719538
3 3   0.719538
3 4   0.719538
3 5   0.719538
3 6   0.719538
3 7   0.719538
3 8   0.719538
3 9   0.719538
3 10   0.719538
3 11   0.719538
3 12   0.719538
3 13   0.719538
3 14   0.719538
3 15   0.719538
3 16   0.719538
3 17   0.719538
3 18   0.719538
3 19   0.719538
3 20   0.719538
3 21   0.719538
3 22   0.719538
3 23   0.719538
3 24   0.719538
3 25   0.719538
3 26   0.719538
3 27   0.719538
3 28   0.719538
3 29   0.719538
3 30   0.719538
3 31   0.719538
3 32   0.719538
3 33   0.719538
3 34   0.719538
3 35   0.719538
3 36   0.719538
3 37   0.719538
3 38   0.719538
3 39   0.719538
3 40   0.719538
4 1   0.671323
4 2   0.671323
4 3   0.671323
4 4   0.671323
4 5   0.671323
4 6   0.671323
4 7   0.671323
4 8   0.671323
4 9   0.671323
4 10   0.671323
4 11   0.671323
4 12   0.671323
4 13   0.671323
4 14   0.671323
4 15   0.671323
4 16   0.671323
4 17   0.671323
4 18   0.671323
4 19   0.671323
4 20   0.671323
4 21   0.671323
4 22   0.671323
4 23   0.671323
4 24   0.671323
4 25   0.671323
4 26   0.671323
4 27   0.671323
4 28   0.671323
4 29   0.671323
4 30   0.671323
4 31   0.671323
4 32   0.671323
4 33   0.671323
4 34   0.671323
4 35   0.671323
4 36   0.671323
4 37   0.671323
4 38   0.671323
4 39   0.671323
4 40   0.671323
5 1   0.616957
5 2   0.616957
5 3   0.616957
5 4   0.616957
5 5   0.616957
5 6   0.616957
5 7   0.616957
5 8   0.616957
5 9   0.616957
5 10   0.616957
5 11   0.616957
5 12   0.616957
5 13   0.616957
5 14   0.616957
5 15   0.616957
5 16   0.616957
5 17   0.616957
5 18   0.616957
5 19   0.616957
5 20   0.616957
5 21   0.616957
5 22   0.616957
5 23   0.616957
5 24   0.616957
5 25   0.616957
5 26   0.616957
5 27   0.616957
5 28   0.616957
5 29   0.616957
5 30   0.616957
5 31   0.616957
5 32   0.616957
5 33   0.616957
5 34   0.616957
5 35   0.616957
5 36   0.616957
5 37   0.616957
5 38   0.616957
5 39   0.616957
5 40   0.616957
6 1   0.559455
6 2   0.559455
6 3   0.559455
6 4   0.559455
6 5   0.559455
6 6   0.559455
6 7   0.559455
6 8   0.559455
6 9   0.559455
6 10   0.559455
6 11   0.559455
6 12   0.559455
6 13   0.559455
6 14   0.559455
6 15   0.559455
6 16   0.559455
6 17   0.559455
6 18   0.559455
6 19   0.559455
6 20   0.559455
6 21   0.559455
6 22   0.559455
6 23   0.559455
6 24   0.559455
6 25   0.559455
6 26   0.559455
6 27   0.559455
6 28   0.559455
6 29   0.559455
6 30   0.559455
6 31   0.559455
6 32   0.559455
6 33   0.559455
6 34   0.559455
6 35   0.559455
6 36   0.559455
6 37   0.559455
6 38   0.559455
6 39   0.559455
6 40   0.559455
7 1   0.503761
7 2   0.503761
7 3   0.503761
7 4   0.503761
7 5   0.503761
7 6   0.503761
7 7   0.503761
7 8   0.503761
7 9   0.503761
7 10   0.503761
7 11   0.503761
7 12   0.503761
7 13   0.503761
7 14   0.503761
7 15   0.503761
7 16   0.503761
7 17   0.503761
7 18   0.503761
7 19   0.503761
7 20   0.503761
7 21   0.503761
7 22   0.503761
7 23   0.503761
7 24   0.503761
7 25   0.503761
7 26   0.503761
7 27   0.503761
7 28   0.503761
7 29   0.503761
7 30   0.503761
7 31   0.503761
7 32   0.503761
7 33   0.503761
7 34   0.503761
7 35   0.503761
7 36   0.503761
7 37   0.503761
7 38   0.503761
7 39   0.503761
7 40   0.503761
8 1   0.458763
8 2   0.458763
8 3   0.458763
8 4   0.458763
8 5   0.458763
8 6   0.458763
8 7   0.458763
8 8   0.458763
8 9   0.458763
8 10   0.458763
8 11   0.458763
8 12   0.458763
8 13   0.458763
8 14   0.458763
8 15   0.458763
8 16   0.458763
8 17   0.458763
8 18   0.458763
8 19   0.458763
8 20   0.458763
8 21   0.458763
8 22   0.458763
8 23   0.458763
8 24   0.458763
8 25   0.458763
8 26   0.458763
8 27   0.458763
8 28   0.458763
8 29   0.458763
8 30   0.458763
8 31   0.458763
8 32   0.458763
8 33   0.458763
8 34   0.458763
8 35   0.458763
8 36   0.458763
8 37   0.458763
8 38   0.458763
8 39   0.458763
8 40   0.458763
9 1   0.434124
9 2   0.434124
9 3   0.434124
9 4   0.434124
9 5   0.434124
9 6   0.434124
9 7   0.434124
9 8   0.434124
9 9   0.434124
9 10   0.434124
9 11   0.434124
9 12   0.434124
9 13   0.434124
9 14   0.434124
9 15   0.434124
9 16   0.434124
9 17   0.434124
9 18   0.434124
9 19   0.434124
9 20   0.434124
9 21   0.434124
9 22   0.434124
9 23   0.434124
9 24   0.434124
9 25   0.434124
9 26   0.434124
9 27   0.434124
9 28   0.434124
9 29   0.434124
9 30   0.434124
9 31   0.434124
9 32   0.434124
9 33   0.434124
9 34   0.434124
9 35   0.434124
9 36   0.434124
9 37   0.434124
9 38   0.434124
9 39   0.434124
9 40   0.434124
10 1   0.43396
10 2   0.43396
10 3   0.43396
10 4   0.43396
10 5   0.43396
10 6   0.43396
10 7   0.43396
10 8   0.43396
10 9   0.43396
10 10   0.43396
10 11   0.43396
10 12   0.43396
10 13   0.43396
10 14   0.43396
10 15   0.43396
10 16   0.43396
10 17   0.43396
10 18   0.43396
10 19   0.43396
10 20   0.43396
10 21   0.43396
10 22   0.43396
10 23   0.43396
10 24   0.43396
10 25   0.43396
10 26   0.43396
10 27   0.43396
10 28   0.43396
10 29   0.43396
10 30   0.43396
10 31   0.43396
10 32   0.43396
10 33   0.43396
10 34   0.43396
10 35   0.43396
10 36   0.43396
10 37   0.43396
10 38   0.43396
10 39   0.43396
10 40   0.43396
11 1   0.453354
11 2   0.453354
11 3   0.453354
11 4   0.453354
11 5   0.453354
11 6   0.453354
11 7   0.453354
11 8   0.453354
11 9   0.453354
11 10   0.453354
11 11   0.453354
11 12   0.453354
11 13   0.453354
11 14   0.453354
11 15   0.453354
11 16   0.453354
11 17   0.453354
11 18   0.453354
11 19   0.453354
11 20   0.453354
11 21   0.453354
11 22   0.453354
11 23   0.453354
11 24   0.453354
11 25   0.453354
11 26   0.453354
11 27   0.453354
11 28   0.453354
11 29   0.453354
11 30   0.453354
11 31   0.453354
11 32   0.453354
11 33   0.453354
11 34   0.453354
11 35   0.453354
11 36   0.453354
11 37   0.453354
11 38   0.453354
11 39   0.453354
11 40   0.453354
12 1   0.480927
12 2   0.480927
12 3   0.480927
12 4   0.480927
12 5   0.480927
12 6   0.480927
12 7   0.480927
12 8   0.480927
12 9   0.480927
12 10   0.480927
12 11   0.480927
12 12   0.480927
12 13   0.480927
12 14   0.480927
12 15   0.480927
12 16   0.480927
12 17   0.480927
12 18   0.480927
12 19   0.480927
12 20   0.480927
12 21   0.480927
12 22   0.480927
12 23   0.480927
12 24   0.480927
12 25   0.480927
12 26   0.480927
12 27   0.480927
12 28   0.480927
12 29   0.480927
12 30   0.480927
12 31   0.480927
12 32   0.480927
12 33   0.480927
12 34   0.480927
12 35   0.480927
12 36   0.480927
12 37   0.480927
12 38   0.480927
12 39   0.480927
12 40   0.480927
13 1   0.504965
13 2   0.504965
13 3   0.504965
13 4   0.504965
13 5   0.504965
13 6   0.504965
13 7   0.504965
13 8   0.504965
13 9   0.504965
13 10   0.504965
13 11   0.504965
13 12   0.504965
13 13   0.504965
13 14   0.504965
13 15   0.504965
13 16   0.504965
13 17   0.504965
13 18   0.504965
13 19   0.504965
13 20   0.504965
13 21   0.504965
13 22   0.504965
13 23   0.504965
13 24   0.504965
13 25   0.504965
13 26   0.504965
13 27   0.504965
13 28   0.504965
13 29   0.504965
13 30   0.504965
13 31   0.504965
13 32   0.504965
13 33   0.504965
13 34   0.504965
13 35   0.504965
13 36   0.504965
13 37   0.504965
13 38   0.504965
13 39   0.504965
13 40   0.504965
14 1   0.518389
14 2   0.518389
14 3   0.518389
14 4   0.518389
14 5   0.518389
14 6   0.518389
14 7   0.518389
14 8   0.518389
14 9   0.518389
14 10   0.518389
14 11   0.518389
14 12   0.518389
14 13   0.518389
14 14   0.518389
14 15   0.518389
14 16   0.518389
14 17   0.518389
14 18   0.518389
14 19   0.518389
14 20   0.518389
14 21   0.518389
14 22   0.518389
14 23   0.518389
14 24   0.518389
14 25   0.518389
14 26   0.518389
14 27   0.518389
14 28   0.518389
14 29   0.518389
14 30   0.518389
14 31   0.518389
14 32   0.518389
14 33   0.518389
14 34   0.518389
14 35   0.518389
14 36   0.518389
14 37   0.518389
14 38   0.518389
14 39   0.518389
14 40   0.518389
15 1   0.52018
15 2   0.52018
15 3   0.52018
15 4   0.52018
15 5   0.52018
15 6   0.52018
15 7   0.52018
15 8   0.52018
15 9   0.52018
15 10   0.52018
15 11   0.52018
15 12   0.52018
15 13   0.52018
15 14   0.52018
15 15   0.52018
15 16   0.52018
15 17   0.52018
15 18   0.52018
15 19   0.52018
15 20   0.52018
15 21   0.52018
15 22   0.52018
15 23   0.52018
15 24   0.52018
15 25   0.52018
15 26   0.52018
15 27   0.52018
15 28   0.52018
15 29   0.52018
15 30   0.52018
15 31   0.52018
15 32   0.52018
15 33   0.52018
15 34   0.52018
15 35   0.52018
15 36   0.52018
15 37   0.52018
15 38   0.52018
15 39   0.52018
15 40   0.52018
16 1   0.514033
16 2   0.514033
16 3   0.514033
16 4   0.514033
16 5   0.514033
16 6   0.514033
16 7   0.514033
16 8   0.514033
16 9   0.514033
16 10   0.514033
16 11   0.514033
16 12   0.514033
16 13   0.514033
16 14   0.514033
16 15   0.514033
16 16   0.514033
16 17   0.514033
16 18   0.514033
16 19   0.514033
16 20   0.514033
16 21   0.514033
16 22   0.514033
16 23   0.514033
16 24   0.514033
16 25   0.514033
16 26   0.514033
16 27   0.514033
16 28   0.514033
16 29   0.514033
16 30   0.514033
16 31   0.514033
16 32   0.514033
16 33   0.514033
16 34   0.514033
16 35   0.514033
16 36   0.514033
16 37   0.514033
16 38   0.514033
16 39   0.514033
16 40   0.514033
17 1   0.505768
17 2   0.505768
17 3   0.505768
17 4   0.505768
17 5   0.505768
17 6   0.505768
17 7   0.505768
17 8   0.505768
17 9   0.505768
17 10   0.505768
17 11   0.505768
17 12   0.505768
17 13   0.505768
17 14   0.505768
17 15   0.505768
17 16   0.505768
17 17   0.505768
17 18   0.505768
17 19   0.505768
17 20   0.505768
17 21   0.505768
17 22   0.505768
17 23   0.505768
17 24   0.505768
17 25   0.505768
17 26   0.505768
17 27   0.505768
17 28   0.505768
17 29   0.505768
17 30   0.505768
17 31   0.505768
17 32   0.505768
17 33   0.505768
17 34   0.505768
17 35   0.505768
17 36   0.505768
17 37   0.505768
17 38   0.505768
17 39   0.505768
17 40   0.505768
18 1   0.500369
18 2   0.500369
18 3   0.500369
18 4   0.500369
18 5   0.500369
18 6   0.500369
18 7   0.500369
18 8   0.500369
18 9   0.500369
18 10   0.500369
18 11   0.500369
18 12   0.500369
18 13   0.500369
18 14   0.500369
18 15   0.500369
18 16   0.500369
18 17   0.500369
18 18   0.500369
18 19   0.500369
18 20   0.500369
18 21   0.500369
18 22   0.500369
18 23   0.500369
18 24   0.500369
18 25   0.500369
18 26   0.500369
18 27   0.500369
18 28   0.500369
18 29   0.500369
18 30   0.500369
18 31   0.500369
18 32   0.500369
18 33   0.500369
18 34   0.500369
18 35   0.500369
18 36   0.500369
18 37   0.500369
18 38   0.500369
18 39   0.500369
18 40   0.500369
19 1   0.499435
19 2   0.499435
19 3   0.499435
19 4   0.499435
19 5   0.499435
19 6   0.499435
19 7   0.499435
19 8   0.499435
19 9   0.499435
19 10   0.499435
19 11   0.499435
19 12   0.499435
19 13   0.499435
19 14   0.499435
19 15   0.499435
19 16   0.499435
19 17   0.499435
19 18   0.499435
19 19   0.499435
19 20   0.499435
19 21   0.499435
19 22   0.499435
19 23   0.499435
19 24   0.499435
19 25   0.499435
19 26   0.499435
19 27   0.499435
19 28   0.499435
19 29   0.499435
19 30   0.499435
19 31   0.499435
19 32   0.499435
19 33   0.499435
19 34   0.499435
19 35   0.499435
19 36   0.499435
19 37   0.499435
19 38   0.499435
19 39   0.499435
19 40   0.499435
20 1   0.500584
20 2   0.500584
20 3   0.500584
20 4   0.500584
20 5   0.500584
20 6   0.500584
20 7   0.500584
20 8   0.500584
20 9   0.500584
20 10   0.500584
20 11   0.500584
20 12   0.500584
20 13   0.500584
20 14   0.500584
20 15   0.500584
20 16   0.500584
20 17   0.500584
20 18   0.500584
20 19   0.500584
20 20   0.500584
20 21   0.500584
20 22   0.500584
20 23   0.500584
20 24   0.500584
20 25   0.500584
20 26   0.500584
20 27   0.500584
20 28   0.500584
20 29   0.500584
20 30   0.500584
20 31   0.500584
20 32   0.500584
20 33   0.500584
20 34   0.500584
20 35   0.500584
20 36   0.500584
20 37   0.500584
20 38   0.500584
20 39   0.500584
20 40   0.500584
21 1   0.499694
21 2   0.499694
21 3   0.499694
21 4   0.499694
21 5   0.499694
21 6   0.499694
21 7   0.499694
21 8   0.499694
21 9   0.499694
21 10   0.499694
21 11   0.499694
21 12   0.499694
21 13   0.499694
21 14   0.499694
21 15   0.499694
21 16   0.499694
21 17   0.499694
21 18   0.499694
21 19   0.499694
21 20   0.499694
21 21   0.499694
21 22   0.499694
21 23   0.499694
21 24   0.499694
21 25   0.499694
21 26   0.499694
21 27   0.499694
21 28   0.499694
21 29   0.499694
21 30   0.499694
21 31   0.499694
21 32   0.499694
21 33   0.499694
21 34   0.499694
21 35   0.499694
21 36   0.499694
21 37   0.499694
21 38   0.499694
21 39   0.499694
21 40   0.499694
22 1   0.494424
22 2   0.494424
22 3   0.494424
22 4   0.494424
22 5   0.494424
22 6   0.494424
22 7   0.494424
22 8   0.494424
22 9   0.494424
22 10   0.494424
22 11   0.494424
22 12   0.494424
22 13   0.494424
22 14   0.494424
22 15   0.494424
22 16   0.494424
22 17   0.494424
22 18   0.494424
22 19   0.494424
22 20   0.494424
22 21   0.494424
22 22   0.494424
22 23   0.494424
22 24   0.494424
22 25   0.494424
22 26   0.494424
22 27   0.494424
22 28   0.494424
22 29   0.494424
22 30   0.494424
22 31   0.494424
22 32   0.494424
22 33   0.494424
22 34   0.494424
22 35   0.494424
22 36   0.494424
22 37   0.494424
22 38   0.494424
22 39   0.494424
22 40   0.494424
23 1   0.48623
23 2   0.48623
23 3   0.48623
23 4   0.48623
23 5   0.48623
23 6   0.48623
23 7   0.48623
23 8   0.48623
23 9   0.48623
23 10   0.48623
23 11   0.48623
23 12   0.48623
23 13   0.48623
23 14   0.48623
23 15   0.48623
23 16   0.48623
23 17   0.48623
23 18   0.48623
23 19   0.48623
23 20   0.48623
23 21   0.48623
23 22   0.48623
23 23   0.48623
23 24   0.48623
23 25   0.48623
23 26   0.48623
23 27   0.48623
23 28   0.48623
23 29   0.48623
23 30   0.48623
23 31   0.48623
23 32   0.48623
23 33   0.48623
23 34   0.48623
23 35   0.48623
23 36   0.48623
23 37   0.48623
23 38   0.48623
23 39   0.48623
23 40   0.48623
24 1   0.47988
24 2   0.47988
24 3   0.47988
24 4   0.47988
24 5   0.47988
24 6   0.47988
24 7   0.47988
24 8   0.47988
24 9   0.47988
24 10   0.47988
24 11   0.47988
24 12   0.47988
24 13   0.47988
24 14   0.47988
24 15   0.47988
24 16   0.47988
24 17   0.47988
24 18   0.47988
24 19   0.47988
24 20   0.47988
24 21   0.47988
24 22   0.47988
24 23   0.47988
24 24   0.47988
24 25   0.47988
24 26   0.47988
24 27   0.47988
24 28   0.47988
24 29   0.47988
24 30   0.47988
24 31   0.47988
24 32   0.47988
24 33   0.47988
24 34   0.47988
24 35   0.47988
24 36   0.47988
24 37   0.47988
24 38   0.47988
24 39   0.47988
24 40   0.47988
25 1   0.481342
25 2   0.481342
25 3   0.481342
25 4   0.481342
25 5   0.481342
25 6   0.481342
25 7   0.481342
25 8   0.481342
25 9   0.481342
25 10   0.481342
25 11   0.481342
25 12   0.481342
25 13   0.481342
25 14   0.481342
25 15   0.481342
25 16   0.481342
25 17   0.481342
25 18   0.481342
25 19   0.481342
25 20   0.481342
25 21   0.481342
25 22   0.481342
25 23   0.481342
25 24   0.481342
25 25   0.481342
25 26   0.481342
25 27   0.481342
25 28   0.481342
25 29   0.481342
25 30   0.481342
25 31   0.481342
25 32   0.481342
25 33   0.481342
25 34   0.481342
25 35   0.481342
25 36   0.481342
25 37   0.481342
25 38   0.481342
25 39   0.481342
25 40   0.481342
26 1   0.494765
26 2   0.494765
26 3   0.494765
26 4   0.494765
26 5   0.494765
26 6   0.494765
26 7   0.494765
26 8   0.494765
26 9   0.494765
26 10   0.494765
26 11   0.494765
26 12   0.494765
26 13   0.494765
26 14   0.494765
26 15   0.494765
26 16   0.494765
26 17   0.494765
26 18   0.494765
26 19   0.494765
26 20   0.494765
26 21   0.494765
26 22   0.494765
26 23   0.494765
26 24   0.494765
26 25   0.494765
26 26   0.494765
26 27   0.494765
26 28   0.494765
26 29   0.494765
26 30   0.494765
26 31   0.494765
26 32   0.494765
26 33   0.494765
26 34   0.494765
26 35   0.494765
26 36   0.494765
26 37   0.494765
26 38   0.494765
26 39   0.494765
26 40   0.494765
27 1   0.519146
27 2   0.519146
27 3   0.519146
27 4   0.519146
27 5   0.519146
27 6   0.519146
27 7   0.519146
27 8   0.519146
27 9   0.519146
27 10   0.519146
27 11   0.519146
27 12   0.519146
27 13   0.519146
27 14   0.519146
27 15   0.519146
27 16   0.519146
27 17   0.519146
27 18   0.519146
27 19   0.519146
27 20   0.519146
27 21   0.519146
27 22   0.519146
27 23   0.519146
27 24   0.519146
27 25   0.519146
27 26   0.519146
27 27   0.519146
27 28   0.519146
27 29   0.519146
27 30   0.519146
27 31   0.519146
27 32   0.519146
27 33   0.519146
27 34   0.519146
27 35   0.519146
27 36   0.519146
27 37   0.519146
27 38   0.519146
27 39   0.519146
27 40   0.519146
28 1   0.546686
28 2   0.546686
28 3   0.546686
28 4   0.546686
28 5   0.546686
28 6   0.546686
28 7   0.546686
28 8   0.546686
28 9   0.546686
28 10   0.546686
28 11   0.546686
28 12   0.546686
28 13   0.546686
28 14   0.546686
28 15   0.546686
28 16   0.546686
28 17   0.546686
28 18   0.546686
28 19   0.546686
28 20   0.546686
28 21   0.546686
28 22   0.546686
28 23   0.546686
28 24   0.546686
28 25   0.546686
28 26   0.546686
28 27   0.546686
28 28   0.546686
28 29   0.546686
28 30   0.546686
28 31   0.546686
28 32   0.546686
28 33   0.546686
28 34   0.546686
28 35   0.546686
28 36   0.546686
28 37   0.546686
28 38   0.546686
28 39   0.546686
28 40   0.546686
29 1   0.565103
29 2   0.565103
29 3   0.565103
29 4   0.565103
29 5   0.565103
29 6   0.565103
29 7   0.565103
29 8   0.565103
29 9   0.565103
29 10   0.565103
29 11   0.565103
29 12   0.565103
29 13   0.565103
29 14   0.565103
29 15   0.565103
29 16   0.565103
29 17   0.565103
29 18   0.565103
29 19   0.565103
29 20   0.565103
29 21   0.565103
29 22   0.565103
29 23   0.565103
29 24   0.565103
29 25   0.565103
29 26   0.565103
29 27   0.565103
29 28   0.565103
29 29   0.565103
29 30   0.565103
29 31   0.565103
29 32   0.565103
29 33   0.565103
29 34   0.565103
29 35   0.565103
29 36   0.565103
29 37   0.565103
29 38   0.565103
29 39   0.565103
29 40   0.565103
30 1   0.563434
30 2   0.563434
30 3   0.563434
30 4   0.563434
30 5   0.563434
30 6   0.563434
30 7   0.563434
30 8   0.563434
30 9   0.563434
30 10   0.563434
30 11   0.563434
30 12   0.563434
30 13   0.563434
30 14   0.563434
30 15   0.563434
30 16   0.563434
30 17   0.563434
30 18   0.563434
30 19   0.563434
30 20   0.563434
30 21   0.563434
30 22   0.563434
30 23   0.563434
30 24   0.563434
30 25   0.563434
30 26   0.563434
30 27   0.563434
30 28   0.563434
30 29   0.563434
30 30   0.563434
30 31   0.563434
30 32   0.563434
30 33   0.563434
30 34   0.563434
30 35   0.563434
30 36   0.563434
30 37   0.563434
30 38   0.563434
30 39   0.563434
30 40   0.563434
31 1   0.537556
31 2   0.537556
31 3   0.537556
31 4   0.537556
31 5   0.537556
31 6   0.537556
31 7   0.537556
31 8   0.537556
31 9   0.537556
31 10   0.537556
31 11   0.537556
31 12   0.537556
31 13   0.537556
31 14   0.537556
31 15   0.537556
31 16   0.537556
31 17   0.537556
31 18   0.537556
31 19   0.537556
31 20   0.537556
31 21   0.537556
31 22   0.537556
31 23   0.537556
31 24   0.537556
31 25   0.537556
31 26   0.537556
31 27   0.537556
31 28   0.537556
31 29   0.537556
31 30   0.537556
31 31   0.537556
31 32   0.537556
31 33   0.537556
31 34   0.537556
31 35   0.537556
31 36   0.537556
31 37   0.537556
31 38   0.537556
31 39   0.537556
31 40   0.537556
32 1   0.491248
32 2   0.491248
32 3   0.491248
32 4   0.491248
32 5   0.491248
32 6   0.491248
32 7   0.491248
32 8   0.491248
32 9   0.491248
32 10   0.491248
32 11   0.491248
32 12   0.491248
32 13   0.491248
32 14   0.491248
32 15   0.491248
32 16   0.491248
32 17   0.491248
32 18   0.491248
32 19   0.491248
32 20   0.491248
32 21   0.491248
32 22   0.491248
32 23   0.491248
32 24   0.491248
32 25   0.491248
32 26   0.491248
32 27   0.491248
32 28   0.491248
32 29   0.491248
32 30   0.491248
32 31   0.491248
32 32   0.491248
32 33   0.491248
32 34   0.491248
32 35   0.491248
32 36   0.491248
32 37   0.491248
32 38   0.491248
32 39   0.491248
32 40   0.491248
33 1   0.432394
33 2   0.432394
33 3   0.432394
33 4   0.432394
33 5   0.432394
33 6   0.432394
33 7   0.432394
33 8   0.432394
33 9   0.432394
33 10   0.432394
33 11   0.432394
33 12   0.432394
33 13   0.432394
33 14   0.432394
33 15   0.432394
33 16   0.432394
33 17   0.432394
33 18   0.432394
33 19   0.432394
33 20   0.432394
33 21   0.432394
33 22   0.432394
33 23   0.432394
33 24   0.432394
33 25   0.432394
33 26   0.432394
33 27   0.432394
33 28   0.432394
33 29   0.432394
33 30   0.432394
33 31   0.432394
33 32   0.432394
33 33   0.432394
33 34   0.432394
33 35   0.432394
33 36   0.432394
33 37   0.432394
33 38   0.432394
33 39   0.432394
33 40   0.432394
34 1   0.368263
34 2   0.368263
34 3   0.368263
34 4   0.368263
34 5   0.368263
34 6   0.368263
34 7   0.368263
34 8   0.368263
34 9   0.368263
34 10   0.368263
34 11   0.368263
34 12   0.368263
34 13   0.368263
34 14   0.368263
34 15   0.368263
34 16   0.368263
34 17   0.368263
34 18   0.368263
34 19   0.368263
34 20   0.368263
34 21   0.368263
34 22   0.368263
34 23   0.368263
34 24   0.368263
34 25   0.368263
34 26   0.368263
34 27   0.368263
34 28   0.368263
34 29   0.368263
34 30   0.368263
34 31   0.368263
34 32   0.368263
34 33   0.368263
34 34   0.368263
34 35   0.368263
34 36   0.368263
34 37   0.368263
34 38   0.368263
34 39   0.368263
34 40   0.368263
35 1   0.303863
35 2   0.303863
35 3   0.303863
35 4   0.303863
35 5   0.303863
35 6   0.303863
35 7   0.303863
35 8   0.303863
35 9   0.303863
35 10   0.303863
35 11   0.303863
35 12   0.303863
35 13   0.303863
35 14   0.303863
35 15   0.303863
35 16   0.303863
35 17   0.303863
35 18   0.303863
35 19   0.303863
35 20   0.303863
35 21   0.303863
35 22   0.303863
35 23   0.303863
35 24   0.303863
35 25   0.303863
35 26   0.303863
35 27   0.303863
35 28   0.303863
35 29   0.303863
35 30   0.303863
35 31   0.303863
35 32   0.303863
35 33   0.303863
35 34   0.303863
35 35   0.303863
35 36   0.303863
35 37   0.303863
35 38   0.303863
35 39   0.303863
35 40   0.303863
36 1   0.243176
36 2   0.243176
36 3   0.243176
36 4   0.243176
36 5   0.243176
36 6   0.243176
36 7   0.243176
36 8   0.243176
36 9   0.243176
36 10   0.243176
36 11   0.243176
36 12   0.243176
36 13   0.243176
36 14   0.243176
36 15   0.243176
36 16   0.243176
36 17   0.243176
36 18   0.243176
36 19   0.243176
36 20   0.243176
36 21   0.243176
36 22   0.243176
36 23   0.243176
36 24   0.243176
36 25   0.243176
36 26   0.243176
36 27   0.243176
36 28   0.243176
36 29   0.243176
36 30   0.243176
36 31   0.243176
36 32   0.243176
36 33   0.243176
36 34   0.243176
36 35   0.243176
36 36   0.243176
36 37   0.243176
36 38   0.243176
36 39   0.243176
36 40   0.243176
37 1   0.190193
37 2   0.190193
37 3   0.190193
37 4   0.190193
37 5   0.190193
37 6   0.190193
37 7   0.190193
37 8   0.190193
37 9   0.190193
37 10   0.190193
37 11   0.190193
37 12   0.190193
37 13   0.190193
37 14   0.190193
37 15   0.190193
37 16   0.190193
37 17   0.190193
37 18   0.190193
37 19   0.190193
37 20   0.190193
37 21   0.190193
37 22   0.190193
37 23   0.190193
37 24   0.190193
37 25   0.190193
37 26   0.190193
37 27   0.190193
37 28   0.190193
37 29   0.190193
37 30   0.190193
37 31   0.190193
37 32   0.190193
37 33   0.190193
37 34   0.190193
37 35   0.190193
37 36   0.190193
37 37   0.190193
37 38   0.190193
37 39   0.190193
37 40   0.190193
38 1   0.148349
38 2   0.148349
38 3   0.148349
38 4   0.148349
38 5   0.148349
38 6   0.148349
38 7   0.148349
38 8   0.148349
38 9   0.148349
38 10   0.148349
38 11   0.148349
38 12   0.148349
38 13   0.148349
38 14   0.148349
38 15   0.148349
38 16   0.148349
38 17   0.148349
38 18   0.148349
38 19   0.148349
38 20   0.148349
38 21   0.148349
38 22   0.148349
38 23   0.148349
38 24   0.148349
38 25   0.148349
38 26   0.148349
38 27   0.148349
38 28   0.148349
38 29   0.148349
38 30   0.148349
38 31   0.148349
38 32   0.148349
38 33   0.148349
38 34   0.148349
38 35   0.148349
38 36   0.148349
38 37   0.148349
38 38   0.148349
38 39   0.148349
38 40   0.148349
39 1   0.119744
39 2   0.119744
39 3   0.119744
39 4   0.119744
39 5   0.119744
39 6   0.119744
39 7   0.119744
39 8   0.119744
39 9   0.119744
39 10   0.119744
39 11   0.119744
39 12   0.119744
39 13   0.119744
39 14   0.119744
39 15   0.119744
39 16   0.119744
39 17   0.119744
39 18   0.119744
39 19   0.119744
39 20   0.119744
39 21   0.119744
39 22   0.119744
39 23   0.119744
39 24   0.119744
39 25   0.119744
39 26   0.119744
39 27   0.119744
39 28   0.119744
39 29   0.119744
39 30   0.119744
39 31   0.119744
39 32   0.119744
39 33   0.119744
39 34   0.119744
39 35   0.119744
39 36   0.119744
39 37   0.119744
39 38   0.119744
39 39   0.119744
39 40   0.119744
40 1   0.105286
40 2   0.105286
40 3   0.105286
40 4   0.105286
40 5   0.105286
40 6   0.105286
40 7   0.105286
40 8   0.105286
40 9   0.105286
40 10   0.105286
40 11   0.105286
40 12   0.105286
40 13   0.105286
40 14   0.105286
40 15   0.105286
40 16   0.105286
40 17   0.105286
40 18   0.105286
40 19   0.105286
40 20   0.105286
40 21   0.105286
40 22   0.105286
40 23   0.105286
40 24   0.105286
40 25   0.105286
40 26   0.105286
40 27   0.105286
40 28   0.105286
40 29   0.105286
40 30   0.105286
40 31   0.105286
40 32   0.105286
40 33   0.105286
40 34   0.105286
40 35   0.105286
40 36   0.105286
40 37   0.105286
40 38   0.105286
40 39   0.105286
40 40   0.105286
