1 1   0.0102955
1 2   0.0102955
1 3   0.0102955
1 4   0.0102955
1 5   0.0102955
1 6   0.0102955
1 7   0.0102955
1 8   0.0102955
1 9   0.0102955
1 10   0.0102955
1 11   0.0102955
1 12   0.0102955
1 13   0.0102955
1 14   0.0102955
1 15   0.0102955
1 16   0.0102955
1 17   0.0102955
1 18   0.0102955
1 19   0.0102955
1 20   0.0102955
1 21   0.0102955
1 22   0.0102955
1 23   0.0102955
1 24   0.0102955
1 25   0.0102955
1 26   0.0102955
1 27   0.0102955
1 28   0.0102955
1 29   0.0102955
1 30   0.0102955
1 31   0.0102955
1 32   0.0102955
1 33   0.0102955
1 34   0.0102955
1 35   0.0102955
1 36   0.0102955
1 37   0.0102955
1 38   0.0102955
1 39   0.0102955
1 40   0.0102955
2 1   0.00801935
2 2   0.00801935
2 3   0.00801935
2 4   0.00801935
2 5   0.00801935
2 6   0.00801935
2 7   0.00801935
2 8   0.00801935
2 9   0.00801935
2 10   0.00801935
2 11   0.00801935
2 12   0.00801935
2 13   0.00801935
2 14   0.00801935
2 15   0.00801935
2 16   0.00801935
2 17   0.00801935
2 18   0.00801935
2 19   0.00801935
2 20   0.00801935
2 21   0.00801935
2 22   0.00801935
2 23   0.00801935
2 24   0.00801935
2 25   0.00801935
2 26   0.00801935
2 27   0.00801935
2 28   0.00801935
2 29   0.00801935
2 30   0.00801935
2 31   0.00801935
2 32   0.00801935
2 33   0.00801935
2 34   0.00801935
2 35   0.00801935
2 36   0.00801935
2 37   0.00801935
2 38   0.00801935
2 39   0.00801935
2 40   0.00801935
3 1   0.0117697
3 2   0.0117697
3 3   0.0117697
3 4   0.0117697
3 5   0.0117697
3 6   0.0117697
3 7   0.0117697
3 8   0.0117697
3 9   0.0117697
3 10   0.0117697
3 11   0.0117697
3 12   0.0117697
3 13   0.0117697
3 14   0.0117697
3 15   0.0117697
3 16   0.0117697
3 17   0.0117697
3 18   0.0117697
3 19   0.0117697
3 20   0.0117697
3 21   0.0117697
3 22   0.0117697
3 23   0.0117697
3 24   0.0117697
3 25   0.0117697
3 26   0.0117697
3 27   0.0117697
3 28   0.0117697
3 29   0.0117697
3 30   0.0117697
3 31   0.0117697
3 32   0.0117697
3 33   0.0117697
3 34   0.0117697
3 35   0.0117697
3 36   0.0117697
3 37   0.0117697
3 38   0.0117697
3 39   0.0117697
3 40   0.0117697
4 1   0.0271174
4 2   0.0271174
4 3   0.0271174
4 4   0.0271174
4 5   0.0271174
4 6   0.0271174
4 7   0.0271174
4 8   0.0271174
4 9   0.0271174
4 10   0.0271174
4 11   0.0271174
4 12   0.0271174
4 13   0.0271174
4 14   0.0271174
4 15   0.0271174
4 16   0.0271174
4 17   0.0271174
4 18   0.0271174
4 19   0.0271174
4 20   0.0271174
4 21   0.0271174
4 22   0.0271174
4 23   0.0271174
4 24   0.0271174
4 25   0.0271174
4 26   0.0271174
4 27   0.0271174
4 28   0.0271174
4 29   0.0271174
4 30   0.0271174
4 31   0.0271174
4 32   0.0271174
4 33   0.0271174
4 34   0.0271174
4 35   0.0271174
4 36   0.0271174
4 37   0.0271174
4 38   0.0271174
4 39   0.0271174
4 40   0.0271174
5 1   0.0501363
5 2   0.0501363
5 3   0.0501363
5 4   0.0501363
5 5   0.0501363
5 6   0.0501363
5 7   0.0501363
5 8   0.0501363
5 9   0.0501363
5 10   0.0501363
5 11   0.0501363
5 12   0.0501363
5 13   0.0501363
5 14   0.0501363
5 15   0.0501363
5 16   0.0501363
5 17   0.0501363
5 18   0.0501363
5 19   0.0501363
5 20   0.0501363
5 21   0.0501363
5 22   0.0501363
5 23   0.0501363
5 24   0.0501363
5 25   0.0501363
5 26   0.0501363
5 27   0.0501363
5 28   0.0501363
5 29   0.0501363
5 30   0.0501363
5 31   0.0501363
5 32   0.0501363
5 33   0.0501363
5 34   0.0501363
5 35   0.0501363
5 36   0.0501363
5 37   0.0501363
5 38   0.0501363
5 39   0.0501363
5 40   0.0501363
6 1   0.0755311
6 2   0.0755311
6 3   0.0755311
6 4   0.0755311
6 5   0.0755311
6 6   0.0755311
6 7   0.0755311
6 8   0.0755311
6 9   0.0755311
6 10   0.0755311
6 11   0.0755311
6 12   0.0755311
6 13   0.0755311
6 14   0.0755311
6 15   0.0755311
6 16   0.0755311
6 17   0.0755311
6 18   0.0755311
6 19   0.0755311
6 20   0.0755311
6 21   0.0755311
6 22   0.0755311
6 23   0.0755311
6 24   0.0755311
6 25   0.0755311
6 26   0.0755311
6 27   0.0755311
6 28   0.0755311
6 29   0.0755311
6 30   0.0755311
6 31   0.0755311
6 32   0.0755311
6 33   0.0755311
6 34   0.0755311
6 35   0.0755311
6 36   0.0755311
6 37   0.0755311
6 38   0.0755311
6 39   0.0755311
6 40   0.0755311
7 1   0.10823
7 2   0.10823
7 3   0.10823
7 4   0.10823
7 5   0.10823
7 6   0.10823
7 7   0.10823
7 8   0.10823
7 9   0.10823
7 10   0.10823
7 11   0.10823
7 12   0.10823
7 13   0.10823
7 14   0.10823
7 15   0.10823
7 16   0.10823
7 17   0.10823
7 18   0.10823
7 19   0.10823
7 20   0.10823
7 21   0.10823
7 22   0.10823
7 23   0.10823
7 24   0.10823
7 25   0.10823
7 26   0.10823
7 27   0.10823
7 28   0.10823
7 29   0.10823
7 30   0.10823
7 31   0.10823
7 32   0.10823
7 33   0.10823
7 34   0.10823
7 35   0.10823
7 36   0.10823
7 37   0.10823
7 38   0.10823
7 39   0.10823
7 40   0.10823
8 1   0.159027
8 2   0.159027
8 3   0.159027
8 4   0.159027
8 5   0.159027
8 6   0.159027
8 7   0.159027
8 8   0.159027
8 9   0.159027
8 10   0.159027
8 11   0.159027
8 12   0.159027
8 13   0.159027
8 14   0.159027
8 15   0.159027
8 16   0.159027
8 17   0.159027
8 18   0.159027
8 19   0.159027
8 20   0.159027
8 21   0.159027
8 22   0.159027
8 23   0.159027
8 24   0.159027
8 25   0.159027
8 26   0.159027
8 27   0.159027
8 28   0.159027
8 29   0.159027
8 30   0.159027
8 31   0.159027
8 32   0.159027
8 33   0.159027
8 34   0.159027
8 35   0.159027
8 36   0.159027
8 37   0.159027
8 38   0.159027
8 39   0.159027
8 40   0.159027
9 1   0.230133
9 2   0.230133
9 3   0.230133
9 4   0.230133
9 5   0.230133
9 6   0.230133
9 7   0.230133
9 8   0.230133
9 9   0.230133
9 10   0.230133
9 11   0.230133
9 12   0.230133
9 13   0.230133
9 14   0.230133
9 15   0.230133
9 16   0.230133
9 17   0.230133
9 18   0.230133
9 19   0.230133
9 20   0.230133
9 21   0.230133
9 22   0.230133
9 23   0.230133
9 24   0.230133
9 25   0.230133
9 26   0.230133
9 27   0.230133
9 28   0.230133
9 29   0.230133
9 30   0.230133
9 31   0.230133
9 32   0.230133
9 33   0.230133
9 34   0.230133
9 35   0.230133
9 36   0.230133
9 37   0.230133
9 38   0.230133
9 39   0.230133
9 40   0.230133
10 1   0.31237
10 2   0.31237
10 3   0.31237
10 4   0.31237
10 5   0.31237
10 6   0.31237
10 7   0.31237
10 8   0.31237
10 9   0.31237
10 10   0.31237
10 11   0.31237
10 12   0.31237
10 13   0.31237
10 14   0.31237
10 15   0.31237
10 16   0.31237
10 17   0.31237
10 18   0.31237
10 19   0.31237
10 20   0.31237
10 21   0.31237
10 22   0.31237
10 23   0.31237
10 24   0.31237
10 25   0.31237
10 26   0.31237
10 27   0.31237
10 28   0.31237
10 29   0.31237
10 30   0.31237
10 31   0.31237
10 32   0.31237
10 33   0.31237
10 34   0.31237
10 35   0.31237
10 36   0.31237
10 37   0.31237
10 38   0.31237
10 39   0.31237
10 40   0.31237
11 1   0.3937
11 2   0.3937
11 3   0.3937
11 4   0.3937
11 5   0.3937
11 6   0.3937
11 7   0.3937
11 8   0.3937
11 9   0.3937
11 10   0.3937
11 11   0.3937
11 12   0.3937
11 13   0.3937
11 14   0.3937
11 15   0.3937
11 16   0.3937
11 17   0.3937
11 18   0.3937
11 19   0.3937
11 20   0.3937
11 21   0.3937
11 22   0.3937
11 23   0.3937
11 24   0.3937
11 25   0.3937
11 26   0.3937
11 27   0.3937
11 28   0.3937
11 29   0.3937
11 30   0.3937
11 31   0.3937
11 32   0.3937
11 33   0.3937
11 34   0.3937
11 35   0.3937
11 36   0.3937
11 37   0.3937
11 38   0.3937
11 39   0.3937
11 40   0.3937
12 1   0.464749
12 2   0.464749
12 3   0.464749
12 4   0.464749
12 5   0.464749
12 6   0.464749
12 7   0.464749
12 8   0.464749
12 9   0.464749
12 10   0.464749
12 11   0.464749
12 12   0.464749
12 13   0.464749
12 14   0.464749
12 15   0.464749
12 16   0.464749
12 17   0.464749
12 18   0.464749
12 19   0.464749
12 20   0.464749
12 21   0.464749
12 22   0.464749
12 23   0.464749
12 24   0.464749
12 25   0.464749
12 26   0.464749
12 27   0.464749
12 28   0.464749
12 29   0.464749
12 30   0.464749
12 31   0.464749
12 32   0.464749
12 33   0.464749
12 34   0.464749
12 35   0.464749
12 36   0.464749
12 37   0.464749
12 38   0.464749
12 39   0.464749
12 40   0.464749
13 1   0.519928
13 2   0.519928
13 3   0.519928
13 4   0.519928
13 5   0.519928
13 6   0.519928
13 7   0.519928
13 8   0.519928
13 9   0.519928
13 10   0.519928
13 11   0.519928
13 12   0.519928
13 13   0.519928
13 14   0.519928
13 15   0.519928
13 16   0.519928
13 17   0.519928
13 18   0.519928
13 19   0.519928
13 20   0.519928
13 21   0.519928
13 22   0.519928
13 23   0.519928
13 24   0.519928
13 25   0.519928
13 26   0.519928
13 27   0.519928
13 28   0.519928
13 29   0.519928
13 30   0.519928
13 31   0.519928
13 32   0.519928
13 33   0.519928
13 34   0.519928
13 35   0.519928
13 36   0.519928
13 37   0.519928
13 38   0.519928
13 39   0.519928
13 40   0.519928
14 1   0.556704
14 2   0.556704
14 3   0.556704
14 4   0.556704
14 5   0.556704
14 6   0.556704
14 7   0.556704
14 8   0.556704
14 9   0.556704
14 10   0.556704
14 11   0.556704
14 12   0.556704
14 13   0.556704
14 14   0.556704
14 15   0.556704
14 16   0.556704
14 17   0.556704
14 18   0.556704
14 19   0.556704
14 20   0.556704
14 21   0.556704
14 22   0.556704
14 23   0.556704
14 24   0.556704
14 25   0.556704
14 26   0.556704
14 27   0.556704
14 28   0.556704
14 29   0.556704
14 30   0.556704
14 31   0.556704
14 32   0.556704
14 33   0.556704
14 34   0.556704
14 35   0.556704
14 36   0.556704
14 37   0.556704
14 38   0.556704
14 39   0.556704
14 40   0.556704
15 1   0.572345
15 2   0.572345
15 3   0.572345
15 4   0.572345
15 5   0.572345
15 6   0.572345
15 7   0.572345
15 8   0.572345
15 9   0.572345
15 10   0.572345
15 11   0.572345
15 12   0.572345
15 13   0.572345
15 14   0.572345
15 15   0.572345
15 16   0.572345
15 17   0.572345
15 18   0.572345
15 19   0.572345
15 20   0.572345
15 21   0.572345
15 22   0.572345
15 23   0.572345
15 24   0.572345
15 25   0.572345
15 26   0.572345
15 27   0.572345
15 28   0.572345
15 29   0.572345
15 30   0.572345
15 31   0.572345
15 32   0.572345
15 33   0.572345
15 34   0.572345
15 35   0.572345
15 36   0.572345
15 37   0.572345
15 38   0.572345
15 39   0.572345
15 40   0.572345
16 1   0.562981
16 2   0.562981
16 3   0.562981
16 4   0.562981
16 5   0.562981
16 6   0.562981
16 7   0.562981
16 8   0.562981
16 9   0.562981
16 10   0.562981
16 11   0.562981
16 12   0.562981
16 13   0.562981
16 14   0.562981
16 15   0.562981
16 16   0.562981
16 17   0.562981
16 18   0.562981
16 19   0.562981
16 20   0.562981
16 21   0.562981
16 22   0.562981
16 23   0.562981
16 24   0.562981
16 25   0.562981
16 26   0.562981
16 27   0.562981
16 28   0.562981
16 29   0.562981
16 30   0.562981
16 31   0.562981
16 32   0.562981
16 33   0.562981
16 34   0.562981
16 35   0.562981
16 36   0.562981
16 37   0.562981
16 38   0.562981
16 39   0.562981
16 40   0.562981
17 1   0.529648
17 2   0.529648
17 3   0.529648
17 4   0.529648
17 5   0.529648
17 6   0.529648
17 7   0.529648
17 8   0.529648
17 9   0.529648
17 10   0.529648
17 11   0.529648
17 12   0.529648
17 13   0.529648
17 14   0.529648
17 15   0.529648
17 16   0.529648
17 17   0.529648
17 18   0.529648
17 19   0.529648
17 20   0.529648
17 21   0.529648
17 22   0.529648
17 23   0.529648
17 24   0.529648
17 25   0.529648
17 26   0.529648
17 27   0.529648
17 28   0.529648
17 29   0.529648
17 30   0.529648
17 31   0.529648
17 32   0.529648
17 33   0.529648
17 34   0.529648
17 35   0.529648
17 36   0.529648
17 37   0.529648
17 38   0.529648
17 39   0.529648
17 40   0.529648
18 1   0.485362
18 2   0.485362
18 3   0.485362
18 4   0.485362
18 5   0.485362
18 6   0.485362
18 7   0.485362
18 8   0.485362
18 9   0.485362
18 10   0.485362
18 11   0.485362
18 12   0.485362
18 13   0.485362
18 14   0.485362
18 15   0.485362
18 16   0.485362
18 17   0.485362
18 18   0.485362
18 19   0.485362
18 20   0.485362
18 21   0.485362
18 22   0.485362
18 23   0.485362
18 24   0.485362
18 25   0.485362
18 26   0.485362
18 27   0.485362
18 28   0.485362
18 29   0.485362
18 30   0.485362
18 31   0.485362
18 32   0.485362
18 33   0.485362
18 34   0.485362
18 35   0.485362
18 36   0.485362
18 37   0.485362
18 38   0.485362
18 39   0.485362
18 40   0.485362
19 1   0.452764
19 2   0.452764
19 3   0.452764
19 4   0.452764
19 5   0.452764
19 6   0.452764
19 7   0.452764
19 8   0.452764
19 9   0.452764
19 10   0.452764
19 11   0.452764
19 12   0.452764
19 13   0.452764
19 14   0.452764
19 15   0.452764
19 16   0.452764
19 17   0.452764
19 18   0.452764
19 19   0.452764
19 20   0.452764
19 21   0.452764
19 22   0.452764
19 23   0.452764
19 24   0.452764
19 25   0.452764
19 26   0.452764
19 27   0.452764
19 28   0.452764
19 29   0.452764
19 30   0.452764
19 31   0.452764
19 32   0.452764
19 33   0.452764
19 34   0.452764
19 35   0.452764
19 36   0.452764
19 37   0.452764
19 38   0.452764
19 39   0.452764
19 40   0.452764
20 1   0.450384
20 2   0.450384
20 3   0.450384
20 4   0.450384
20 5   0.450384
20 6   0.450384
20 7   0.450384
20 8   0.450384
20 9   0.450384
20 10   0.450384
20 11   0.450384
20 12   0.450384
20 13   0.450384
20 14   0.450384
20 15   0.450384
20 16   0.450384
20 17   0.450384
20 18   0.450384
20 19   0.450384
20 20   0.450384
20 21   0.450384
20 22   0.450384
20 23   0.450384
20 24   0.450384
20 25   0.450384
20 26   0.450384
20 27   0.450384
20 28   0.450384
20 29   0.450384
20 30   0.450384
20 31   0.450384
20 32   0.450384
20 33   0.450384
20 34   0.450384
20 35   0.450384
20 36   0.450384
20 37   0.450384
20 38   0.450384
20 39   0.450384
20 40   0.450384
21 1   0.479059
21 2   0.479059
21 3   0.479059
21 4   0.479059
21 5   0.479059
21 6   0.479059
21 7   0.479059
21 8   0.479059
21 9   0.479059
21 10   0.479059
21 11   0.479059
21 12   0.479059
21 13   0.479059
21 14   0.479059
21 15   0.479059
21 16   0.479059
21 17   0.479059
21 18   0.479059
21 19   0.479059
21 20   0.479059
21 21   0.479059
21 22   0.479059
21 23   0.479059
21 24   0.479059
21 25   0.479059
21 26   0.479059
21 27   0.479059
21 28   0.479059
21 29   0.479059
21 30   0.479059
21 31   0.479059
21 32   0.479059
21 33   0.479059
21 34   0.479059
21 35   0.479059
21 36   0.479059
21 37   0.479059
21 38   0.479059
21 39   0.479059
21 40   0.479059
22 1   0.520847
22 2   0.520847
22 3   0.520847
22 4   0.520847
22 5   0.520847
22 6   0.520847
22 7   0.520847
22 8   0.520847
22 9   0.520847
22 10   0.520847
22 11   0.520847
22 12   0.520847
22 13   0.520847
22 14   0.520847
22 15   0.520847
22 16   0.520847
22 17   0.520847
22 18   0.520847
22 19   0.520847
22 20   0.520847
22 21   0.520847
22 22   0.520847
22 23   0.520847
22 24   0.520847
22 25   0.520847
22 26   0.520847
22 27   0.520847
22 28   0.520847
22 29   0.520847
22 30   0.520847
22 31   0.520847
22 32   0.520847
22 33   0.520847
22 34   0.520847
22 35   0.520847
22 36   0.520847
22 37   0.520847
22 38   0.520847
22 39   0.520847
22 40   0.520847
23 1   0.549902
23 2   0.549902
23 3   0.549902
23 4   0.549902
23 5   0.549902
23 6   0.549902
23 7   0.549902
23 8   0.549902
23 9   0.549902
23 10   0.549902
23 11   0.549902
23 12   0.549902
23 13   0.549902
23 14   0.549902
23 15   0.549902
23 16   0.549902
23 17   0.549902
23 18   0.549902
23 19   0.549902
23 20   0.549902
23 21   0.549902
23 22   0.549902
23 23   0.549902
23 24   0.549902
23 25   0.549902
23 26   0.549902
23 27   0.549902
23 28   0.549902
23 29   0.549902
23 30   0.549902
23 31   0.549902
23 32   0.549902
23 33   0.549902
23 34   0.549902
23 35   0.549902
23 36   0.549902
23 37   0.549902
23 38   0.549902
23 39   0.549902
23 40   0.549902
24 1   0.547565
24 2   0.547565
24 3   0.547565
24 4   0.547565
24 5   0.547565
24 6   0.547565
24 7   0.547565
24 8   0.547565
24 9   0.547565
24 10   0.547565
24 11   0.547565
24 12   0.547565
24 13   0.547565
24 14   0.547565
24 15   0.547565
24 16   0.547565
24 17   0.547565
24 18   0.547565
24 19   0.547565
24 20   0.547565
24 21   0.547565
24 22   0.547565
24 23   0.547565
24 24   0.547565
24 25   0.547565
24 26   0.547565
24 27   0.547565
24 28   0.547565
24 29   0.547565
24 30   0.547565
24 31   0.547565
24 32   0.547565
24 33   0.547565
24 34   0.547565
24 35   0.547565
24 36   0.547565
24 37   0.547565
24 38   0.547565
24 39   0.547565
24 40   0.547565
25 1   0.514528
25 2   0.514528
25 3   0.514528
25 4   0.514528
25 5   0.514528
25 6   0.514528
25 7   0.514528
25 8   0.514528
25 9   0.514528
25 10   0.514528
25 11   0.514528
25 12   0.514528
25 13   0.514528
25 14   0.514528
25 15   0.514528
25 16   0.514528
25 17   0.514528
25 18   0.514528
25 19   0.514528
25 20   0.514528
25 21   0.514528
25 22   0.514528
25 23   0.514528
25 24   0.514528
25 25   0.514528
25 26   0.514528
25 27   0.514528
25 28   0.514528
25 29   0.514528
25 30   0.514528
25 31   0.514528
25 32   0.514528
25 33   0.514528
25 34   0.514528
25 35   0.514528
25 36   0.514528
25 37   0.514528
25 38   0.514528
25 39   0.514528
25 40   0.514528
26 1   0.470185
26 2   0.470185
26 3   0.470185
26 4   0.470185
26 5   0.470185
26 6   0.470185
26 7   0.470185
26 8   0.470185
26 9   0.470185
26 10   0.470185
26 11   0.470185
26 12   0.470185
26 13   0.470185
26 14   0.470185
26 15   0.470185
26 16   0.470185
26 17   0.470185
26 18   0.470185
26 19   0.470185
26 20   0.470185
26 21   0.470185
26 22   0.470185
26 23   0.470185
26 24   0.470185
26 25   0.470185
26 26   0.470185
26 27   0.470185
26 28   0.470185
26 29   0.470185
26 30   0.470185
26 31   0.470185
26 32   0.470185
26 33   0.470185
26 34   0.470185
26 35   0.470185
26 36   0.470185
26 37   0.470185
26 38   0.470185
26 39   0.470185
26 40   0.470185
27 1   0.437343
27 2   0.437343
27 3   0.437343
27 4   0.437343
27 5   0.437343
27 6   0.437343
27 7   0.437343
27 8   0.437343
27 9   0.437343
27 10   0.437343
27 11   0.437343
27 12   0.437343
27 13   0.437343
27 14   0.437343
27 15   0.437343
27 16   0.437343
27 17   0.437343
27 18   0.437343
27 19   0.437343
27 20   0.437343
27 21   0.437343
27 22   0.437343
27 23   0.437343
27 24   0.437343
27 25   0.437343
27 26   0.437343
27 27   0.437343
27 28   0.437343
27 29   0.437343
27 30   0.437343
27 31   0.437343
27 32   0.437343
27 33   0.437343
27 34   0.437343
27 35   0.437343
27 36   0.437343
27 37   0.437343
27 38   0.437343
27 39   0.437343
27 40   0.437343
28 1   0.428086
28 2   0.428086
28 3   0.428086
28 4   0.428086
28 5   0.428086
28 6   0.428086
28 7   0.428086
28 8   0.428086
28 9   0.428086
28 10   0.428086
28 11   0.428086
28 12   0.428086
28 13   0.428086
28 14   0.428086
28 15   0.428086
28 16   0.428086
28 17   0.428086
28 18   0.428086
28 19   0.428086
28 20   0.428086
28 21   0.428086
28 22   0.428086
28 23   0.428086
28 24   0.428086
28 25   0.428086
28 26   0.428086
28 27   0.428086
28 28   0.428086
28 29   0.428086
28 30   0.428086
28 31   0.428086
28 32   0.428086
28 33   0.428086
28 34   0.428086
28 35   0.428086
28 36   0.428086
28 37   0.428086
28 38   0.428086
28 39   0.428086
28 40   0.428086
29 1   0.443184
29 2   0.443184
29 3   0.443184
29 4   0.443184
29 5   0.443184
29 6   0.443184
29 7   0.443184
29 8   0.443184
29 9   0.443184
29 10   0.443184
29 11   0.443184
29 12   0.443184
29 13   0.443184
29 14   0.443184
29 15   0.443184
29 16   0.443184
29 17   0.443184
29 18   0.443184
29 19   0.443184
29 20   0.443184
29 21   0.443184
29 22   0.443184
29 23   0.443184
29 24   0.443184
29 25   0.443184
29 26   0.443184
29 27   0.443184
29 28   0.443184
29 29   0.443184
29 30   0.443184
29 31   0.443184
29 32   0.443184
29 33   0.443184
29 34   0.443184
29 35   0.443184
29 36   0.443184
29 37   0.443184
29 38   0.443184
29 39   0.443184
29 40   0.443184
30 1   0.479737
30 2   0.479737
30 3   0.479737
30 4   0.479737
30 5   0.479737
30 6   0.479737
30 7   0.479737
30 8   0.479737
30 9   0.479737
30 10   0.479737
30 11   0.479737
30 12   0.479737
30 13   0.479737
30 14   0.479737
30 15   0.479737
30 16   0.479737
30 17   0.479737
30 18   0.479737
30 19   0.479737
30 20   0.479737
30 21   0.479737
30 22   0.479737
30 23   0.479737
30 24   0.479737
30 25   0.479737
30 26   0.479737
30 27   0.479737
30 28   0.479737
30 29   0.479737
30 30   0.479737
30 31   0.479737
30 32   0.479737
30 33   0.479737
30 34   0.479737
30 35   0.479737
30 36   0.479737
30 37   0.479737
30 38   0.479737
30 39   0.479737
30 40   0.479737
31 1   0.535492
31 2   0.535492
31 3   0.535492
31 4   0.535492
31 5   0.535492
31 6   0.535492
31 7   0.535492
31 8   0.535492
31 9   0.535492
31 10   0.535492
31 11   0.535492
31 12   0.535492
31 13   0.535492
31 14   0.535492
31 15   0.535492
31 16   0.535492
31 17   0.535492
31 18   0.535492
31 19   0.535492
31 20   0.535492
31 21   0.535492
31 22   0.535492
31 23   0.535492
31 24   0.535492
31 25   0.535492
31 26   0.535492
31 27   0.535492
31 28   0.535492
31 29   0.535492
31 30   0.535492
31 31   0.535492
31 32   0.535492
31 33   0.535492
31 34   0.535492
31 35   0.535492
31 36   0.535492
31 37   0.535492
31 38   0.535492
31 39   0.535492
31 40   0.535492
32 1   0.60692
32 2   0.60692
32 3   0.60692
32 4   0.60692
32 5   0.60692
32 6   0.60692
32 7   0.60692
32 8   0.60692
32 9   0.60692
32 10   0.60692
32 11   0.60692
32 12   0.60692
32 13   0.60692
32 14   0.60692
32 15   0.60692
32 16   0.60692
32 17   0.60692
32 18   0.60692
32 19   0.60692
32 20   0.60692
32 21   0.60692
32 22   0.60692
32 23   0.60692
32 24   0.60692
32 25   0.60692
32 26   0.60692
32 27   0.60692
32 28   0.60692
32 29   0.60692
32 30   0.60692
32 31   0.60692
32 32   0.60692
32 33   0.60692
32 34   0.60692
32 35   0.60692
32 36   0.60692
32 37   0.60692
32 38   0.60692
32 39   0.60692
32 40   0.60692
33 1   0.6877
33 2   0.6877
33 3   0.6877
33 4   0.6877
33 5   0.6877
33 6   0.6877
33 7   0.6877
33 8   0.6877
33 9   0.6877
33 10   0.6877
33 11   0.6877
33 12   0.6877
33 13   0.6877
33 14   0.6877
33 15   0.6877
33 16   0.6877
33 17   0.6877
33 18   0.6877
33 19   0.6877
33 20   0.6877
33 21   0.6877
33 22   0.6877
33 23   0.6877
33 24   0.6877
33 25   0.6877
33 26   0.6877
33 27   0.6877
33 28   0.6877
33 29   0.6877
33 30   0.6877
33 31   0.6877
33 32   0.6877
33 33   0.6877
33 34   0.6877
33 35   0.6877
33 36   0.6877
33 37   0.6877
33 38   0.6877
33 39   0.6877
33 40   0.6877
34 1   0.769237
34 2   0.769237
34 3   0.769237
34 4   0.769237
34 5   0.769237
34 6   0.769237
34 7   0.769237
34 8   0.769237
34 9   0.769237
34 10   0.769237
34 11   0.769237
34 12   0.769237
34 13   0.769237
34 14   0.769237
34 15   0.769237
34 16   0.769237
34 17   0.769237
34 18   0.769237
34 19   0.769237
34 20   0.769237
34 21   0.769237
34 22   0.769237
34 23   0.769237
34 24   0.769237
34 25   0.769237
34 26   0.769237
34 27   0.769237
34 28   0.769237
34 29   0.769237
34 30   0.769237
34 31   0.769237
34 32   0.769237
34 33   0.769237
34 34   0.769237
34 35   0.769237
34 36   0.769237
34 37   0.769237
34 38   0.769237
34 39   0.769237
34 40   0.769237
35 1   0.840447
35 2   0.840447
35 3   0.840447
35 4   0.840447
35 5   0.840447
35 6   0.840447
35 7   0.840447
35 8   0.840447
35 9   0.840447
35 10   0.840447
35 11   0.840447
35 12   0.840447
35 13   0.840447
35 14   0.840447
35 15   0.840447
35 16   0.840447
35 17   0.840447
35 18   0.840447
35 19   0.840447
35 20   0.840447
35 21   0.840447
35 22   0.840447
35 23   0.840447
35 24   0.840447
35 25   0.840447
35 26   0.840447
35 27   0.840447
35 28   0.840447
35 29   0.840447
35 30   0.840447
35 31   0.840447
35 32   0.840447
35 33   0.840447
35 34   0.840447
35 35   0.840447
35 36   0.840447
35 37   0.840447
35 38   0.840447
35 39   0.840447
35 40   0.840447
36 1   0.891919
36 2   0.891919
36 3   0.891919
36 4   0.891919
36 5   0.891919
36 6   0.891919
36 7   0.891919
36 8   0.891919
36 9   0.891919
36 10   0.891919
36 11   0.891919
36 12   0.891919
36 13   0.891919
36 14   0.891919
36 15   0.891919
36 16   0.891919
36 17   0.891919
36 18   0.891919
36 19   0.891919
36 20   0.891919
36 21   0.891919
36 22   0.891919
36 23   0.891919
36 24   0.891919
36 25   0.891919
36 26   0.891919
36 27   0.891919
36 28   0.891919
36 29   0.891919
36 30   0.891919
36 31   0.891919
36 32   0.891919
36 33   0.891919
36 34   0.891919
36 35   0.891919
36 36   0.891919
36 37   0.891919
36 38   0.891919
36 39   0.891919
36 40   0.891919
37 1   0.924407
37 2   0.924407
37 3   0.924407
37 4   0.924407
37 5   0.924407
37 6   0.924407
37 7   0.924407
37 8   0.924407
37 9   0.924407
37 10   0.924407
37 11   0.924407
37 12   0.924407
37 13   0.924407
37 14   0.924407
37 15   0.924407
37 16   0.924407
37 17   0.924407
37 18   0.924407
37 19   0.924407
37 20   0.924407
37 21   0.924407
37 22   0.924407
37 23   0.924407
37 24   0.924407
37 25   0.924407
37 26   0.924407
37 27   0.924407
37 28   0.924407
37 29   0.924407
37 30   0.924407
37 31   0.924407
37 32   0.924407
37 33   0.924407
37 34   0.924407
37 35   0.924407
37 36   0.924407
37 37   0.924407
37 38   0.924407
37 39   0.924407
37 40   0.924407
38 1   0.947436
38 2   0.947436
38 3   0.947436
38 4   0.947436
38 5   0.947436
38 6   0.947436
38 7   0.947436
38 8   0.947436
38 9   0.947436
38 10   0.947436
38 11   0.947436
38 12   0.947436
38 13   0.947436
38 14   0.947436
38 15   0.947436
38 16   0.947436
38 17   0.947436
38 18   0.947436
38 19   0.947436
38 20   0.947436
38 21   0.947436
38 22   0.947436
38 23   0.947436
38 24   0.947436
38 25   0.947436
38 26   0.947436
38 27   0.947436
38 28   0.947436
38 29   0.947436
38 30   0.947436
38 31   0.947436
38 32   0.947436
38 33   0.947436
38 34   0.947436
38 35   0.947436
38 36   0.947436
38 37   0.947436
38 38   0.947436
38 39   0.947436
38 40   0.947436
39 1   0.967039
39 2   0.967039
39 3   0.967039
39 4   0.967039
39 5   0.967039
39 6   0.967039
39 7   0.967039
39 8   0.967039
39 9   0.967039
39 10   0.967039
39 11   0.967039
39 12   0.967039
39 13   0.967039
39 14   0.967039
39 15   0.967039
39 16   0.967039
39 17   0.967039
39 18   0.967039
39 19   0.967039
39 20   0.967039
39 21   0.967039
39 22   0.967039
39 23   0.967039
39 24   0.967039
39 25   0.967039
39 26   0.967039
39 27   0.967039
39 28   0.967039
39 29   0.967039
39 30   0.967039
39 31   0.967039
39 32   0.967039
39 33   0.967039
39 34   0.967039
39 35   0.967039
39 36   0.967039
39 37   0.967039
39 38   0.967039
39 39   0.967039
39 40   0.967039
40 1   0.979873
40 2   0.979873
40 3   0.979873
40 4   0.979873
40 5   0.979873
40 6   0.979873
40 7   0.979873
40 8   0.979873
40 9   0.979873
40 10   0.979873
40 11   0.979873
40 12   0.979873
40 13   0.979873
40 14   0.979873
40 15   0.979873
40 16   0.979873
40 17   0.979873
40 18   0.979873
40 19   0.979873
40 20   0.979873
40 21   0.979873
40 22   0.979873
40 23   0.979873
40 24   0.979873
40 25   0.979873
40 26   0.979873
40 27   0.979873
40 28   0.979873
40 29   0.979873
40 30   0.979873
40 31   0.979873
40 32   0.979873
40 33   0.979873
40 34   0.979873
40 35   0.979873
40 36   0.979873
40 37   0.979873
40 38   0.979873
40 39   0.979873
40 40   0.979873
