1 1   0.00437811
1 2   0.00437811
1 3   0.00437811
1 4   0.00437811
1 5   0.00437811
1 6   0.00437811
1 7   0.00437811
1 8   0.00437811
1 9   0.00437811
1 10   0.00437811
1 11   0.00437811
1 12   0.00437811
1 13   0.00437811
1 14   0.00437811
1 15   0.00437811
1 16   0.00437811
1 17   0.00437811
1 18   0.00437811
1 19   0.00437811
1 20   0.00437811
1 21   0.00437811
1 22   0.00437811
1 23   0.00437811
1 24   0.00437811
1 25   0.00437811
1 26   0.00437811
1 27   0.00437811
1 28   0.00437811
1 29   0.00437811
1 30   0.00437811
1 31   0.00437811
1 32   0.00437811
1 33   0.00437811
1 34   0.00437811
1 35   0.00437811
1 36   0.00437811
1 37   0.00437811
1 38   0.00437811
1 39   0.00437811
1 40   0.00437811
2 1   0.0182351
2 2   0.0182351
2 3   0.0182351
2 4   0.0182351
2 5   0.0182351
2 6   0.0182351
2 7   0.0182351
2 8   0.0182351
2 9   0.0182351
2 10   0.0182351
2 11   0.0182351
2 12   0.0182351
2 13   0.0182351
2 14   0.0182351
2 15   0.0182351
2 16   0.0182351
2 17   0.0182351
2 18   0.0182351
2 19   0.0182351
2 20   0.0182351
2 21   0.0182351
2 22   0.0182351
2 23   0.0182351
2 24   0.0182351
2 25   0.0182351
2 26   0.0182351
2 27   0.0182351
2 28   0.0182351
2 29   0.0182351
2 30   0.0182351
2 31   0.0182351
2 32   0.0182351
2 33   0.0182351
2 34   0.0182351
2 35   0.0182351
2 36   0.0182351
2 37   0.0182351
2 38   0.0182351
2 39   0.0182351
2 40   0.0182351
3 1   0.0241834
3 2   0.0241834
3 3   0.0241834
3 4   0.0241834
3 5   0.0241834
3 6   0.0241834
3 7   0.0241834
3 8   0.0241834
3 9   0.0241834
3 10   0.0241834
3 11   0.0241834
3 12   0.0241834
3 13   0.0241834
3 14   0.0241834
3 15   0.0241834
3 16   0.0241834
3 17   0.0241834
3 18   0.0241834
3 19   0.0241834
3 20   0.0241834
3 21   0.0241834
3 22   0.0241834
3 23   0.0241834
3 24   0.0241834
3 25   0.0241834
3 26   0.0241834
3 27   0.0241834
3 28   0.0241834
3 29   0.0241834
3 30   0.0241834
3 31   0.0241834
3 32   0.0241834
3 33   0.0241834
3 34   0.0241834
3 35   0.0241834
3 36   0.0241834
3 37   0.0241834
3 38   0.0241834
3 39   0.0241834
3 40   0.0241834
4 1   0.075027
4 2   0.075027
4 3   0.075027
4 4   0.075027
4 5   0.075027
4 6   0.075027
4 7   0.075027
4 8   0.075027
4 9   0.075027
4 10   0.075027
4 11   0.075027
4 12   0.075027
4 13   0.075027
4 14   0.075027
4 15   0.075027
4 16   0.075027
4 17   0.075027
4 18   0.075027
4 19   0.075027
4 20   0.075027
4 21   0.075027
4 22   0.075027
4 23   0.075027
4 24   0.075027
4 25   0.075027
4 26   0.075027
4 27   0.075027
4 28   0.075027
4 29   0.075027
4 30   0.075027
4 31   0.075027
4 32   0.075027
4 33   0.075027
4 34   0.075027
4 35   0.075027
4 36   0.075027
4 37   0.075027
4 38   0.075027
4 39   0.075027
4 40   0.075027
5 1   0.132466
5 2   0.132466
5 3   0.132466
5 4   0.132466
5 5   0.132466
5 6   0.132466
5 7   0.132466
5 8   0.132466
5 9   0.132466
5 10   0.132466
5 11   0.132466
5 12   0.132466
5 13   0.132466
5 14   0.132466
5 15   0.132466
5 16   0.132466
5 17   0.132466
5 18   0.132466
5 19   0.132466
5 20   0.132466
5 21   0.132466
5 22   0.132466
5 23   0.132466
5 24   0.132466
5 25   0.132466
5 26   0.132466
5 27   0.132466
5 28   0.132466
5 29   0.132466
5 30   0.132466
5 31   0.132466
5 32   0.132466
5 33   0.132466
5 34   0.132466
5 35   0.132466
5 36   0.132466
5 37   0.132466
5 38   0.132466
5 39   0.132466
5 40   0.132466
6 1   0.239661
6 2   0.239661
6 3   0.239661
6 4   0.239661
6 5   0.239661
6 6   0.239661
6 7   0.239661
6 8   0.239661
6 9   0.239661
6 10   0.239661
6 11   0.239661
6 12   0.239661
6 13   0.239661
6 14   0.239661
6 15   0.239661
6 16   0.239661
6 17   0.239661
6 18   0.239661
6 19   0.239661
6 20   0.239661
6 21   0.239661
6 22   0.239661
6 23   0.239661
6 24   0.239661
6 25   0.239661
6 26   0.239661
6 27   0.239661
6 28   0.239661
6 29   0.239661
6 30   0.239661
6 31   0.239661
6 32   0.239661
6 33   0.239661
6 34   0.239661
6 35   0.239661
6 36   0.239661
6 37   0.239661
6 38   0.239661
6 39   0.239661
6 40   0.239661
7 1   0.377219
7 2   0.377219
7 3   0.377219
7 4   0.377219
7 5   0.377219
7 6   0.377219
7 7   0.377219
7 8   0.377219
7 9   0.377219
7 10   0.377219
7 11   0.377219
7 12   0.377219
7 13   0.377219
7 14   0.377219
7 15   0.377219
7 16   0.377219
7 17   0.377219
7 18   0.377219
7 19   0.377219
7 20   0.377219
7 21   0.377219
7 22   0.377219
7 23   0.377219
7 24   0.377219
7 25   0.377219
7 26   0.377219
7 27   0.377219
7 28   0.377219
7 29   0.377219
7 30   0.377219
7 31   0.377219
7 32   0.377219
7 33   0.377219
7 34   0.377219
7 35   0.377219
7 36   0.377219
7 37   0.377219
7 38   0.377219
7 39   0.377219
7 40   0.377219
8 1   0.496734
8 2   0.496734
8 3   0.496734
8 4   0.496734
8 5   0.496734
8 6   0.496734
8 7   0.496734
8 8   0.496734
8 9   0.496734
8 10   0.496734
8 11   0.496734
8 12   0.496734
8 13   0.496734
8 14   0.496734
8 15   0.496734
8 16   0.496734
8 17   0.496734
8 18   0.496734
8 19   0.496734
8 20   0.496734
8 21   0.496734
8 22   0.496734
8 23   0.496734
8 24   0.496734
8 25   0.496734
8 26   0.496734
8 27   0.496734
8 28   0.496734
8 29   0.496734
8 30   0.496734
8 31   0.496734
8 32   0.496734
8 33   0.496734
8 34   0.496734
8 35   0.496734
8 36   0.496734
8 37   0.496734
8 38   0.496734
8 39   0.496734
8 40   0.496734
9 1   0.587701
9 2   0.587701
9 3   0.587701
9 4   0.587701
9 5   0.587701
9 6   0.587701
9 7   0.587701
9 8   0.587701
9 9   0.587701
9 10   0.587701
9 11   0.587701
9 12   0.587701
9 13   0.587701
9 14   0.587701
9 15   0.587701
9 16   0.587701
9 17   0.587701
9 18   0.587701
9 19   0.587701
9 20   0.587701
9 21   0.587701
9 22   0.587701
9 23   0.587701
9 24   0.587701
9 25   0.587701
9 26   0.587701
9 27   0.587701
9 28   0.587701
9 29   0.587701
9 30   0.587701
9 31   0.587701
9 32   0.587701
9 33   0.587701
9 34   0.587701
9 35   0.587701
9 36   0.587701
9 37   0.587701
9 38   0.587701
9 39   0.587701
9 40   0.587701
10 1   0.582768
10 2   0.582768
10 3   0.582768
10 4   0.582768
10 5   0.582768
10 6   0.582768
10 7   0.582768
10 8   0.582768
10 9   0.582768
10 10   0.582768
10 11   0.582768
10 12   0.582768
10 13   0.582768
10 14   0.582768
10 15   0.582768
10 16   0.582768
10 17   0.582768
10 18   0.582768
10 19   0.582768
10 20   0.582768
10 21   0.582768
10 22   0.582768
10 23   0.582768
10 24   0.582768
10 25   0.582768
10 26   0.582768
10 27   0.582768
10 28   0.582768
10 29   0.582768
10 30   0.582768
10 31   0.582768
10 32   0.582768
10 33   0.582768
10 34   0.582768
10 35   0.582768
10 36   0.582768
10 37   0.582768
10 38   0.582768
10 39   0.582768
10 40   0.582768
11 1   0.513195
11 2   0.513195
11 3   0.513195
11 4   0.513195
11 5   0.513195
11 6   0.513195
11 7   0.513195
11 8   0.513195
11 9   0.513195
11 10   0.513195
11 11   0.513195
11 12   0.513195
11 13   0.513195
11 14   0.513195
11 15   0.513195
11 16   0.513195
11 17   0.513195
11 18   0.513195
11 19   0.513195
11 20   0.513195
11 21   0.513195
11 22   0.513195
11 23   0.513195
11 24   0.513195
11 25   0.513195
11 26   0.513195
11 27   0.513195
11 28   0.513195
11 29   0.513195
11 30   0.513195
11 31   0.513195
11 32   0.513195
11 33   0.513195
11 34   0.513195
11 35   0.513195
11 36   0.513195
11 37   0.513195
11 38   0.513195
11 39   0.513195
11 40   0.513195
12 1   0.457834
12 2   0.457834
12 3   0.457834
12 4   0.457834
12 5   0.457834
12 6   0.457834
12 7   0.457834
12 8   0.457834
12 9   0.457834
12 10   0.457834
12 11   0.457834
12 12   0.457834
12 13   0.457834
12 14   0.457834
12 15   0.457834
12 16   0.457834
12 17   0.457834
12 18   0.457834
12 19   0.457834
12 20   0.457834
12 21   0.457834
12 22   0.457834
12 23   0.457834
12 24   0.457834
12 25   0.457834
12 26   0.457834
12 27   0.457834
12 28   0.457834
12 29   0.457834
12 30   0.457834
12 31   0.457834
12 32   0.457834
12 33   0.457834
12 34   0.457834
12 35   0.457834
12 36   0.457834
12 37   0.457834
12 38   0.457834
12 39   0.457834
12 40   0.457834
13 1   0.462069
13 2   0.462069
13 3   0.462069
13 4   0.462069
13 5   0.462069
13 6   0.462069
13 7   0.462069
13 8   0.462069
13 9   0.462069
13 10   0.462069
13 11   0.462069
13 12   0.462069
13 13   0.462069
13 14   0.462069
13 15   0.462069
13 16   0.462069
13 17   0.462069
13 18   0.462069
13 19   0.462069
13 20   0.462069
13 21   0.462069
13 22   0.462069
13 23   0.462069
13 24   0.462069
13 25   0.462069
13 26   0.462069
13 27   0.462069
13 28   0.462069
13 29   0.462069
13 30   0.462069
13 31   0.462069
13 32   0.462069
13 33   0.462069
13 34   0.462069
13 35   0.462069
13 36   0.462069
13 37   0.462069
13 38   0.462069
13 39   0.462069
13 40   0.462069
14 1   0.500393
14 2   0.500393
14 3   0.500393
14 4   0.500393
14 5   0.500393
14 6   0.500393
14 7   0.500393
14 8   0.500393
14 9   0.500393
14 10   0.500393
14 11   0.500393
14 12   0.500393
14 13   0.500393
14 14   0.500393
14 15   0.500393
14 16   0.500393
14 17   0.500393
14 18   0.500393
14 19   0.500393
14 20   0.500393
14 21   0.500393
14 22   0.500393
14 23   0.500393
14 24   0.500393
14 25   0.500393
14 26   0.500393
14 27   0.500393
14 28   0.500393
14 29   0.500393
14 30   0.500393
14 31   0.500393
14 32   0.500393
14 33   0.500393
14 34   0.500393
14 35   0.500393
14 36   0.500393
14 37   0.500393
14 38   0.500393
14 39   0.500393
14 40   0.500393
15 1   0.54362
15 2   0.54362
15 3   0.54362
15 4   0.54362
15 5   0.54362
15 6   0.54362
15 7   0.54362
15 8   0.54362
15 9   0.54362
15 10   0.54362
15 11   0.54362
15 12   0.54362
15 13   0.54362
15 14   0.54362
15 15   0.54362
15 16   0.54362
15 17   0.54362
15 18   0.54362
15 19   0.54362
15 20   0.54362
15 21   0.54362
15 22   0.54362
15 23   0.54362
15 24   0.54362
15 25   0.54362
15 26   0.54362
15 27   0.54362
15 28   0.54362
15 29   0.54362
15 30   0.54362
15 31   0.54362
15 32   0.54362
15 33   0.54362
15 34   0.54362
15 35   0.54362
15 36   0.54362
15 37   0.54362
15 38   0.54362
15 39   0.54362
15 40   0.54362
16 1   0.50426
16 2   0.50426
16 3   0.50426
16 4   0.50426
16 5   0.50426
16 6   0.50426
16 7   0.50426
16 8   0.50426
16 9   0.50426
16 10   0.50426
16 11   0.50426
16 12   0.50426
16 13   0.50426
16 14   0.50426
16 15   0.50426
16 16   0.50426
16 17   0.50426
16 18   0.50426
16 19   0.50426
16 20   0.50426
16 21   0.50426
16 22   0.50426
16 23   0.50426
16 24   0.50426
16 25   0.50426
16 26   0.50426
16 27   0.50426
16 28   0.50426
16 29   0.50426
16 30   0.50426
16 31   0.50426
16 32   0.50426
16 33   0.50426
16 34   0.50426
16 35   0.50426
16 36   0.50426
16 37   0.50426
16 38   0.50426
16 39   0.50426
16 40   0.50426
17 1   0.465971
17 2   0.465971
17 3   0.465971
17 4   0.465971
17 5   0.465971
17 6   0.465971
17 7   0.465971
17 8   0.465971
17 9   0.465971
17 10   0.465971
17 11   0.465971
17 12   0.465971
17 13   0.465971
17 14   0.465971
17 15   0.465971
17 16   0.465971
17 17   0.465971
17 18   0.465971
17 19   0.465971
17 20   0.465971
17 21   0.465971
17 22   0.465971
17 23   0.465971
17 24   0.465971
17 25   0.465971
17 26   0.465971
17 27   0.465971
17 28   0.465971
17 29   0.465971
17 30   0.465971
17 31   0.465971
17 32   0.465971
17 33   0.465971
17 34   0.465971
17 35   0.465971
17 36   0.465971
17 37   0.465971
17 38   0.465971
17 39   0.465971
17 40   0.465971
18 1   0.498404
18 2   0.498404
18 3   0.498404
18 4   0.498404
18 5   0.498404
18 6   0.498404
18 7   0.498404
18 8   0.498404
18 9   0.498404
18 10   0.498404
18 11   0.498404
18 12   0.498404
18 13   0.498404
18 14   0.498404
18 15   0.498404
18 16   0.498404
18 17   0.498404
18 18   0.498404
18 19   0.498404
18 20   0.498404
18 21   0.498404
18 22   0.498404
18 23   0.498404
18 24   0.498404
18 25   0.498404
18 26   0.498404
18 27   0.498404
18 28   0.498404
18 29   0.498404
18 30   0.498404
18 31   0.498404
18 32   0.498404
18 33   0.498404
18 34   0.498404
18 35   0.498404
18 36   0.498404
18 37   0.498404
18 38   0.498404
18 39   0.498404
18 40   0.498404
19 1   0.529597
19 2   0.529597
19 3   0.529597
19 4   0.529597
19 5   0.529597
19 6   0.529597
19 7   0.529597
19 8   0.529597
19 9   0.529597
19 10   0.529597
19 11   0.529597
19 12   0.529597
19 13   0.529597
19 14   0.529597
19 15   0.529597
19 16   0.529597
19 17   0.529597
19 18   0.529597
19 19   0.529597
19 20   0.529597
19 21   0.529597
19 22   0.529597
19 23   0.529597
19 24   0.529597
19 25   0.529597
19 26   0.529597
19 27   0.529597
19 28   0.529597
19 29   0.529597
19 30   0.529597
19 31   0.529597
19 32   0.529597
19 33   0.529597
19 34   0.529597
19 35   0.529597
19 36   0.529597
19 37   0.529597
19 38   0.529597
19 39   0.529597
19 40   0.529597
20 1   0.488773
20 2   0.488773
20 3   0.488773
20 4   0.488773
20 5   0.488773
20 6   0.488773
20 7   0.488773
20 8   0.488773
20 9   0.488773
20 10   0.488773
20 11   0.488773
20 12   0.488773
20 13   0.488773
20 14   0.488773
20 15   0.488773
20 16   0.488773
20 17   0.488773
20 18   0.488773
20 19   0.488773
20 20   0.488773
20 21   0.488773
20 22   0.488773
20 23   0.488773
20 24   0.488773
20 25   0.488773
20 26   0.488773
20 27   0.488773
20 28   0.488773
20 29   0.488773
20 30   0.488773
20 31   0.488773
20 32   0.488773
20 33   0.488773
20 34   0.488773
20 35   0.488773
20 36   0.488773
20 37   0.488773
20 38   0.488773
20 39   0.488773
20 40   0.488773
21 1   0.48253
21 2   0.48253
21 3   0.48253
21 4   0.48253
21 5   0.48253
21 6   0.48253
21 7   0.48253
21 8   0.48253
21 9   0.48253
21 10   0.48253
21 11   0.48253
21 12   0.48253
21 13   0.48253
21 14   0.48253
21 15   0.48253
21 16   0.48253
21 17   0.48253
21 18   0.48253
21 19   0.48253
21 20   0.48253
21 21   0.48253
21 22   0.48253
21 23   0.48253
21 24   0.48253
21 25   0.48253
21 26   0.48253
21 27   0.48253
21 28   0.48253
21 29   0.48253
21 30   0.48253
21 31   0.48253
21 32   0.48253
21 33   0.48253
21 34   0.48253
21 35   0.48253
21 36   0.48253
21 37   0.48253
21 38   0.48253
21 39   0.48253
21 40   0.48253
22 1   0.517471
22 2   0.517471
22 3   0.517471
22 4   0.517471
22 5   0.517471
22 6   0.517471
22 7   0.517471
22 8   0.517471
22 9   0.517471
22 10   0.517471
22 11   0.517471
22 12   0.517471
22 13   0.517471
22 14   0.517471
22 15   0.517471
22 16   0.517471
22 17   0.517471
22 18   0.517471
22 19   0.517471
22 20   0.517471
22 21   0.517471
22 22   0.517471
22 23   0.517471
22 24   0.517471
22 25   0.517471
22 26   0.517471
22 27   0.517471
22 28   0.517471
22 29   0.517471
22 30   0.517471
22 31   0.517471
22 32   0.517471
22 33   0.517471
22 34   0.517471
22 35   0.517471
22 36   0.517471
22 37   0.517471
22 38   0.517471
22 39   0.517471
22 40   0.517471
23 1   0.511618
23 2   0.511618
23 3   0.511618
23 4   0.511618
23 5   0.511618
23 6   0.511618
23 7   0.511618
23 8   0.511618
23 9   0.511618
23 10   0.511618
23 11   0.511618
23 12   0.511618
23 13   0.511618
23 14   0.511618
23 15   0.511618
23 16   0.511618
23 17   0.511618
23 18   0.511618
23 19   0.511618
23 20   0.511618
23 21   0.511618
23 22   0.511618
23 23   0.511618
23 24   0.511618
23 25   0.511618
23 26   0.511618
23 27   0.511618
23 28   0.511618
23 29   0.511618
23 30   0.511618
23 31   0.511618
23 32   0.511618
23 33   0.511618
23 34   0.511618
23 35   0.511618
23 36   0.511618
23 37   0.511618
23 38   0.511618
23 39   0.511618
23 40   0.511618
24 1   0.470044
24 2   0.470044
24 3   0.470044
24 4   0.470044
24 5   0.470044
24 6   0.470044
24 7   0.470044
24 8   0.470044
24 9   0.470044
24 10   0.470044
24 11   0.470044
24 12   0.470044
24 13   0.470044
24 14   0.470044
24 15   0.470044
24 16   0.470044
24 17   0.470044
24 18   0.470044
24 19   0.470044
24 20   0.470044
24 21   0.470044
24 22   0.470044
24 23   0.470044
24 24   0.470044
24 25   0.470044
24 26   0.470044
24 27   0.470044
24 28   0.470044
24 29   0.470044
24 30   0.470044
24 31   0.470044
24 32   0.470044
24 33   0.470044
24 34   0.470044
24 35   0.470044
24 36   0.470044
24 37   0.470044
24 38   0.470044
24 39   0.470044
24 40   0.470044
25 1   0.50228
25 2   0.50228
25 3   0.50228
25 4   0.50228
25 5   0.50228
25 6   0.50228
25 7   0.50228
25 8   0.50228
25 9   0.50228
25 10   0.50228
25 11   0.50228
25 12   0.50228
25 13   0.50228
25 14   0.50228
25 15   0.50228
25 16   0.50228
25 17   0.50228
25 18   0.50228
25 19   0.50228
25 20   0.50228
25 21   0.50228
25 22   0.50228
25 23   0.50228
25 24   0.50228
25 25   0.50228
25 26   0.50228
25 27   0.50228
25 28   0.50228
25 29   0.50228
25 30   0.50228
25 31   0.50228
25 32   0.50228
25 33   0.50228
25 34   0.50228
25 35   0.50228
25 36   0.50228
25 37   0.50228
25 38   0.50228
25 39   0.50228
25 40   0.50228
26 1   0.533492
26 2   0.533492
26 3   0.533492
26 4   0.533492
26 5   0.533492
26 6   0.533492
26 7   0.533492
26 8   0.533492
26 9   0.533492
26 10   0.533492
26 11   0.533492
26 12   0.533492
26 13   0.533492
26 14   0.533492
26 15   0.533492
26 16   0.533492
26 17   0.533492
26 18   0.533492
26 19   0.533492
26 20   0.533492
26 21   0.533492
26 22   0.533492
26 23   0.533492
26 24   0.533492
26 25   0.533492
26 26   0.533492
26 27   0.533492
26 28   0.533492
26 29   0.533492
26 30   0.533492
26 31   0.533492
26 32   0.533492
26 33   0.533492
26 34   0.533492
26 35   0.533492
26 36   0.533492
26 37   0.533492
26 38   0.533492
26 39   0.533492
26 40   0.533492
27 1   0.496426
27 2   0.496426
27 3   0.496426
27 4   0.496426
27 5   0.496426
27 6   0.496426
27 7   0.496426
27 8   0.496426
27 9   0.496426
27 10   0.496426
27 11   0.496426
27 12   0.496426
27 13   0.496426
27 14   0.496426
27 15   0.496426
27 16   0.496426
27 17   0.496426
27 18   0.496426
27 19   0.496426
27 20   0.496426
27 21   0.496426
27 22   0.496426
27 23   0.496426
27 24   0.496426
27 25   0.496426
27 26   0.496426
27 27   0.496426
27 28   0.496426
27 29   0.496426
27 30   0.496426
27 31   0.496426
27 32   0.496426
27 33   0.496426
27 34   0.496426
27 35   0.496426
27 36   0.496426
27 37   0.496426
27 38   0.496426
27 39   0.496426
27 40   0.496426
28 1   0.456087
28 2   0.456087
28 3   0.456087
28 4   0.456087
28 5   0.456087
28 6   0.456087
28 7   0.456087
28 8   0.456087
28 9   0.456087
28 10   0.456087
28 11   0.456087
28 12   0.456087
28 13   0.456087
28 14   0.456087
28 15   0.456087
28 16   0.456087
28 17   0.456087
28 18   0.456087
28 19   0.456087
28 20   0.456087
28 21   0.456087
28 22   0.456087
28 23   0.456087
28 24   0.456087
28 25   0.456087
28 26   0.456087
28 27   0.456087
28 28   0.456087
28 29   0.456087
28 30   0.456087
28 31   0.456087
28 32   0.456087
28 33   0.456087
28 34   0.456087
28 35   0.456087
28 36   0.456087
28 37   0.456087
28 38   0.456087
28 39   0.456087
28 40   0.456087
29 1   0.499734
29 2   0.499734
29 3   0.499734
29 4   0.499734
29 5   0.499734
29 6   0.499734
29 7   0.499734
29 8   0.499734
29 9   0.499734
29 10   0.499734
29 11   0.499734
29 12   0.499734
29 13   0.499734
29 14   0.499734
29 15   0.499734
29 16   0.499734
29 17   0.499734
29 18   0.499734
29 19   0.499734
29 20   0.499734
29 21   0.499734
29 22   0.499734
29 23   0.499734
29 24   0.499734
29 25   0.499734
29 26   0.499734
29 27   0.499734
29 28   0.499734
29 29   0.499734
29 30   0.499734
29 31   0.499734
29 32   0.499734
29 33   0.499734
29 34   0.499734
29 35   0.499734
29 36   0.499734
29 37   0.499734
29 38   0.499734
29 39   0.499734
29 40   0.499734
30 1   0.538564
30 2   0.538564
30 3   0.538564
30 4   0.538564
30 5   0.538564
30 6   0.538564
30 7   0.538564
30 8   0.538564
30 9   0.538564
30 10   0.538564
30 11   0.538564
30 12   0.538564
30 13   0.538564
30 14   0.538564
30 15   0.538564
30 16   0.538564
30 17   0.538564
30 18   0.538564
30 19   0.538564
30 20   0.538564
30 21   0.538564
30 22   0.538564
30 23   0.538564
30 24   0.538564
30 25   0.538564
30 26   0.538564
30 27   0.538564
30 28   0.538564
30 29   0.538564
30 30   0.538564
30 31   0.538564
30 32   0.538564
30 33   0.538564
30 34   0.538564
30 35   0.538564
30 36   0.538564
30 37   0.538564
30 38   0.538564
30 39   0.538564
30 40   0.538564
31 1   0.540988
31 2   0.540988
31 3   0.540988
31 4   0.540988
31 5   0.540988
31 6   0.540988
31 7   0.540988
31 8   0.540988
31 9   0.540988
31 10   0.540988
31 11   0.540988
31 12   0.540988
31 13   0.540988
31 14   0.540988
31 15   0.540988
31 16   0.540988
31 17   0.540988
31 18   0.540988
31 19   0.540988
31 20   0.540988
31 21   0.540988
31 22   0.540988
31 23   0.540988
31 24   0.540988
31 25   0.540988
31 26   0.540988
31 27   0.540988
31 28   0.540988
31 29   0.540988
31 30   0.540988
31 31   0.540988
31 32   0.540988
31 33   0.540988
31 34   0.540988
31 35   0.540988
31 36   0.540988
31 37   0.540988
31 38   0.540988
31 39   0.540988
31 40   0.540988
32 1   0.489055
32 2   0.489055
32 3   0.489055
32 4   0.489055
32 5   0.489055
32 6   0.489055
32 7   0.489055
32 8   0.489055
32 9   0.489055
32 10   0.489055
32 11   0.489055
32 12   0.489055
32 13   0.489055
32 14   0.489055
32 15   0.489055
32 16   0.489055
32 17   0.489055
32 18   0.489055
32 19   0.489055
32 20   0.489055
32 21   0.489055
32 22   0.489055
32 23   0.489055
32 24   0.489055
32 25   0.489055
32 26   0.489055
32 27   0.489055
32 28   0.489055
32 29   0.489055
32 30   0.489055
32 31   0.489055
32 32   0.489055
32 33   0.489055
32 34   0.489055
32 35   0.489055
32 36   0.489055
32 37   0.489055
32 38   0.489055
32 39   0.489055
32 40   0.489055
33 1   0.414303
33 2   0.414303
33 3   0.414303
33 4   0.414303
33 5   0.414303
33 6   0.414303
33 7   0.414303
33 8   0.414303
33 9   0.414303
33 10   0.414303
33 11   0.414303
33 12   0.414303
33 13   0.414303
33 14   0.414303
33 15   0.414303
33 16   0.414303
33 17   0.414303
33 18   0.414303
33 19   0.414303
33 20   0.414303
33 21   0.414303
33 22   0.414303
33 23   0.414303
33 24   0.414303
33 25   0.414303
33 26   0.414303
33 27   0.414303
33 28   0.414303
33 29   0.414303
33 30   0.414303
33 31   0.414303
33 32   0.414303
33 33   0.414303
33 34   0.414303
33 35   0.414303
33 36   0.414303
33 37   0.414303
33 38   0.414303
33 39   0.414303
33 40   0.414303
34 1   0.416097
34 2   0.416097
34 3   0.416097
34 4   0.416097
34 5   0.416097
34 6   0.416097
34 7   0.416097
34 8   0.416097
34 9   0.416097
34 10   0.416097
34 11   0.416097
34 12   0.416097
34 13   0.416097
34 14   0.416097
34 15   0.416097
34 16   0.416097
34 17   0.416097
34 18   0.416097
34 19   0.416097
34 20   0.416097
34 21   0.416097
34 22   0.416097
34 23   0.416097
34 24   0.416097
34 25   0.416097
34 26   0.416097
34 27   0.416097
34 28   0.416097
34 29   0.416097
34 30   0.416097
34 31   0.416097
34 32   0.416097
34 33   0.416097
34 34   0.416097
34 35   0.416097
34 36   0.416097
34 37   0.416097
34 38   0.416097
34 39   0.416097
34 40   0.416097
35 1   0.499407
35 2   0.499407
35 3   0.499407
35 4   0.499407
35 5   0.499407
35 6   0.499407
35 7   0.499407
35 8   0.499407
35 9   0.499407
35 10   0.499407
35 11   0.499407
35 12   0.499407
35 13   0.499407
35 14   0.499407
35 15   0.499407
35 16   0.499407
35 17   0.499407
35 18   0.499407
35 19   0.499407
35 20   0.499407
35 21   0.499407
35 22   0.499407
35 23   0.499407
35 24   0.499407
35 25   0.499407
35 26   0.499407
35 27   0.499407
35 28   0.499407
35 29   0.499407
35 30   0.499407
35 31   0.499407
35 32   0.499407
35 33   0.499407
35 34   0.499407
35 35   0.499407
35 36   0.499407
35 37   0.499407
35 38   0.499407
35 39   0.499407
35 40   0.499407
36 1   0.626159
36 2   0.626159
36 3   0.626159
36 4   0.626159
36 5   0.626159
36 6   0.626159
36 7   0.626159
36 8   0.626159
36 9   0.626159
36 10   0.626159
36 11   0.626159
36 12   0.626159
36 13   0.626159
36 14   0.626159
36 15   0.626159
36 16   0.626159
36 17   0.626159
36 18   0.626159
36 19   0.626159
36 20   0.626159
36 21   0.626159
36 22   0.626159
36 23   0.626159
36 24   0.626159
36 25   0.626159
36 26   0.626159
36 27   0.626159
36 28   0.626159
36 29   0.626159
36 30   0.626159
36 31   0.626159
36 32   0.626159
36 33   0.626159
36 34   0.626159
36 35   0.626159
36 36   0.626159
36 37   0.626159
36 38   0.626159
36 39   0.626159
36 40   0.626159
37 1   0.75798
37 2   0.75798
37 3   0.75798
37 4   0.75798
37 5   0.75798
37 6   0.75798
37 7   0.75798
37 8   0.75798
37 9   0.75798
37 10   0.75798
37 11   0.75798
37 12   0.75798
37 13   0.75798
37 14   0.75798
37 15   0.75798
37 16   0.75798
37 17   0.75798
37 18   0.75798
37 19   0.75798
37 20   0.75798
37 21   0.75798
37 22   0.75798
37 23   0.75798
37 24   0.75798
37 25   0.75798
37 26   0.75798
37 27   0.75798
37 28   0.75798
37 29   0.75798
37 30   0.75798
37 31   0.75798
37 32   0.75798
37 33   0.75798
37 34   0.75798
37 35   0.75798
37 36   0.75798
37 37   0.75798
37 38   0.75798
37 39   0.75798
37 40   0.75798
38 1   0.865789
38 2   0.865789
38 3   0.865789
38 4   0.865789
38 5   0.865789
38 6   0.865789
38 7   0.865789
38 8   0.865789
38 9   0.865789
38 10   0.865789
38 11   0.865789
38 12   0.865789
38 13   0.865789
38 14   0.865789
38 15   0.865789
38 16   0.865789
38 17   0.865789
38 18   0.865789
38 19   0.865789
38 20   0.865789
38 21   0.865789
38 22   0.865789
38 23   0.865789
38 24   0.865789
38 25   0.865789
38 26   0.865789
38 27   0.865789
38 28   0.865789
38 29   0.865789
38 30   0.865789
38 31   0.865789
38 32   0.865789
38 33   0.865789
38 34   0.865789
38 35   0.865789
38 36   0.865789
38 37   0.865789
38 38   0.865789
38 39   0.865789
38 40   0.865789
39 1   0.923557
39 2   0.923557
39 3   0.923557
39 4   0.923557
39 5   0.923557
39 6   0.923557
39 7   0.923557
39 8   0.923557
39 9   0.923557
39 10   0.923557
39 11   0.923557
39 12   0.923557
39 13   0.923557
39 14   0.923557
39 15   0.923557
39 16   0.923557
39 17   0.923557
39 18   0.923557
39 19   0.923557
39 20   0.923557
39 21   0.923557
39 22   0.923557
39 23   0.923557
39 24   0.923557
39 25   0.923557
39 26   0.923557
39 27   0.923557
39 28   0.923557
39 29   0.923557
39 30   0.923557
39 31   0.923557
39 32   0.923557
39 33   0.923557
39 34   0.923557
39 35   0.923557
39 36   0.923557
39 37   0.923557
39 38   0.923557
39 39   0.923557
39 40   0.923557
40 1   0.958032
40 2   0.958032
40 3   0.958032
40 4   0.958032
40 5   0.958032
40 6   0.958032
40 7   0.958032
40 8   0.958032
40 9   0.958032
40 10   0.958032
40 11   0.958032
40 12   0.958032
40 13   0.958032
40 14   0.958032
40 15   0.958032
40 16   0.958032
40 17   0.958032
40 18   0.958032
40 19   0.958032
40 20   0.958032
40 21   0.958032
40 22   0.958032
40 23   0.958032
40 24   0.958032
40 25   0.958032
40 26   0.958032
40 27   0.958032
40 28   0.958032
40 29   0.958032
40 30   0.958032
40 31   0.958032
40 32   0.958032
40 33   0.958032
40 34   0.958032
40 35   0.958032
40 36   0.958032
40 37   0.958032
40 38   0.958032
40 39   0.958032
40 40   0.958032
