1 1   -0.100212
1 2   -0.100212
1 3   -0.100212
1 4   -0.100212
1 5   -0.100212
1 6   -0.100212
1 7   -0.100212
1 8   -0.100212
1 9   -0.100212
1 10   -0.100212
1 11   -0.100212
1 12   -0.100212
1 13   -0.100212
1 14   -0.100212
1 15   -0.100212
1 16   -0.100212
1 17   -0.100212
1 18   -0.100212
1 19   -0.100212
1 20   -0.100212
1 21   -0.100212
1 22   -0.100212
1 23   -0.100212
1 24   -0.100212
1 25   -0.100212
1 26   -0.100212
1 27   -0.100212
1 28   -0.100212
1 29   -0.100212
1 30   -0.100212
1 31   -0.100212
1 32   -0.100212
1 33   -0.100212
1 34   -0.100212
1 35   -0.100212
1 36   -0.100212
1 37   -0.100212
1 38   -0.100212
1 39   -0.100212
1 40   -0.100212
2 1   -0.0686859
2 2   -0.0686859
2 3   -0.0686859
2 4   -0.0686859
2 5   -0.0686859
2 6   -0.0686859
2 7   -0.0686859
2 8   -0.0686859
2 9   -0.0686859
2 10   -0.0686859
2 11   -0.0686859
2 12   -0.0686859
2 13   -0.0686859
2 14   -0.0686859
2 15   -0.0686859
2 16   -0.0686859
2 17   -0.0686859
2 18   -0.0686859
2 19   -0.0686859
2 20   -0.0686859
2 21   -0.0686859
2 22   -0.0686859
2 23   -0.0686859
2 24   -0.0686859
2 25   -0.0686859
2 26   -0.0686859
2 27   -0.0686859
2 28   -0.0686859
2 29   -0.0686859
2 30   -0.0686859
2 31   -0.0686859
2 32   -0.0686859
2 33   -0.0686859
2 34   -0.0686859
2 35   -0.0686859
2 36   -0.0686859
2 37   -0.0686859
2 38   -0.0686859
2 39   -0.0686859
2 40   -0.0686859
3 1   -0.00976684
3 2   -0.00976684
3 3   -0.00976684
3 4   -0.00976684
3 5   -0.00976684
3 6   -0.00976684
3 7   -0.00976684
3 8   -0.00976684
3 9   -0.00976684
3 10   -0.00976684
3 11   -0.00976684
3 12   -0.00976684
3 13   -0.00976684
3 14   -0.00976684
3 15   -0.00976684
3 16   -0.00976684
3 17   -0.00976684
3 18   -0.00976684
3 19   -0.00976684
3 20   -0.00976684
3 21   -0.00976684
3 22   -0.00976684
3 23   -0.00976684
3 24   -0.00976684
3 25   -0.00976684
3 26   -0.00976684
3 27   -0.00976684
3 28   -0.00976684
3 29   -0.00976684
3 30   -0.00976684
3 31   -0.00976684
3 32   -0.00976684
3 33   -0.00976684
3 34   -0.00976684
3 35   -0.00976684
3 36   -0.00976684
3 37   -0.00976684
3 38   -0.00976684
3 39   -0.00976684
3 40   -0.00976684
4 1   0.0680357
4 2   0.0680357
4 3   0.0680357
4 4   0.0680357
4 5   0.0680357
4 6   0.0680357
4 7   0.0680357
4 8   0.0680357
4 9   0.0680357
4 10   0.0680357
4 11   0.0680357
4 12   0.0680357
4 13   0.0680357
4 14   0.0680357
4 15   0.0680357
4 16   0.0680357
4 17   0.0680357
4 18   0.0680357
4 19   0.0680357
4 20   0.0680357
4 21   0.0680357
4 22   0.0680357
4 23   0.0680357
4 24   0.0680357
4 25   0.0680357
4 26   0.0680357
4 27   0.0680357
4 28   0.0680357
4 29   0.0680357
4 30   0.0680357
4 31   0.0680357
4 32   0.0680357
4 33   0.0680357
4 34   0.0680357
4 35   0.0680357
4 36   0.0680357
4 37   0.0680357
4 38   0.0680357
4 39   0.0680357
4 40   0.0680357
5 1   0.152724
5 2   0.152724
5 3   0.152724
5 4   0.152724
5 5   0.152724
5 6   0.152724
5 7   0.152724
5 8   0.152724
5 9   0.152724
5 10   0.152724
5 11   0.152724
5 12   0.152724
5 13   0.152724
5 14   0.152724
5 15   0.152724
5 16   0.152724
5 17   0.152724
5 18   0.152724
5 19   0.152724
5 20   0.152724
5 21   0.152724
5 22   0.152724
5 23   0.152724
5 24   0.152724
5 25   0.152724
5 26   0.152724
5 27   0.152724
5 28   0.152724
5 29   0.152724
5 30   0.152724
5 31   0.152724
5 32   0.152724
5 33   0.152724
5 34   0.152724
5 35   0.152724
5 36   0.152724
5 37   0.152724
5 38   0.152724
5 39   0.152724
5 40   0.152724
6 1   0.231803
6 2   0.231803
6 3   0.231803
6 4   0.231803
6 5   0.231803
6 6   0.231803
6 7   0.231803
6 8   0.231803
6 9   0.231803
6 10   0.231803
6 11   0.231803
6 12   0.231803
6 13   0.231803
6 14   0.231803
6 15   0.231803
6 16   0.231803
6 17   0.231803
6 18   0.231803
6 19   0.231803
6 20   0.231803
6 21   0.231803
6 22   0.231803
6 23   0.231803
6 24   0.231803
6 25   0.231803
6 26   0.231803
6 27   0.231803
6 28   0.231803
6 29   0.231803
6 30   0.231803
6 31   0.231803
6 32   0.231803
6 33   0.231803
6 34   0.231803
6 35   0.231803
6 36   0.231803
6 37   0.231803
6 38   0.231803
6 39   0.231803
6 40   0.231803
7 1   0.296341
7 2   0.296341
7 3   0.296341
7 4   0.296341
7 5   0.296341
7 6   0.296341
7 7   0.296341
7 8   0.296341
7 9   0.296341
7 10   0.296341
7 11   0.296341
7 12   0.296341
7 13   0.296341
7 14   0.296341
7 15   0.296341
7 16   0.296341
7 17   0.296341
7 18   0.296341
7 19   0.296341
7 20   0.296341
7 21   0.296341
7 22   0.296341
7 23   0.296341
7 24   0.296341
7 25   0.296341
7 26   0.296341
7 27   0.296341
7 28   0.296341
7 29   0.296341
7 30   0.296341
7 31   0.296341
7 32   0.296341
7 33   0.296341
7 34   0.296341
7 35   0.296341
7 36   0.296341
7 37   0.296341
7 38   0.296341
7 39   0.296341
7 40   0.296341
8 1   0.343623
8 2   0.343623
8 3   0.343623
8 4   0.343623
8 5   0.343623
8 6   0.343623
8 7   0.343623
8 8   0.343623
8 9   0.343623
8 10   0.343623
8 11   0.343623
8 12   0.343623
8 13   0.343623
8 14   0.343623
8 15   0.343623
8 16   0.343623
8 17   0.343623
8 18   0.343623
8 19   0.343623
8 20   0.343623
8 21   0.343623
8 22   0.343623
8 23   0.343623
8 24   0.343623
8 25   0.343623
8 26   0.343623
8 27   0.343623
8 28   0.343623
8 29   0.343623
8 30   0.343623
8 31   0.343623
8 32   0.343623
8 33   0.343623
8 34   0.343623
8 35   0.343623
8 36   0.343623
8 37   0.343623
8 38   0.343623
8 39   0.343623
8 40   0.343623
9 1   0.376633
9 2   0.376633
9 3   0.376633
9 4   0.376633
9 5   0.376633
9 6   0.376633
9 7   0.376633
9 8   0.376633
9 9   0.376633
9 10   0.376633
9 11   0.376633
9 12   0.376633
9 13   0.376633
9 14   0.376633
9 15   0.376633
9 16   0.376633
9 17   0.376633
9 18   0.376633
9 19   0.376633
9 20   0.376633
9 21   0.376633
9 22   0.376633
9 23   0.376633
9 24   0.376633
9 25   0.376633
9 26   0.376633
9 27   0.376633
9 28   0.376633
9 29   0.376633
9 30   0.376633
9 31   0.376633
9 32   0.376633
9 33   0.376633
9 34   0.376633
9 35   0.376633
9 36   0.376633
9 37   0.376633
9 38   0.376633
9 39   0.376633
9 40   0.376633
10 1   0.400972
10 2   0.400972
10 3   0.400972
10 4   0.400972
10 5   0.400972
10 6   0.400972
10 7   0.400972
10 8   0.400972
10 9   0.400972
10 10   0.400972
10 11   0.400972
10 12   0.400972
10 13   0.400972
10 14   0.400972
10 15   0.400972
10 16   0.400972
10 17   0.400972
10 18   0.400972
10 19   0.400972
10 20   0.400972
10 21   0.400972
10 22   0.400972
10 23   0.400972
10 24   0.400972
10 25   0.400972
10 26   0.400972
10 27   0.400972
10 28   0.400972
10 29   0.400972
10 30   0.400972
10 31   0.400972
10 32   0.400972
10 33   0.400972
10 34   0.400972
10 35   0.400972
10 36   0.400972
10 37   0.400972
10 38   0.400972
10 39   0.400972
10 40   0.400972
11 1   0.421512
11 2   0.421512
11 3   0.421512
11 4   0.421512
11 5   0.421512
11 6   0.421512
11 7   0.421512
11 8   0.421512
11 9   0.421512
11 10   0.421512
11 11   0.421512
11 12   0.421512
11 13   0.421512
11 14   0.421512
11 15   0.421512
11 16   0.421512
11 17   0.421512
11 18   0.421512
11 19   0.421512
11 20   0.421512
11 21   0.421512
11 22   0.421512
11 23   0.421512
11 24   0.421512
11 25   0.421512
11 26   0.421512
11 27   0.421512
11 28   0.421512
11 29   0.421512
11 30   0.421512
11 31   0.421512
11 32   0.421512
11 33   0.421512
11 34   0.421512
11 35   0.421512
11 36   0.421512
11 37   0.421512
11 38   0.421512
11 39   0.421512
11 40   0.421512
12 1   0.440706
12 2   0.440706
12 3   0.440706
12 4   0.440706
12 5   0.440706
12 6   0.440706
12 7   0.440706
12 8   0.440706
12 9   0.440706
12 10   0.440706
12 11   0.440706
12 12   0.440706
12 13   0.440706
12 14   0.440706
12 15   0.440706
12 16   0.440706
12 17   0.440706
12 18   0.440706
12 19   0.440706
12 20   0.440706
12 21   0.440706
12 22   0.440706
12 23   0.440706
12 24   0.440706
12 25   0.440706
12 26   0.440706
12 27   0.440706
12 28   0.440706
12 29   0.440706
12 30   0.440706
12 31   0.440706
12 32   0.440706
12 33   0.440706
12 34   0.440706
12 35   0.440706
12 36   0.440706
12 37   0.440706
12 38   0.440706
12 39   0.440706
12 40   0.440706
13 1   0.458781
13 2   0.458781
13 3   0.458781
13 4   0.458781
13 5   0.458781
13 6   0.458781
13 7   0.458781
13 8   0.458781
13 9   0.458781
13 10   0.458781
13 11   0.458781
13 12   0.458781
13 13   0.458781
13 14   0.458781
13 15   0.458781
13 16   0.458781
13 17   0.458781
13 18   0.458781
13 19   0.458781
13 20   0.458781
13 21   0.458781
13 22   0.458781
13 23   0.458781
13 24   0.458781
13 25   0.458781
13 26   0.458781
13 27   0.458781
13 28   0.458781
13 29   0.458781
13 30   0.458781
13 31   0.458781
13 32   0.458781
13 33   0.458781
13 34   0.458781
13 35   0.458781
13 36   0.458781
13 37   0.458781
13 38   0.458781
13 39   0.458781
13 40   0.458781
14 1   0.474801
14 2   0.474801
14 3   0.474801
14 4   0.474801
14 5   0.474801
14 6   0.474801
14 7   0.474801
14 8   0.474801
14 9   0.474801
14 10   0.474801
14 11   0.474801
14 12   0.474801
14 13   0.474801
14 14   0.474801
14 15   0.474801
14 16   0.474801
14 17   0.474801
14 18   0.474801
14 19   0.474801
14 20   0.474801
14 21   0.474801
14 22   0.474801
14 23   0.474801
14 24   0.474801
14 25   0.474801
14 26   0.474801
14 27   0.474801
14 28   0.474801
14 29   0.474801
14 30   0.474801
14 31   0.474801
14 32   0.474801
14 33   0.474801
14 34   0.474801
14 35   0.474801
14 36   0.474801
14 37   0.474801
14 38   0.474801
14 39   0.474801
14 40   0.474801
15 1   0.487617
15 2   0.487617
15 3   0.487617
15 4   0.487617
15 5   0.487617
15 6   0.487617
15 7   0.487617
15 8   0.487617
15 9   0.487617
15 10   0.487617
15 11   0.487617
15 12   0.487617
15 13   0.487617
15 14   0.487617
15 15   0.487617
15 16   0.487617
15 17   0.487617
15 18   0.487617
15 19   0.487617
15 20   0.487617
15 21   0.487617
15 22   0.487617
15 23   0.487617
15 24   0.487617
15 25   0.487617
15 26   0.487617
15 27   0.487617
15 28   0.487617
15 29   0.487617
15 30   0.487617
15 31   0.487617
15 32   0.487617
15 33   0.487617
15 34   0.487617
15 35   0.487617
15 36   0.487617
15 37   0.487617
15 38   0.487617
15 39   0.487617
15 40   0.487617
16 1   0.496411
16 2   0.496411
16 3   0.496411
16 4   0.496411
16 5   0.496411
16 6   0.496411
16 7   0.496411
16 8   0.496411
16 9   0.496411
16 10   0.496411
16 11   0.496411
16 12   0.496411
16 13   0.496411
16 14   0.496411
16 15   0.496411
16 16   0.496411
16 17   0.496411
16 18   0.496411
16 19   0.496411
16 20   0.496411
16 21   0.496411
16 22   0.496411
16 23   0.496411
16 24   0.496411
16 25   0.496411
16 26   0.496411
16 27   0.496411
16 28   0.496411
16 29   0.496411
16 30   0.496411
16 31   0.496411
16 32   0.496411
16 33   0.496411
16 34   0.496411
16 35   0.496411
16 36   0.496411
16 37   0.496411
16 38   0.496411
16 39   0.496411
16 40   0.496411
17 1   0.50097
17 2   0.50097
17 3   0.50097
17 4   0.50097
17 5   0.50097
17 6   0.50097
17 7   0.50097
17 8   0.50097
17 9   0.50097
17 10   0.50097
17 11   0.50097
17 12   0.50097
17 13   0.50097
17 14   0.50097
17 15   0.50097
17 16   0.50097
17 17   0.50097
17 18   0.50097
17 19   0.50097
17 20   0.50097
17 21   0.50097
17 22   0.50097
17 23   0.50097
17 24   0.50097
17 25   0.50097
17 26   0.50097
17 27   0.50097
17 28   0.50097
17 29   0.50097
17 30   0.50097
17 31   0.50097
17 32   0.50097
17 33   0.50097
17 34   0.50097
17 35   0.50097
17 36   0.50097
17 37   0.50097
17 38   0.50097
17 39   0.50097
17 40   0.50097
18 1   0.501802
18 2   0.501802
18 3   0.501802
18 4   0.501802
18 5   0.501802
18 6   0.501802
18 7   0.501802
18 8   0.501802
18 9   0.501802
18 10   0.501802
18 11   0.501802
18 12   0.501802
18 13   0.501802
18 14   0.501802
18 15   0.501802
18 16   0.501802
18 17   0.501802
18 18   0.501802
18 19   0.501802
18 20   0.501802
18 21   0.501802
18 22   0.501802
18 23   0.501802
18 24   0.501802
18 25   0.501802
18 26   0.501802
18 27   0.501802
18 28   0.501802
18 29   0.501802
18 30   0.501802
18 31   0.501802
18 32   0.501802
18 33   0.501802
18 34   0.501802
18 35   0.501802
18 36   0.501802
18 37   0.501802
18 38   0.501802
18 39   0.501802
18 40   0.501802
19 1   0.50005
19 2   0.50005
19 3   0.50005
19 4   0.50005
19 5   0.50005
19 6   0.50005
19 7   0.50005
19 8   0.50005
19 9   0.50005
19 10   0.50005
19 11   0.50005
19 12   0.50005
19 13   0.50005
19 14   0.50005
19 15   0.50005
19 16   0.50005
19 17   0.50005
19 18   0.50005
19 19   0.50005
19 20   0.50005
19 21   0.50005
19 22   0.50005
19 23   0.50005
19 24   0.50005
19 25   0.50005
19 26   0.50005
19 27   0.50005
19 28   0.50005
19 29   0.50005
19 30   0.50005
19 31   0.50005
19 32   0.50005
19 33   0.50005
19 34   0.50005
19 35   0.50005
19 36   0.50005
19 37   0.50005
19 38   0.50005
19 39   0.50005
19 40   0.50005
20 1   0.497231
20 2   0.497231
20 3   0.497231
20 4   0.497231
20 5   0.497231
20 6   0.497231
20 7   0.497231
20 8   0.497231
20 9   0.497231
20 10   0.497231
20 11   0.497231
20 12   0.497231
20 13   0.497231
20 14   0.497231
20 15   0.497231
20 16   0.497231
20 17   0.497231
20 18   0.497231
20 19   0.497231
20 20   0.497231
20 21   0.497231
20 22   0.497231
20 23   0.497231
20 24   0.497231
20 25   0.497231
20 26   0.497231
20 27   0.497231
20 28   0.497231
20 29   0.497231
20 30   0.497231
20 31   0.497231
20 32   0.497231
20 33   0.497231
20 34   0.497231
20 35   0.497231
20 36   0.497231
20 37   0.497231
20 38   0.497231
20 39   0.497231
20 40   0.497231
21 1   0.494874
21 2   0.494874
21 3   0.494874
21 4   0.494874
21 5   0.494874
21 6   0.494874
21 7   0.494874
21 8   0.494874
21 9   0.494874
21 10   0.494874
21 11   0.494874
21 12   0.494874
21 13   0.494874
21 14   0.494874
21 15   0.494874
21 16   0.494874
21 17   0.494874
21 18   0.494874
21 19   0.494874
21 20   0.494874
21 21   0.494874
21 22   0.494874
21 23   0.494874
21 24   0.494874
21 25   0.494874
21 26   0.494874
21 27   0.494874
21 28   0.494874
21 29   0.494874
21 30   0.494874
21 31   0.494874
21 32   0.494874
21 33   0.494874
21 34   0.494874
21 35   0.494874
21 36   0.494874
21 37   0.494874
21 38   0.494874
21 39   0.494874
21 40   0.494874
22 1   0.494208
22 2   0.494208
22 3   0.494208
22 4   0.494208
22 5   0.494208
22 6   0.494208
22 7   0.494208
22 8   0.494208
22 9   0.494208
22 10   0.494208
22 11   0.494208
22 12   0.494208
22 13   0.494208
22 14   0.494208
22 15   0.494208
22 16   0.494208
22 17   0.494208
22 18   0.494208
22 19   0.494208
22 20   0.494208
22 21   0.494208
22 22   0.494208
22 23   0.494208
22 24   0.494208
22 25   0.494208
22 26   0.494208
22 27   0.494208
22 28   0.494208
22 29   0.494208
22 30   0.494208
22 31   0.494208
22 32   0.494208
22 33   0.494208
22 34   0.494208
22 35   0.494208
22 36   0.494208
22 37   0.494208
22 38   0.494208
22 39   0.494208
22 40   0.494208
23 1   0.495975
23 2   0.495975
23 3   0.495975
23 4   0.495975
23 5   0.495975
23 6   0.495975
23 7   0.495975
23 8   0.495975
23 9   0.495975
23 10   0.495975
23 11   0.495975
23 12   0.495975
23 13   0.495975
23 14   0.495975
23 15   0.495975
23 16   0.495975
23 17   0.495975
23 18   0.495975
23 19   0.495975
23 20   0.495975
23 21   0.495975
23 22   0.495975
23 23   0.495975
23 24   0.495975
23 25   0.495975
23 26   0.495975
23 27   0.495975
23 28   0.495975
23 29   0.495975
23 30   0.495975
23 31   0.495975
23 32   0.495975
23 33   0.495975
23 34   0.495975
23 35   0.495975
23 36   0.495975
23 37   0.495975
23 38   0.495975
23 39   0.495975
23 40   0.495975
24 1   0.500338
24 2   0.500338
24 3   0.500338
24 4   0.500338
24 5   0.500338
24 6   0.500338
24 7   0.500338
24 8   0.500338
24 9   0.500338
24 10   0.500338
24 11   0.500338
24 12   0.500338
24 13   0.500338
24 14   0.500338
24 15   0.500338
24 16   0.500338
24 17   0.500338
24 18   0.500338
24 19   0.500338
24 20   0.500338
24 21   0.500338
24 22   0.500338
24 23   0.500338
24 24   0.500338
24 25   0.500338
24 26   0.500338
24 27   0.500338
24 28   0.500338
24 29   0.500338
24 30   0.500338
24 31   0.500338
24 32   0.500338
24 33   0.500338
24 34   0.500338
24 35   0.500338
24 36   0.500338
24 37   0.500338
24 38   0.500338
24 39   0.500338
24 40   0.500338
25 1   0.506776
25 2   0.506776
25 3   0.506776
25 4   0.506776
25 5   0.506776
25 6   0.506776
25 7   0.506776
25 8   0.506776
25 9   0.506776
25 10   0.506776
25 11   0.506776
25 12   0.506776
25 13   0.506776
25 14   0.506776
25 15   0.506776
25 16   0.506776
25 17   0.506776
25 18   0.506776
25 19   0.506776
25 20   0.506776
25 21   0.506776
25 22   0.506776
25 23   0.506776
25 24   0.506776
25 25   0.506776
25 26   0.506776
25 27   0.506776
25 28   0.506776
25 29   0.506776
25 30   0.506776
25 31   0.506776
25 32   0.506776
25 33   0.506776
25 34   0.506776
25 35   0.506776
25 36   0.506776
25 37   0.506776
25 38   0.506776
25 39   0.506776
25 40   0.506776
26 1   0.513976
26 2   0.513976
26 3   0.513976
26 4   0.513976
26 5   0.513976
26 6   0.513976
26 7   0.513976
26 8   0.513976
26 9   0.513976
26 10   0.513976
26 11   0.513976
26 12   0.513976
26 13   0.513976
26 14   0.513976
26 15   0.513976
26 16   0.513976
26 17   0.513976
26 18   0.513976
26 19   0.513976
26 20   0.513976
26 21   0.513976
26 22   0.513976
26 23   0.513976
26 24   0.513976
26 25   0.513976
26 26   0.513976
26 27   0.513976
26 28   0.513976
26 29   0.513976
26 30   0.513976
26 31   0.513976
26 32   0.513976
26 33   0.513976
26 34   0.513976
26 35   0.513976
26 36   0.513976
26 37   0.513976
26 38   0.513976
26 39   0.513976
26 40   0.513976
27 1   0.519979
27 2   0.519979
27 3   0.519979
27 4   0.519979
27 5   0.519979
27 6   0.519979
27 7   0.519979
27 8   0.519979
27 9   0.519979
27 10   0.519979
27 11   0.519979
27 12   0.519979
27 13   0.519979
27 14   0.519979
27 15   0.519979
27 16   0.519979
27 17   0.519979
27 18   0.519979
27 19   0.519979
27 20   0.519979
27 21   0.519979
27 22   0.519979
27 23   0.519979
27 24   0.519979
27 25   0.519979
27 26   0.519979
27 27   0.519979
27 28   0.519979
27 29   0.519979
27 30   0.519979
27 31   0.519979
27 32   0.519979
27 33   0.519979
27 34   0.519979
27 35   0.519979
27 36   0.519979
27 37   0.519979
27 38   0.519979
27 39   0.519979
27 40   0.519979
28 1   0.522962
28 2   0.522962
28 3   0.522962
28 4   0.522962
28 5   0.522962
28 6   0.522962
28 7   0.522962
28 8   0.522962
28 9   0.522962
28 10   0.522962
28 11   0.522962
28 12   0.522962
28 13   0.522962
28 14   0.522962
28 15   0.522962
28 16   0.522962
28 17   0.522962
28 18   0.522962
28 19   0.522962
28 20   0.522962
28 21   0.522962
28 22   0.522962
28 23   0.522962
28 24   0.522962
28 25   0.522962
28 26   0.522962
28 27   0.522962
28 28   0.522962
28 29   0.522962
28 30   0.522962
28 31   0.522962
28 32   0.522962
28 33   0.522962
28 34   0.522962
28 35   0.522962
28 36   0.522962
28 37   0.522962
28 38   0.522962
28 39   0.522962
28 40   0.522962
29 1   0.522703
29 2   0.522703
29 3   0.522703
29 4   0.522703
29 5   0.522703
29 6   0.522703
29 7   0.522703
29 8   0.522703
29 9   0.522703
29 10   0.522703
29 11   0.522703
29 12   0.522703
29 13   0.522703
29 14   0.522703
29 15   0.522703
29 16   0.522703
29 17   0.522703
29 18   0.522703
29 19   0.522703
29 20   0.522703
29 21   0.522703
29 22   0.522703
29 23   0.522703
29 24   0.522703
29 25   0.522703
29 26   0.522703
29 27   0.522703
29 28   0.522703
29 29   0.522703
29 30   0.522703
29 31   0.522703
29 32   0.522703
29 33   0.522703
29 34   0.522703
29 35   0.522703
29 36   0.522703
29 37   0.522703
29 38   0.522703
29 39   0.522703
29 40   0.522703
30 1   0.522002
30 2   0.522002
30 3   0.522002
30 4   0.522002
30 5   0.522002
30 6   0.522002
30 7   0.522002
30 8   0.522002
30 9   0.522002
30 10   0.522002
30 11   0.522002
30 12   0.522002
30 13   0.522002
30 14   0.522002
30 15   0.522002
30 16   0.522002
30 17   0.522002
30 18   0.522002
30 19   0.522002
30 20   0.522002
30 21   0.522002
30 22   0.522002
30 23   0.522002
30 24   0.522002
30 25   0.522002
30 26   0.522002
30 27   0.522002
30 28   0.522002
30 29   0.522002
30 30   0.522002
30 31   0.522002
30 32   0.522002
30 33   0.522002
30 34   0.522002
30 35   0.522002
30 36   0.522002
30 37   0.522002
30 38   0.522002
30 39   0.522002
30 40   0.522002
31 1   0.526794
31 2   0.526794
31 3   0.526794
31 4   0.526794
31 5   0.526794
31 6   0.526794
31 7   0.526794
31 8   0.526794
31 9   0.526794
31 10   0.526794
31 11   0.526794
31 12   0.526794
31 13   0.526794
31 14   0.526794
31 15   0.526794
31 16   0.526794
31 17   0.526794
31 18   0.526794
31 19   0.526794
31 20   0.526794
31 21   0.526794
31 22   0.526794
31 23   0.526794
31 24   0.526794
31 25   0.526794
31 26   0.526794
31 27   0.526794
31 28   0.526794
31 29   0.526794
31 30   0.526794
31 31   0.526794
31 32   0.526794
31 33   0.526794
31 34   0.526794
31 35   0.526794
31 36   0.526794
31 37   0.526794
31 38   0.526794
31 39   0.526794
31 40   0.526794
32 1   0.544197
32 2   0.544197
32 3   0.544197
32 4   0.544197
32 5   0.544197
32 6   0.544197
32 7   0.544197
32 8   0.544197
32 9   0.544197
32 10   0.544197
32 11   0.544197
32 12   0.544197
32 13   0.544197
32 14   0.544197
32 15   0.544197
32 16   0.544197
32 17   0.544197
32 18   0.544197
32 19   0.544197
32 20   0.544197
32 21   0.544197
32 22   0.544197
32 23   0.544197
32 24   0.544197
32 25   0.544197
32 26   0.544197
32 27   0.544197
32 28   0.544197
32 29   0.544197
32 30   0.544197
32 31   0.544197
32 32   0.544197
32 33   0.544197
32 34   0.544197
32 35   0.544197
32 36   0.544197
32 37   0.544197
32 38   0.544197
32 39   0.544197
32 40   0.544197
33 1   0.579305
33 2   0.579305
33 3   0.579305
33 4   0.579305
33 5   0.579305
33 6   0.579305
33 7   0.579305
33 8   0.579305
33 9   0.579305
33 10   0.579305
33 11   0.579305
33 12   0.579305
33 13   0.579305
33 14   0.579305
33 15   0.579305
33 16   0.579305
33 17   0.579305
33 18   0.579305
33 19   0.579305
33 20   0.579305
33 21   0.579305
33 22   0.579305
33 23   0.579305
33 24   0.579305
33 25   0.579305
33 26   0.579305
33 27   0.579305
33 28   0.579305
33 29   0.579305
33 30   0.579305
33 31   0.579305
33 32   0.579305
33 33   0.579305
33 34   0.579305
33 35   0.579305
33 36   0.579305
33 37   0.579305
33 38   0.579305
33 39   0.579305
33 40   0.579305
34 1   0.63266
34 2   0.63266
34 3   0.63266
34 4   0.63266
34 5   0.63266
34 6   0.63266
34 7   0.63266
34 8   0.63266
34 9   0.63266
34 10   0.63266
34 11   0.63266
34 12   0.63266
34 13   0.63266
34 14   0.63266
34 15   0.63266
34 16   0.63266
34 17   0.63266
34 18   0.63266
34 19   0.63266
34 20   0.63266
34 21   0.63266
34 22   0.63266
34 23   0.63266
34 24   0.63266
34 25   0.63266
34 26   0.63266
34 27   0.63266
34 28   0.63266
34 29   0.63266
34 30   0.63266
34 31   0.63266
34 32   0.63266
34 33   0.63266
34 34   0.63266
34 35   0.63266
34 36   0.63266
34 37   0.63266
34 38   0.63266
34 39   0.63266
34 40   0.63266
35 1   0.699929
35 2   0.699929
35 3   0.699929
35 4   0.699929
35 5   0.699929
35 6   0.699929
35 7   0.699929
35 8   0.699929
35 9   0.699929
35 10   0.699929
35 11   0.699929
35 12   0.699929
35 13   0.699929
35 14   0.699929
35 15   0.699929
35 16   0.699929
35 17   0.699929
35 18   0.699929
35 19   0.699929
35 20   0.699929
35 21   0.699929
35 22   0.699929
35 23   0.699929
35 24   0.699929
35 25   0.699929
35 26   0.699929
35 27   0.699929
35 28   0.699929
35 29   0.699929
35 30   0.699929
35 31   0.699929
35 32   0.699929
35 33   0.699929
35 34   0.699929
35 35   0.699929
35 36   0.699929
35 37   0.699929
35 38   0.699929
35 39   0.699929
35 40   0.699929
36 1   0.773597
36 2   0.773597
36 3   0.773597
36 4   0.773597
36 5   0.773597
36 6   0.773597
36 7   0.773597
36 8   0.773597
36 9   0.773597
36 10   0.773597
36 11   0.773597
36 12   0.773597
36 13   0.773597
36 14   0.773597
36 15   0.773597
36 16   0.773597
36 17   0.773597
36 18   0.773597
36 19   0.773597
36 20   0.773597
36 21   0.773597
36 22   0.773597
36 23   0.773597
36 24   0.773597
36 25   0.773597
36 26   0.773597
36 27   0.773597
36 28   0.773597
36 29   0.773597
36 30   0.773597
36 31   0.773597
36 32   0.773597
36 33   0.773597
36 34   0.773597
36 35   0.773597
36 36   0.773597
36 37   0.773597
36 38   0.773597
36 39   0.773597
36 40   0.773597
37 1   0.845211
37 2   0.845211
37 3   0.845211
37 4   0.845211
37 5   0.845211
37 6   0.845211
37 7   0.845211
37 8   0.845211
37 9   0.845211
37 10   0.845211
37 11   0.845211
37 12   0.845211
37 13   0.845211
37 14   0.845211
37 15   0.845211
37 16   0.845211
37 17   0.845211
37 18   0.845211
37 19   0.845211
37 20   0.845211
37 21   0.845211
37 22   0.845211
37 23   0.845211
37 24   0.845211
37 25   0.845211
37 26   0.845211
37 27   0.845211
37 28   0.845211
37 29   0.845211
37 30   0.845211
37 31   0.845211
37 32   0.845211
37 33   0.845211
37 34   0.845211
37 35   0.845211
37 36   0.845211
37 37   0.845211
37 38   0.845211
37 39   0.845211
37 40   0.845211
38 1   0.906927
38 2   0.906927
38 3   0.906927
38 4   0.906927
38 5   0.906927
38 6   0.906927
38 7   0.906927
38 8   0.906927
38 9   0.906927
38 10   0.906927
38 11   0.906927
38 12   0.906927
38 13   0.906927
38 14   0.906927
38 15   0.906927
38 16   0.906927
38 17   0.906927
38 18   0.906927
38 19   0.906927
38 20   0.906927
38 21   0.906927
38 22   0.906927
38 23   0.906927
38 24   0.906927
38 25   0.906927
38 26   0.906927
38 27   0.906927
38 28   0.906927
38 29   0.906927
38 30   0.906927
38 31   0.906927
38 32   0.906927
38 33   0.906927
38 34   0.906927
38 35   0.906927
38 36   0.906927
38 37   0.906927
38 38   0.906927
38 39   0.906927
38 40   0.906927
39 1   0.952191
39 2   0.952191
39 3   0.952191
39 4   0.952191
39 5   0.952191
39 6   0.952191
39 7   0.952191
39 8   0.952191
39 9   0.952191
39 10   0.952191
39 11   0.952191
39 12   0.952191
39 13   0.952191
39 14   0.952191
39 15   0.952191
39 16   0.952191
39 17   0.952191
39 18   0.952191
39 19   0.952191
39 20   0.952191
39 21   0.952191
39 22   0.952191
39 23   0.952191
39 24   0.952191
39 25   0.952191
39 26   0.952191
39 27   0.952191
39 28   0.952191
39 29   0.952191
39 30   0.952191
39 31   0.952191
39 32   0.952191
39 33   0.952191
39 34   0.952191
39 35   0.952191
39 36   0.952191
39 37   0.952191
39 38   0.952191
39 39   0.952191
39 40   0.952191
40 1   0.976147
40 2   0.976147
40 3   0.976147
40 4   0.976147
40 5   0.976147
40 6   0.976147
40 7   0.976147
40 8   0.976147
40 9   0.976147
40 10   0.976147
40 11   0.976147
40 12   0.976147
40 13   0.976147
40 14   0.976147
40 15   0.976147
40 16   0.976147
40 17   0.976147
40 18   0.976147
40 19   0.976147
40 20   0.976147
40 21   0.976147
40 22   0.976147
40 23   0.976147
40 24   0.976147
40 25   0.976147
40 26   0.976147
40 27   0.976147
40 28   0.976147
40 29   0.976147
40 30   0.976147
40 31   0.976147
40 32   0.976147
40 33   0.976147
40 34   0.976147
40 35   0.976147
40 36   0.976147
40 37   0.976147
40 38   0.976147
40 39   0.976147
40 40   0.976147
