1 1   0.769243
1 2   0.769243
1 3   0.769243
1 4   0.769243
1 5   0.769243
1 6   0.769243
1 7   0.769243
1 8   0.769243
1 9   0.769243
1 10   0.769243
1 11   0.769243
1 12   0.769243
1 13   0.769243
1 14   0.769243
1 15   0.769243
1 16   0.769243
1 17   0.769243
1 18   0.769243
1 19   0.769243
1 20   0.769243
1 21   0.769243
1 22   0.769243
1 23   0.769243
1 24   0.769243
1 25   0.769243
1 26   0.769243
1 27   0.769243
1 28   0.769243
1 29   0.769243
1 30   0.769243
1 31   0.769243
1 32   0.769243
1 33   0.769243
1 34   0.769243
1 35   0.769243
1 36   0.769243
1 37   0.769243
1 38   0.769243
1 39   0.769243
1 40   0.769243
2 1   0.758268
2 2   0.758268
2 3   0.758268
2 4   0.758268
2 5   0.758268
2 6   0.758268
2 7   0.758268
2 8   0.758268
2 9   0.758268
2 10   0.758268
2 11   0.758268
2 12   0.758268
2 13   0.758268
2 14   0.758268
2 15   0.758268
2 16   0.758268
2 17   0.758268
2 18   0.758268
2 19   0.758268
2 20   0.758268
2 21   0.758268
2 22   0.758268
2 23   0.758268
2 24   0.758268
2 25   0.758268
2 26   0.758268
2 27   0.758268
2 28   0.758268
2 29   0.758268
2 30   0.758268
2 31   0.758268
2 32   0.758268
2 33   0.758268
2 34   0.758268
2 35   0.758268
2 36   0.758268
2 37   0.758268
2 38   0.758268
2 39   0.758268
2 40   0.758268
3 1   0.732865
3 2   0.732865
3 3   0.732865
3 4   0.732865
3 5   0.732865
3 6   0.732865
3 7   0.732865
3 8   0.732865
3 9   0.732865
3 10   0.732865
3 11   0.732865
3 12   0.732865
3 13   0.732865
3 14   0.732865
3 15   0.732865
3 16   0.732865
3 17   0.732865
3 18   0.732865
3 19   0.732865
3 20   0.732865
3 21   0.732865
3 22   0.732865
3 23   0.732865
3 24   0.732865
3 25   0.732865
3 26   0.732865
3 27   0.732865
3 28   0.732865
3 29   0.732865
3 30   0.732865
3 31   0.732865
3 32   0.732865
3 33   0.732865
3 34   0.732865
3 35   0.732865
3 36   0.732865
3 37   0.732865
3 38   0.732865
3 39   0.732865
3 40   0.732865
4 1   0.685009
4 2   0.685009
4 3   0.685009
4 4   0.685009
4 5   0.685009
4 6   0.685009
4 7   0.685009
4 8   0.685009
4 9   0.685009
4 10   0.685009
4 11   0.685009
4 12   0.685009
4 13   0.685009
4 14   0.685009
4 15   0.685009
4 16   0.685009
4 17   0.685009
4 18   0.685009
4 19   0.685009
4 20   0.685009
4 21   0.685009
4 22   0.685009
4 23   0.685009
4 24   0.685009
4 25   0.685009
4 26   0.685009
4 27   0.685009
4 28   0.685009
4 29   0.685009
4 30   0.685009
4 31   0.685009
4 32   0.685009
4 33   0.685009
4 34   0.685009
4 35   0.685009
4 36   0.685009
4 37   0.685009
4 38   0.685009
4 39   0.685009
4 40   0.685009
5 1   0.616105
5 2   0.616105
5 3   0.616105
5 4   0.616105
5 5   0.616105
5 6   0.616105
5 7   0.616105
5 8   0.616105
5 9   0.616105
5 10   0.616105
5 11   0.616105
5 12   0.616105
5 13   0.616105
5 14   0.616105
5 15   0.616105
5 16   0.616105
5 17   0.616105
5 18   0.616105
5 19   0.616105
5 20   0.616105
5 21   0.616105
5 22   0.616105
5 23   0.616105
5 24   0.616105
5 25   0.616105
5 26   0.616105
5 27   0.616105
5 28   0.616105
5 29   0.616105
5 30   0.616105
5 31   0.616105
5 32   0.616105
5 33   0.616105
5 34   0.616105
5 35   0.616105
5 36   0.616105
5 37   0.616105
5 38   0.616105
5 39   0.616105
5 40   0.616105
6 1   0.544986
6 2   0.544986
6 3   0.544986
6 4   0.544986
6 5   0.544986
6 6   0.544986
6 7   0.544986
6 8   0.544986
6 9   0.544986
6 10   0.544986
6 11   0.544986
6 12   0.544986
6 13   0.544986
6 14   0.544986
6 15   0.544986
6 16   0.544986
6 17   0.544986
6 18   0.544986
6 19   0.544986
6 20   0.544986
6 21   0.544986
6 22   0.544986
6 23   0.544986
6 24   0.544986
6 25   0.544986
6 26   0.544986
6 27   0.544986
6 28   0.544986
6 29   0.544986
6 30   0.544986
6 31   0.544986
6 32   0.544986
6 33   0.544986
6 34   0.544986
6 35   0.544986
6 36   0.544986
6 37   0.544986
6 38   0.544986
6 39   0.544986
6 40   0.544986
7 1   0.492531
7 2   0.492531
7 3   0.492531
7 4   0.492531
7 5   0.492531
7 6   0.492531
7 7   0.492531
7 8   0.492531
7 9   0.492531
7 10   0.492531
7 11   0.492531
7 12   0.492531
7 13   0.492531
7 14   0.492531
7 15   0.492531
7 16   0.492531
7 17   0.492531
7 18   0.492531
7 19   0.492531
7 20   0.492531
7 21   0.492531
7 22   0.492531
7 23   0.492531
7 24   0.492531
7 25   0.492531
7 26   0.492531
7 27   0.492531
7 28   0.492531
7 29   0.492531
7 30   0.492531
7 31   0.492531
7 32   0.492531
7 33   0.492531
7 34   0.492531
7 35   0.492531
7 36   0.492531
7 37   0.492531
7 38   0.492531
7 39   0.492531
7 40   0.492531
8 1   0.47107
8 2   0.47107
8 3   0.47107
8 4   0.47107
8 5   0.47107
8 6   0.47107
8 7   0.47107
8 8   0.47107
8 9   0.47107
8 10   0.47107
8 11   0.47107
8 12   0.47107
8 13   0.47107
8 14   0.47107
8 15   0.47107
8 16   0.47107
8 17   0.47107
8 18   0.47107
8 19   0.47107
8 20   0.47107
8 21   0.47107
8 22   0.47107
8 23   0.47107
8 24   0.47107
8 25   0.47107
8 26   0.47107
8 27   0.47107
8 28   0.47107
8 29   0.47107
8 30   0.47107
8 31   0.47107
8 32   0.47107
8 33   0.47107
8 34   0.47107
8 35   0.47107
8 36   0.47107
8 37   0.47107
8 38   0.47107
8 39   0.47107
8 40   0.47107
9 1   0.482087
9 2   0.482087
9 3   0.482087
9 4   0.482087
9 5   0.482087
9 6   0.482087
9 7   0.482087
9 8   0.482087
9 9   0.482087
9 10   0.482087
9 11   0.482087
9 12   0.482087
9 13   0.482087
9 14   0.482087
9 15   0.482087
9 16   0.482087
9 17   0.482087
9 18   0.482087
9 19   0.482087
9 20   0.482087
9 21   0.482087
9 22   0.482087
9 23   0.482087
9 24   0.482087
9 25   0.482087
9 26   0.482087
9 27   0.482087
9 28   0.482087
9 29   0.482087
9 30   0.482087
9 31   0.482087
9 32   0.482087
9 33   0.482087
9 34   0.482087
9 35   0.482087
9 36   0.482087
9 37   0.482087
9 38   0.482087
9 39   0.482087
9 40   0.482087
10 1   0.511237
10 2   0.511237
10 3   0.511237
10 4   0.511237
10 5   0.511237
10 6   0.511237
10 7   0.511237
10 8   0.511237
10 9   0.511237
10 10   0.511237
10 11   0.511237
10 12   0.511237
10 13   0.511237
10 14   0.511237
10 15   0.511237
10 16   0.511237
10 17   0.511237
10 18   0.511237
10 19   0.511237
10 20   0.511237
10 21   0.511237
10 22   0.511237
10 23   0.511237
10 24   0.511237
10 25   0.511237
10 26   0.511237
10 27   0.511237
10 28   0.511237
10 29   0.511237
10 30   0.511237
10 31   0.511237
10 32   0.511237
10 33   0.511237
10 34   0.511237
10 35   0.511237
10 36   0.511237
10 37   0.511237
10 38   0.511237
10 39   0.511237
10 40   0.511237
11 1   0.527502
11 2   0.527502
11 3   0.527502
11 4   0.527502
11 5   0.527502
11 6   0.527502
11 7   0.527502
11 8   0.527502
11 9   0.527502
11 10   0.527502
11 11   0.527502
11 12   0.527502
11 13   0.527502
11 14   0.527502
11 15   0.527502
11 16   0.527502
11 17   0.527502
11 18   0.527502
11 19   0.527502
11 20   0.527502
11 21   0.527502
11 22   0.527502
11 23   0.527502
11 24   0.527502
11 25   0.527502
11 26   0.527502
11 27   0.527502
11 28   0.527502
11 29   0.527502
11 30   0.527502
11 31   0.527502
11 32   0.527502
11 33   0.527502
11 34   0.527502
11 35   0.527502
11 36   0.527502
11 37   0.527502
11 38   0.527502
11 39   0.527502
11 40   0.527502
12 1   0.515019
12 2   0.515019
12 3   0.515019
12 4   0.515019
12 5   0.515019
12 6   0.515019
12 7   0.515019
12 8   0.515019
12 9   0.515019
12 10   0.515019
12 11   0.515019
12 12   0.515019
12 13   0.515019
12 14   0.515019
12 15   0.515019
12 16   0.515019
12 17   0.515019
12 18   0.515019
12 19   0.515019
12 20   0.515019
12 21   0.515019
12 22   0.515019
12 23   0.515019
12 24   0.515019
12 25   0.515019
12 26   0.515019
12 27   0.515019
12 28   0.515019
12 29   0.515019
12 30   0.515019
12 31   0.515019
12 32   0.515019
12 33   0.515019
12 34   0.515019
12 35   0.515019
12 36   0.515019
12 37   0.515019
12 38   0.515019
12 39   0.515019
12 40   0.515019
13 1   0.492546
13 2   0.492546
13 3   0.492546
13 4   0.492546
13 5   0.492546
13 6   0.492546
13 7   0.492546
13 8   0.492546
13 9   0.492546
13 10   0.492546
13 11   0.492546
13 12   0.492546
13 13   0.492546
13 14   0.492546
13 15   0.492546
13 16   0.492546
13 17   0.492546
13 18   0.492546
13 19   0.492546
13 20   0.492546
13 21   0.492546
13 22   0.492546
13 23   0.492546
13 24   0.492546
13 25   0.492546
13 26   0.492546
13 27   0.492546
13 28   0.492546
13 29   0.492546
13 30   0.492546
13 31   0.492546
13 32   0.492546
13 33   0.492546
13 34   0.492546
13 35   0.492546
13 36   0.492546
13 37   0.492546
13 38   0.492546
13 39   0.492546
13 40   0.492546
14 1   0.485694
14 2   0.485694
14 3   0.485694
14 4   0.485694
14 5   0.485694
14 6   0.485694
14 7   0.485694
14 8   0.485694
14 9   0.485694
14 10   0.485694
14 11   0.485694
14 12   0.485694
14 13   0.485694
14 14   0.485694
14 15   0.485694
14 16   0.485694
14 17   0.485694
14 18   0.485694
14 19   0.485694
14 20   0.485694
14 21   0.485694
14 22   0.485694
14 23   0.485694
14 24   0.485694
14 25   0.485694
14 26   0.485694
14 27   0.485694
14 28   0.485694
14 29   0.485694
14 30   0.485694
14 31   0.485694
14 32   0.485694
14 33   0.485694
14 34   0.485694
14 35   0.485694
14 36   0.485694
14 37   0.485694
14 38   0.485694
14 39   0.485694
14 40   0.485694
15 1   0.494557
15 2   0.494557
15 3   0.494557
15 4   0.494557
15 5   0.494557
15 6   0.494557
15 7   0.494557
15 8   0.494557
15 9   0.494557
15 10   0.494557
15 11   0.494557
15 12   0.494557
15 13   0.494557
15 14   0.494557
15 15   0.494557
15 16   0.494557
15 17   0.494557
15 18   0.494557
15 19   0.494557
15 20   0.494557
15 21   0.494557
15 22   0.494557
15 23   0.494557
15 24   0.494557
15 25   0.494557
15 26   0.494557
15 27   0.494557
15 28   0.494557
15 29   0.494557
15 30   0.494557
15 31   0.494557
15 32   0.494557
15 33   0.494557
15 34   0.494557
15 35   0.494557
15 36   0.494557
15 37   0.494557
15 38   0.494557
15 39   0.494557
15 40   0.494557
16 1   0.504693
16 2   0.504693
16 3   0.504693
16 4   0.504693
16 5   0.504693
16 6   0.504693
16 7   0.504693
16 8   0.504693
16 9   0.504693
16 10   0.504693
16 11   0.504693
16 12   0.504693
16 13   0.504693
16 14   0.504693
16 15   0.504693
16 16   0.504693
16 17   0.504693
16 18   0.504693
16 19   0.504693
16 20   0.504693
16 21   0.504693
16 22   0.504693
16 23   0.504693
16 24   0.504693
16 25   0.504693
16 26   0.504693
16 27   0.504693
16 28   0.504693
16 29   0.504693
16 30   0.504693
16 31   0.504693
16 32   0.504693
16 33   0.504693
16 34   0.504693
16 35   0.504693
16 36   0.504693
16 37   0.504693
16 38   0.504693
16 39   0.504693
16 40   0.504693
17 1   0.507697
17 2   0.507697
17 3   0.507697
17 4   0.507697
17 5   0.507697
17 6   0.507697
17 7   0.507697
17 8   0.507697
17 9   0.507697
17 10   0.507697
17 11   0.507697
17 12   0.507697
17 13   0.507697
17 14   0.507697
17 15   0.507697
17 16   0.507697
17 17   0.507697
17 18   0.507697
17 19   0.507697
17 20   0.507697
17 21   0.507697
17 22   0.507697
17 23   0.507697
17 24   0.507697
17 25   0.507697
17 26   0.507697
17 27   0.507697
17 28   0.507697
17 29   0.507697
17 30   0.507697
17 31   0.507697
17 32   0.507697
17 33   0.507697
17 34   0.507697
17 35   0.507697
17 36   0.507697
17 37   0.507697
17 38   0.507697
17 39   0.507697
17 40   0.507697
18 1   0.502631
18 2   0.502631
18 3   0.502631
18 4   0.502631
18 5   0.502631
18 6   0.502631
18 7   0.502631
18 8   0.502631
18 9   0.502631
18 10   0.502631
18 11   0.502631
18 12   0.502631
18 13   0.502631
18 14   0.502631
18 15   0.502631
18 16   0.502631
18 17   0.502631
18 18   0.502631
18 19   0.502631
18 20   0.502631
18 21   0.502631
18 22   0.502631
18 23   0.502631
18 24   0.502631
18 25   0.502631
18 26   0.502631
18 27   0.502631
18 28   0.502631
18 29   0.502631
18 30   0.502631
18 31   0.502631
18 32   0.502631
18 33   0.502631
18 34   0.502631
18 35   0.502631
18 36   0.502631
18 37   0.502631
18 38   0.502631
18 39   0.502631
18 40   0.502631
19 1   0.496762
19 2   0.496762
19 3   0.496762
19 4   0.496762
19 5   0.496762
19 6   0.496762
19 7   0.496762
19 8   0.496762
19 9   0.496762
19 10   0.496762
19 11   0.496762
19 12   0.496762
19 13   0.496762
19 14   0.496762
19 15   0.496762
19 16   0.496762
19 17   0.496762
19 18   0.496762
19 19   0.496762
19 20   0.496762
19 21   0.496762
19 22   0.496762
19 23   0.496762
19 24   0.496762
19 25   0.496762
19 26   0.496762
19 27   0.496762
19 28   0.496762
19 29   0.496762
19 30   0.496762
19 31   0.496762
19 32   0.496762
19 33   0.496762
19 34   0.496762
19 35   0.496762
19 36   0.496762
19 37   0.496762
19 38   0.496762
19 39   0.496762
19 40   0.496762
20 1   0.495843
20 2   0.495843
20 3   0.495843
20 4   0.495843
20 5   0.495843
20 6   0.495843
20 7   0.495843
20 8   0.495843
20 9   0.495843
20 10   0.495843
20 11   0.495843
20 12   0.495843
20 13   0.495843
20 14   0.495843
20 15   0.495843
20 16   0.495843
20 17   0.495843
20 18   0.495843
20 19   0.495843
20 20   0.495843
20 21   0.495843
20 22   0.495843
20 23   0.495843
20 24   0.495843
20 25   0.495843
20 26   0.495843
20 27   0.495843
20 28   0.495843
20 29   0.495843
20 30   0.495843
20 31   0.495843
20 32   0.495843
20 33   0.495843
20 34   0.495843
20 35   0.495843
20 36   0.495843
20 37   0.495843
20 38   0.495843
20 39   0.495843
20 40   0.495843
21 1   0.497693
21 2   0.497693
21 3   0.497693
21 4   0.497693
21 5   0.497693
21 6   0.497693
21 7   0.497693
21 8   0.497693
21 9   0.497693
21 10   0.497693
21 11   0.497693
21 12   0.497693
21 13   0.497693
21 14   0.497693
21 15   0.497693
21 16   0.497693
21 17   0.497693
21 18   0.497693
21 19   0.497693
21 20   0.497693
21 21   0.497693
21 22   0.497693
21 23   0.497693
21 24   0.497693
21 25   0.497693
21 26   0.497693
21 27   0.497693
21 28   0.497693
21 29   0.497693
21 30   0.497693
21 31   0.497693
21 32   0.497693
21 33   0.497693
21 34   0.497693
21 35   0.497693
21 36   0.497693
21 37   0.497693
21 38   0.497693
21 39   0.497693
21 40   0.497693
22 1   0.501971
22 2   0.501971
22 3   0.501971
22 4   0.501971
22 5   0.501971
22 6   0.501971
22 7   0.501971
22 8   0.501971
22 9   0.501971
22 10   0.501971
22 11   0.501971
22 12   0.501971
22 13   0.501971
22 14   0.501971
22 15   0.501971
22 16   0.501971
22 17   0.501971
22 18   0.501971
22 19   0.501971
22 20   0.501971
22 21   0.501971
22 22   0.501971
22 23   0.501971
22 24   0.501971
22 25   0.501971
22 26   0.501971
22 27   0.501971
22 28   0.501971
22 29   0.501971
22 30   0.501971
22 31   0.501971
22 32   0.501971
22 33   0.501971
22 34   0.501971
22 35   0.501971
22 36   0.501971
22 37   0.501971
22 38   0.501971
22 39   0.501971
22 40   0.501971
23 1   0.505127
23 2   0.505127
23 3   0.505127
23 4   0.505127
23 5   0.505127
23 6   0.505127
23 7   0.505127
23 8   0.505127
23 9   0.505127
23 10   0.505127
23 11   0.505127
23 12   0.505127
23 13   0.505127
23 14   0.505127
23 15   0.505127
23 16   0.505127
23 17   0.505127
23 18   0.505127
23 19   0.505127
23 20   0.505127
23 21   0.505127
23 22   0.505127
23 23   0.505127
23 24   0.505127
23 25   0.505127
23 26   0.505127
23 27   0.505127
23 28   0.505127
23 29   0.505127
23 30   0.505127
23 31   0.505127
23 32   0.505127
23 33   0.505127
23 34   0.505127
23 35   0.505127
23 36   0.505127
23 37   0.505127
23 38   0.505127
23 39   0.505127
23 40   0.505127
24 1   0.502834
24 2   0.502834
24 3   0.502834
24 4   0.502834
24 5   0.502834
24 6   0.502834
24 7   0.502834
24 8   0.502834
24 9   0.502834
24 10   0.502834
24 11   0.502834
24 12   0.502834
24 13   0.502834
24 14   0.502834
24 15   0.502834
24 16   0.502834
24 17   0.502834
24 18   0.502834
24 19   0.502834
24 20   0.502834
24 21   0.502834
24 22   0.502834
24 23   0.502834
24 24   0.502834
24 25   0.502834
24 26   0.502834
24 27   0.502834
24 28   0.502834
24 29   0.502834
24 30   0.502834
24 31   0.502834
24 32   0.502834
24 33   0.502834
24 34   0.502834
24 35   0.502834
24 36   0.502834
24 37   0.502834
24 38   0.502834
24 39   0.502834
24 40   0.502834
25 1   0.49702
25 2   0.49702
25 3   0.49702
25 4   0.49702
25 5   0.49702
25 6   0.49702
25 7   0.49702
25 8   0.49702
25 9   0.49702
25 10   0.49702
25 11   0.49702
25 12   0.49702
25 13   0.49702
25 14   0.49702
25 15   0.49702
25 16   0.49702
25 17   0.49702
25 18   0.49702
25 19   0.49702
25 20   0.49702
25 21   0.49702
25 22   0.49702
25 23   0.49702
25 24   0.49702
25 25   0.49702
25 26   0.49702
25 27   0.49702
25 28   0.49702
25 29   0.49702
25 30   0.49702
25 31   0.49702
25 32   0.49702
25 33   0.49702
25 34   0.49702
25 35   0.49702
25 36   0.49702
25 37   0.49702
25 38   0.49702
25 39   0.49702
25 40   0.49702
26 1   0.493085
26 2   0.493085
26 3   0.493085
26 4   0.493085
26 5   0.493085
26 6   0.493085
26 7   0.493085
26 8   0.493085
26 9   0.493085
26 10   0.493085
26 11   0.493085
26 12   0.493085
26 13   0.493085
26 14   0.493085
26 15   0.493085
26 16   0.493085
26 17   0.493085
26 18   0.493085
26 19   0.493085
26 20   0.493085
26 21   0.493085
26 22   0.493085
26 23   0.493085
26 24   0.493085
26 25   0.493085
26 26   0.493085
26 27   0.493085
26 28   0.493085
26 29   0.493085
26 30   0.493085
26 31   0.493085
26 32   0.493085
26 33   0.493085
26 34   0.493085
26 35   0.493085
26 36   0.493085
26 37   0.493085
26 38   0.493085
26 39   0.493085
26 40   0.493085
27 1   0.494526
27 2   0.494526
27 3   0.494526
27 4   0.494526
27 5   0.494526
27 6   0.494526
27 7   0.494526
27 8   0.494526
27 9   0.494526
27 10   0.494526
27 11   0.494526
27 12   0.494526
27 13   0.494526
27 14   0.494526
27 15   0.494526
27 16   0.494526
27 17   0.494526
27 18   0.494526
27 19   0.494526
27 20   0.494526
27 21   0.494526
27 22   0.494526
27 23   0.494526
27 24   0.494526
27 25   0.494526
27 26   0.494526
27 27   0.494526
27 28   0.494526
27 29   0.494526
27 30   0.494526
27 31   0.494526
27 32   0.494526
27 33   0.494526
27 34   0.494526
27 35   0.494526
27 36   0.494526
27 37   0.494526
27 38   0.494526
27 39   0.494526
27 40   0.494526
28 1   0.504182
28 2   0.504182
28 3   0.504182
28 4   0.504182
28 5   0.504182
28 6   0.504182
28 7   0.504182
28 8   0.504182
28 9   0.504182
28 10   0.504182
28 11   0.504182
28 12   0.504182
28 13   0.504182
28 14   0.504182
28 15   0.504182
28 16   0.504182
28 17   0.504182
28 18   0.504182
28 19   0.504182
28 20   0.504182
28 21   0.504182
28 22   0.504182
28 23   0.504182
28 24   0.504182
28 25   0.504182
28 26   0.504182
28 27   0.504182
28 28   0.504182
28 29   0.504182
28 30   0.504182
28 31   0.504182
28 32   0.504182
28 33   0.504182
28 34   0.504182
28 35   0.504182
28 36   0.504182
28 37   0.504182
28 38   0.504182
28 39   0.504182
28 40   0.504182
29 1   0.512966
29 2   0.512966
29 3   0.512966
29 4   0.512966
29 5   0.512966
29 6   0.512966
29 7   0.512966
29 8   0.512966
29 9   0.512966
29 10   0.512966
29 11   0.512966
29 12   0.512966
29 13   0.512966
29 14   0.512966
29 15   0.512966
29 16   0.512966
29 17   0.512966
29 18   0.512966
29 19   0.512966
29 20   0.512966
29 21   0.512966
29 22   0.512966
29 23   0.512966
29 24   0.512966
29 25   0.512966
29 26   0.512966
29 27   0.512966
29 28   0.512966
29 29   0.512966
29 30   0.512966
29 31   0.512966
29 32   0.512966
29 33   0.512966
29 34   0.512966
29 35   0.512966
29 36   0.512966
29 37   0.512966
29 38   0.512966
29 39   0.512966
29 40   0.512966
30 1   0.502535
30 2   0.502535
30 3   0.502535
30 4   0.502535
30 5   0.502535
30 6   0.502535
30 7   0.502535
30 8   0.502535
30 9   0.502535
30 10   0.502535
30 11   0.502535
30 12   0.502535
30 13   0.502535
30 14   0.502535
30 15   0.502535
30 16   0.502535
30 17   0.502535
30 18   0.502535
30 19   0.502535
30 20   0.502535
30 21   0.502535
30 22   0.502535
30 23   0.502535
30 24   0.502535
30 25   0.502535
30 26   0.502535
30 27   0.502535
30 28   0.502535
30 29   0.502535
30 30   0.502535
30 31   0.502535
30 32   0.502535
30 33   0.502535
30 34   0.502535
30 35   0.502535
30 36   0.502535
30 37   0.502535
30 38   0.502535
30 39   0.502535
30 40   0.502535
31 1   0.475017
31 2   0.475017
31 3   0.475017
31 4   0.475017
31 5   0.475017
31 6   0.475017
31 7   0.475017
31 8   0.475017
31 9   0.475017
31 10   0.475017
31 11   0.475017
31 12   0.475017
31 13   0.475017
31 14   0.475017
31 15   0.475017
31 16   0.475017
31 17   0.475017
31 18   0.475017
31 19   0.475017
31 20   0.475017
31 21   0.475017
31 22   0.475017
31 23   0.475017
31 24   0.475017
31 25   0.475017
31 26   0.475017
31 27   0.475017
31 28   0.475017
31 29   0.475017
31 30   0.475017
31 31   0.475017
31 32   0.475017
31 33   0.475017
31 34   0.475017
31 35   0.475017
31 36   0.475017
31 37   0.475017
31 38   0.475017
31 39   0.475017
31 40   0.475017
32 1   0.454526
32 2   0.454526
32 3   0.454526
32 4   0.454526
32 5   0.454526
32 6   0.454526
32 7   0.454526
32 8   0.454526
32 9   0.454526
32 10   0.454526
32 11   0.454526
32 12   0.454526
32 13   0.454526
32 14   0.454526
32 15   0.454526
32 16   0.454526
32 17   0.454526
32 18   0.454526
32 19   0.454526
32 20   0.454526
32 21   0.454526
32 22   0.454526
32 23   0.454526
32 24   0.454526
32 25   0.454526
32 26   0.454526
32 27   0.454526
32 28   0.454526
32 29   0.454526
32 30   0.454526
32 31   0.454526
32 32   0.454526
32 33   0.454526
32 34   0.454526
32 35   0.454526
32 36   0.454526
32 37   0.454526
32 38   0.454526
32 39   0.454526
32 40   0.454526
33 1   0.454791
33 2   0.454791
33 3   0.454791
33 4   0.454791
33 5   0.454791
33 6   0.454791
33 7   0.454791
33 8   0.454791
33 9   0.454791
33 10   0.454791
33 11   0.454791
33 12   0.454791
33 13   0.454791
33 14   0.454791
33 15   0.454791
33 16   0.454791
33 17   0.454791
33 18   0.454791
33 19   0.454791
33 20   0.454791
33 21   0.454791
33 22   0.454791
33 23   0.454791
33 24   0.454791
33 25   0.454791
33 26   0.454791
33 27   0.454791
33 28   0.454791
33 29   0.454791
33 30   0.454791
33 31   0.454791
33 32   0.454791
33 33   0.454791
33 34   0.454791
33 35   0.454791
33 36   0.454791
33 37   0.454791
33 38   0.454791
33 39   0.454791
33 40   0.454791
34 1   0.45828
34 2   0.45828
34 3   0.45828
34 4   0.45828
34 5   0.45828
34 6   0.45828
34 7   0.45828
34 8   0.45828
34 9   0.45828
34 10   0.45828
34 11   0.45828
34 12   0.45828
34 13   0.45828
34 14   0.45828
34 15   0.45828
34 16   0.45828
34 17   0.45828
34 18   0.45828
34 19   0.45828
34 20   0.45828
34 21   0.45828
34 22   0.45828
34 23   0.45828
34 24   0.45828
34 25   0.45828
34 26   0.45828
34 27   0.45828
34 28   0.45828
34 29   0.45828
34 30   0.45828
34 31   0.45828
34 32   0.45828
34 33   0.45828
34 34   0.45828
34 35   0.45828
34 36   0.45828
34 37   0.45828
34 38   0.45828
34 39   0.45828
34 40   0.45828
35 1   0.432731
35 2   0.432731
35 3   0.432731
35 4   0.432731
35 5   0.432731
35 6   0.432731
35 7   0.432731
35 8   0.432731
35 9   0.432731
35 10   0.432731
35 11   0.432731
35 12   0.432731
35 13   0.432731
35 14   0.432731
35 15   0.432731
35 16   0.432731
35 17   0.432731
35 18   0.432731
35 19   0.432731
35 20   0.432731
35 21   0.432731
35 22   0.432731
35 23   0.432731
35 24   0.432731
35 25   0.432731
35 26   0.432731
35 27   0.432731
35 28   0.432731
35 29   0.432731
35 30   0.432731
35 31   0.432731
35 32   0.432731
35 33   0.432731
35 34   0.432731
35 35   0.432731
35 36   0.432731
35 37   0.432731
35 38   0.432731
35 39   0.432731
35 40   0.432731
36 1   0.361095
36 2   0.361095
36 3   0.361095
36 4   0.361095
36 5   0.361095
36 6   0.361095
36 7   0.361095
36 8   0.361095
36 9   0.361095
36 10   0.361095
36 11   0.361095
36 12   0.361095
36 13   0.361095
36 14   0.361095
36 15   0.361095
36 16   0.361095
36 17   0.361095
36 18   0.361095
36 19   0.361095
36 20   0.361095
36 21   0.361095
36 22   0.361095
36 23   0.361095
36 24   0.361095
36 25   0.361095
36 26   0.361095
36 27   0.361095
36 28   0.361095
36 29   0.361095
36 30   0.361095
36 31   0.361095
36 32   0.361095
36 33   0.361095
36 34   0.361095
36 35   0.361095
36 36   0.361095
36 37   0.361095
36 38   0.361095
36 39   0.361095
36 40   0.361095
37 1   0.245927
37 2   0.245927
37 3   0.245927
37 4   0.245927
37 5   0.245927
37 6   0.245927
37 7   0.245927
37 8   0.245927
37 9   0.245927
37 10   0.245927
37 11   0.245927
37 12   0.245927
37 13   0.245927
37 14   0.245927
37 15   0.245927
37 16   0.245927
37 17   0.245927
37 18   0.245927
37 19   0.245927
37 20   0.245927
37 21   0.245927
37 22   0.245927
37 23   0.245927
37 24   0.245927
37 25   0.245927
37 26   0.245927
37 27   0.245927
37 28   0.245927
37 29   0.245927
37 30   0.245927
37 31   0.245927
37 32   0.245927
37 33   0.245927
37 34   0.245927
37 35   0.245927
37 36   0.245927
37 37   0.245927
37 38   0.245927
37 39   0.245927
37 40   0.245927
38 1   0.110469
38 2   0.110469
38 3   0.110469
38 4   0.110469
38 5   0.110469
38 6   0.110469
38 7   0.110469
38 8   0.110469
38 9   0.110469
38 10   0.110469
38 11   0.110469
38 12   0.110469
38 13   0.110469
38 14   0.110469
38 15   0.110469
38 16   0.110469
38 17   0.110469
38 18   0.110469
38 19   0.110469
38 20   0.110469
38 21   0.110469
38 22   0.110469
38 23   0.110469
38 24   0.110469
38 25   0.110469
38 26   0.110469
38 27   0.110469
38 28   0.110469
38 29   0.110469
38 30   0.110469
38 31   0.110469
38 32   0.110469
38 33   0.110469
38 34   0.110469
38 35   0.110469
38 36   0.110469
38 37   0.110469
38 38   0.110469
38 39   0.110469
38 40   0.110469
39 1   -0.00924139
39 2   -0.00924139
39 3   -0.00924139
39 4   -0.00924139
39 5   -0.00924139
39 6   -0.00924139
39 7   -0.00924139
39 8   -0.00924139
39 9   -0.00924139
39 10   -0.00924139
39 11   -0.00924139
39 12   -0.00924139
39 13   -0.00924139
39 14   -0.00924139
39 15   -0.00924139
39 16   -0.00924139
39 17   -0.00924139
39 18   -0.00924139
39 19   -0.00924139
39 20   -0.00924139
39 21   -0.00924139
39 22   -0.00924139
39 23   -0.00924139
39 24   -0.00924139
39 25   -0.00924139
39 26   -0.00924139
39 27   -0.00924139
39 28   -0.00924139
39 29   -0.00924139
39 30   -0.00924139
39 31   -0.00924139
39 32   -0.00924139
39 33   -0.00924139
39 34   -0.00924139
39 35   -0.00924139
39 36   -0.00924139
39 37   -0.00924139
39 38   -0.00924139
39 39   -0.00924139
39 40   -0.00924139
40 1   -0.0797768
40 2   -0.0797768
40 3   -0.0797768
40 4   -0.0797768
40 5   -0.0797768
40 6   -0.0797768
40 7   -0.0797768
40 8   -0.0797768
40 9   -0.0797768
40 10   -0.0797768
40 11   -0.0797768
40 12   -0.0797768
40 13   -0.0797768
40 14   -0.0797768
40 15   -0.0797768
40 16   -0.0797768
40 17   -0.0797768
40 18   -0.0797768
40 19   -0.0797768
40 20   -0.0797768
40 21   -0.0797768
40 22   -0.0797768
40 23   -0.0797768
40 24   -0.0797768
40 25   -0.0797768
40 26   -0.0797768
40 27   -0.0797768
40 28   -0.0797768
40 29   -0.0797768
40 30   -0.0797768
40 31   -0.0797768
40 32   -0.0797768
40 33   -0.0797768
40 34   -0.0797768
40 35   -0.0797768
40 36   -0.0797768
40 37   -0.0797768
40 38   -0.0797768
40 39   -0.0797768
40 40   -0.0797768
