1 1   -0.00801011
1 2   -0.00801011
1 3   -0.00801011
1 4   -0.00801011
1 5   -0.00801011
1 6   -0.00801011
1 7   -0.00801011
1 8   -0.00801011
1 9   -0.00801011
1 10   -0.00801011
1 11   -0.00801011
1 12   -0.00801011
1 13   -0.00801011
1 14   -0.00801011
1 15   -0.00801011
1 16   -0.00801011
1 17   -0.00801011
1 18   -0.00801011
1 19   -0.00801011
1 20   -0.00801011
1 21   -0.00801011
1 22   -0.00801011
1 23   -0.00801011
1 24   -0.00801011
1 25   -0.00801011
1 26   -0.00801011
1 27   -0.00801011
1 28   -0.00801011
1 29   -0.00801011
1 30   -0.00801011
1 31   -0.00801011
1 32   -0.00801011
1 33   -0.00801011
1 34   -0.00801011
1 35   -0.00801011
1 36   -0.00801011
1 37   -0.00801011
1 38   -0.00801011
1 39   -0.00801011
1 40   -0.00801011
2 1   -0.00199763
2 2   -0.00199763
2 3   -0.00199763
2 4   -0.00199763
2 5   -0.00199763
2 6   -0.00199763
2 7   -0.00199763
2 8   -0.00199763
2 9   -0.00199763
2 10   -0.00199763
2 11   -0.00199763
2 12   -0.00199763
2 13   -0.00199763
2 14   -0.00199763
2 15   -0.00199763
2 16   -0.00199763
2 17   -0.00199763
2 18   -0.00199763
2 19   -0.00199763
2 20   -0.00199763
2 21   -0.00199763
2 22   -0.00199763
2 23   -0.00199763
2 24   -0.00199763
2 25   -0.00199763
2 26   -0.00199763
2 27   -0.00199763
2 28   -0.00199763
2 29   -0.00199763
2 30   -0.00199763
2 31   -0.00199763
2 32   -0.00199763
2 33   -0.00199763
2 34   -0.00199763
2 35   -0.00199763
2 36   -0.00199763
2 37   -0.00199763
2 38   -0.00199763
2 39   -0.00199763
2 40   -0.00199763
3 1   0.0064024
3 2   0.0064024
3 3   0.0064024
3 4   0.0064024
3 5   0.0064024
3 6   0.0064024
3 7   0.0064024
3 8   0.0064024
3 9   0.0064024
3 10   0.0064024
3 11   0.0064024
3 12   0.0064024
3 13   0.0064024
3 14   0.0064024
3 15   0.0064024
3 16   0.0064024
3 17   0.0064024
3 18   0.0064024
3 19   0.0064024
3 20   0.0064024
3 21   0.0064024
3 22   0.0064024
3 23   0.0064024
3 24   0.0064024
3 25   0.0064024
3 26   0.0064024
3 27   0.0064024
3 28   0.0064024
3 29   0.0064024
3 30   0.0064024
3 31   0.0064024
3 32   0.0064024
3 33   0.0064024
3 34   0.0064024
3 35   0.0064024
3 36   0.0064024
3 37   0.0064024
3 38   0.0064024
3 39   0.0064024
3 40   0.0064024
4 1   0.0124035
4 2   0.0124035
4 3   0.0124035
4 4   0.0124035
4 5   0.0124035
4 6   0.0124035
4 7   0.0124035
4 8   0.0124035
4 9   0.0124035
4 10   0.0124035
4 11   0.0124035
4 12   0.0124035
4 13   0.0124035
4 14   0.0124035
4 15   0.0124035
4 16   0.0124035
4 17   0.0124035
4 18   0.0124035
4 19   0.0124035
4 20   0.0124035
4 21   0.0124035
4 22   0.0124035
4 23   0.0124035
4 24   0.0124035
4 25   0.0124035
4 26   0.0124035
4 27   0.0124035
4 28   0.0124035
4 29   0.0124035
4 30   0.0124035
4 31   0.0124035
4 32   0.0124035
4 33   0.0124035
4 34   0.0124035
4 35   0.0124035
4 36   0.0124035
4 37   0.0124035
4 38   0.0124035
4 39   0.0124035
4 40   0.0124035
5 1   0.0131662
5 2   0.0131662
5 3   0.0131662
5 4   0.0131662
5 5   0.0131662
5 6   0.0131662
5 7   0.0131662
5 8   0.0131662
5 9   0.0131662
5 10   0.0131662
5 11   0.0131662
5 12   0.0131662
5 13   0.0131662
5 14   0.0131662
5 15   0.0131662
5 16   0.0131662
5 17   0.0131662
5 18   0.0131662
5 19   0.0131662
5 20   0.0131662
5 21   0.0131662
5 22   0.0131662
5 23   0.0131662
5 24   0.0131662
5 25   0.0131662
5 26   0.0131662
5 27   0.0131662
5 28   0.0131662
5 29   0.0131662
5 30   0.0131662
5 31   0.0131662
5 32   0.0131662
5 33   0.0131662
5 34   0.0131662
5 35   0.0131662
5 36   0.0131662
5 37   0.0131662
5 38   0.0131662
5 39   0.0131662
5 40   0.0131662
6 1   0.0094337
6 2   0.0094337
6 3   0.0094337
6 4   0.0094337
6 5   0.0094337
6 6   0.0094337
6 7   0.0094337
6 8   0.0094337
6 9   0.0094337
6 10   0.0094337
6 11   0.0094337
6 12   0.0094337
6 13   0.0094337
6 14   0.0094337
6 15   0.0094337
6 16   0.0094337
6 17   0.0094337
6 18   0.0094337
6 19   0.0094337
6 20   0.0094337
6 21   0.0094337
6 22   0.0094337
6 23   0.0094337
6 24   0.0094337
6 25   0.0094337
6 26   0.0094337
6 27   0.0094337
6 28   0.0094337
6 29   0.0094337
6 30   0.0094337
6 31   0.0094337
6 32   0.0094337
6 33   0.0094337
6 34   0.0094337
6 35   0.0094337
6 36   0.0094337
6 37   0.0094337
6 38   0.0094337
6 39   0.0094337
6 40   0.0094337
7 1   0.00492696
7 2   0.00492696
7 3   0.00492696
7 4   0.00492696
7 5   0.00492696
7 6   0.00492696
7 7   0.00492696
7 8   0.00492696
7 9   0.00492696
7 10   0.00492696
7 11   0.00492696
7 12   0.00492696
7 13   0.00492696
7 14   0.00492696
7 15   0.00492696
7 16   0.00492696
7 17   0.00492696
7 18   0.00492696
7 19   0.00492696
7 20   0.00492696
7 21   0.00492696
7 22   0.00492696
7 23   0.00492696
7 24   0.00492696
7 25   0.00492696
7 26   0.00492696
7 27   0.00492696
7 28   0.00492696
7 29   0.00492696
7 30   0.00492696
7 31   0.00492696
7 32   0.00492696
7 33   0.00492696
7 34   0.00492696
7 35   0.00492696
7 36   0.00492696
7 37   0.00492696
7 38   0.00492696
7 39   0.00492696
7 40   0.00492696
8 1   0.00438578
8 2   0.00438578
8 3   0.00438578
8 4   0.00438578
8 5   0.00438578
8 6   0.00438578
8 7   0.00438578
8 8   0.00438578
8 9   0.00438578
8 10   0.00438578
8 11   0.00438578
8 12   0.00438578
8 13   0.00438578
8 14   0.00438578
8 15   0.00438578
8 16   0.00438578
8 17   0.00438578
8 18   0.00438578
8 19   0.00438578
8 20   0.00438578
8 21   0.00438578
8 22   0.00438578
8 23   0.00438578
8 24   0.00438578
8 25   0.00438578
8 26   0.00438578
8 27   0.00438578
8 28   0.00438578
8 29   0.00438578
8 30   0.00438578
8 31   0.00438578
8 32   0.00438578
8 33   0.00438578
8 34   0.00438578
8 35   0.00438578
8 36   0.00438578
8 37   0.00438578
8 38   0.00438578
8 39   0.00438578
8 40   0.00438578
9 1   0.0116722
9 2   0.0116722
9 3   0.0116722
9 4   0.0116722
9 5   0.0116722
9 6   0.0116722
9 7   0.0116722
9 8   0.0116722
9 9   0.0116722
9 10   0.0116722
9 11   0.0116722
9 12   0.0116722
9 13   0.0116722
9 14   0.0116722
9 15   0.0116722
9 16   0.0116722
9 17   0.0116722
9 18   0.0116722
9 19   0.0116722
9 20   0.0116722
9 21   0.0116722
9 22   0.0116722
9 23   0.0116722
9 24   0.0116722
9 25   0.0116722
9 26   0.0116722
9 27   0.0116722
9 28   0.0116722
9 29   0.0116722
9 30   0.0116722
9 31   0.0116722
9 32   0.0116722
9 33   0.0116722
9 34   0.0116722
9 35   0.0116722
9 36   0.0116722
9 37   0.0116722
9 38   0.0116722
9 39   0.0116722
9 40   0.0116722
10 1   0.0287223
10 2   0.0287223
10 3   0.0287223
10 4   0.0287223
10 5   0.0287223
10 6   0.0287223
10 7   0.0287223
10 8   0.0287223
10 9   0.0287223
10 10   0.0287223
10 11   0.0287223
10 12   0.0287223
10 13   0.0287223
10 14   0.0287223
10 15   0.0287223
10 16   0.0287223
10 17   0.0287223
10 18   0.0287223
10 19   0.0287223
10 20   0.0287223
10 21   0.0287223
10 22   0.0287223
10 23   0.0287223
10 24   0.0287223
10 25   0.0287223
10 26   0.0287223
10 27   0.0287223
10 28   0.0287223
10 29   0.0287223
10 30   0.0287223
10 31   0.0287223
10 32   0.0287223
10 33   0.0287223
10 34   0.0287223
10 35   0.0287223
10 36   0.0287223
10 37   0.0287223
10 38   0.0287223
10 39   0.0287223
10 40   0.0287223
11 1   0.055327
11 2   0.055327
11 3   0.055327
11 4   0.055327
11 5   0.055327
11 6   0.055327
11 7   0.055327
11 8   0.055327
11 9   0.055327
11 10   0.055327
11 11   0.055327
11 12   0.055327
11 13   0.055327
11 14   0.055327
11 15   0.055327
11 16   0.055327
11 17   0.055327
11 18   0.055327
11 19   0.055327
11 20   0.055327
11 21   0.055327
11 22   0.055327
11 23   0.055327
11 24   0.055327
11 25   0.055327
11 26   0.055327
11 27   0.055327
11 28   0.055327
11 29   0.055327
11 30   0.055327
11 31   0.055327
11 32   0.055327
11 33   0.055327
11 34   0.055327
11 35   0.055327
11 36   0.055327
11 37   0.055327
11 38   0.055327
11 39   0.055327
11 40   0.055327
12 1   0.0894617
12 2   0.0894617
12 3   0.0894617
12 4   0.0894617
12 5   0.0894617
12 6   0.0894617
12 7   0.0894617
12 8   0.0894617
12 9   0.0894617
12 10   0.0894617
12 11   0.0894617
12 12   0.0894617
12 13   0.0894617
12 14   0.0894617
12 15   0.0894617
12 16   0.0894617
12 17   0.0894617
12 18   0.0894617
12 19   0.0894617
12 20   0.0894617
12 21   0.0894617
12 22   0.0894617
12 23   0.0894617
12 24   0.0894617
12 25   0.0894617
12 26   0.0894617
12 27   0.0894617
12 28   0.0894617
12 29   0.0894617
12 30   0.0894617
12 31   0.0894617
12 32   0.0894617
12 33   0.0894617
12 34   0.0894617
12 35   0.0894617
12 36   0.0894617
12 37   0.0894617
12 38   0.0894617
12 39   0.0894617
12 40   0.0894617
13 1   0.127962
13 2   0.127962
13 3   0.127962
13 4   0.127962
13 5   0.127962
13 6   0.127962
13 7   0.127962
13 8   0.127962
13 9   0.127962
13 10   0.127962
13 11   0.127962
13 12   0.127962
13 13   0.127962
13 14   0.127962
13 15   0.127962
13 16   0.127962
13 17   0.127962
13 18   0.127962
13 19   0.127962
13 20   0.127962
13 21   0.127962
13 22   0.127962
13 23   0.127962
13 24   0.127962
13 25   0.127962
13 26   0.127962
13 27   0.127962
13 28   0.127962
13 29   0.127962
13 30   0.127962
13 31   0.127962
13 32   0.127962
13 33   0.127962
13 34   0.127962
13 35   0.127962
13 36   0.127962
13 37   0.127962
13 38   0.127962
13 39   0.127962
13 40   0.127962
14 1   0.167476
14 2   0.167476
14 3   0.167476
14 4   0.167476
14 5   0.167476
14 6   0.167476
14 7   0.167476
14 8   0.167476
14 9   0.167476
14 10   0.167476
14 11   0.167476
14 12   0.167476
14 13   0.167476
14 14   0.167476
14 15   0.167476
14 16   0.167476
14 17   0.167476
14 18   0.167476
14 19   0.167476
14 20   0.167476
14 21   0.167476
14 22   0.167476
14 23   0.167476
14 24   0.167476
14 25   0.167476
14 26   0.167476
14 27   0.167476
14 28   0.167476
14 29   0.167476
14 30   0.167476
14 31   0.167476
14 32   0.167476
14 33   0.167476
14 34   0.167476
14 35   0.167476
14 36   0.167476
14 37   0.167476
14 38   0.167476
14 39   0.167476
14 40   0.167476
15 1   0.205586
15 2   0.205586
15 3   0.205586
15 4   0.205586
15 5   0.205586
15 6   0.205586
15 7   0.205586
15 8   0.205586
15 9   0.205586
15 10   0.205586
15 11   0.205586
15 12   0.205586
15 13   0.205586
15 14   0.205586
15 15   0.205586
15 16   0.205586
15 17   0.205586
15 18   0.205586
15 19   0.205586
15 20   0.205586
15 21   0.205586
15 22   0.205586
15 23   0.205586
15 24   0.205586
15 25   0.205586
15 26   0.205586
15 27   0.205586
15 28   0.205586
15 29   0.205586
15 30   0.205586
15 31   0.205586
15 32   0.205586
15 33   0.205586
15 34   0.205586
15 35   0.205586
15 36   0.205586
15 37   0.205586
15 38   0.205586
15 39   0.205586
15 40   0.205586
16 1   0.241814
16 2   0.241814
16 3   0.241814
16 4   0.241814
16 5   0.241814
16 6   0.241814
16 7   0.241814
16 8   0.241814
16 9   0.241814
16 10   0.241814
16 11   0.241814
16 12   0.241814
16 13   0.241814
16 14   0.241814
16 15   0.241814
16 16   0.241814
16 17   0.241814
16 18   0.241814
16 19   0.241814
16 20   0.241814
16 21   0.241814
16 22   0.241814
16 23   0.241814
16 24   0.241814
16 25   0.241814
16 26   0.241814
16 27   0.241814
16 28   0.241814
16 29   0.241814
16 30   0.241814
16 31   0.241814
16 32   0.241814
16 33   0.241814
16 34   0.241814
16 35   0.241814
16 36   0.241814
16 37   0.241814
16 38   0.241814
16 39   0.241814
16 40   0.241814
17 1   0.277918
17 2   0.277918
17 3   0.277918
17 4   0.277918
17 5   0.277918
17 6   0.277918
17 7   0.277918
17 8   0.277918
17 9   0.277918
17 10   0.277918
17 11   0.277918
17 12   0.277918
17 13   0.277918
17 14   0.277918
17 15   0.277918
17 16   0.277918
17 17   0.277918
17 18   0.277918
17 19   0.277918
17 20   0.277918
17 21   0.277918
17 22   0.277918
17 23   0.277918
17 24   0.277918
17 25   0.277918
17 26   0.277918
17 27   0.277918
17 28   0.277918
17 29   0.277918
17 30   0.277918
17 31   0.277918
17 32   0.277918
17 33   0.277918
17 34   0.277918
17 35   0.277918
17 36   0.277918
17 37   0.277918
17 38   0.277918
17 39   0.277918
17 40   0.277918
18 1   0.317035
18 2   0.317035
18 3   0.317035
18 4   0.317035
18 5   0.317035
18 6   0.317035
18 7   0.317035
18 8   0.317035
18 9   0.317035
18 10   0.317035
18 11   0.317035
18 12   0.317035
18 13   0.317035
18 14   0.317035
18 15   0.317035
18 16   0.317035
18 17   0.317035
18 18   0.317035
18 19   0.317035
18 20   0.317035
18 21   0.317035
18 22   0.317035
18 23   0.317035
18 24   0.317035
18 25   0.317035
18 26   0.317035
18 27   0.317035
18 28   0.317035
18 29   0.317035
18 30   0.317035
18 31   0.317035
18 32   0.317035
18 33   0.317035
18 34   0.317035
18 35   0.317035
18 36   0.317035
18 37   0.317035
18 38   0.317035
18 39   0.317035
18 40   0.317035
19 1   0.361944
19 2   0.361944
19 3   0.361944
19 4   0.361944
19 5   0.361944
19 6   0.361944
19 7   0.361944
19 8   0.361944
19 9   0.361944
19 10   0.361944
19 11   0.361944
19 12   0.361944
19 13   0.361944
19 14   0.361944
19 15   0.361944
19 16   0.361944
19 17   0.361944
19 18   0.361944
19 19   0.361944
19 20   0.361944
19 21   0.361944
19 22   0.361944
19 23   0.361944
19 24   0.361944
19 25   0.361944
19 26   0.361944
19 27   0.361944
19 28   0.361944
19 29   0.361944
19 30   0.361944
19 31   0.361944
19 32   0.361944
19 33   0.361944
19 34   0.361944
19 35   0.361944
19 36   0.361944
19 37   0.361944
19 38   0.361944
19 39   0.361944
19 40   0.361944
20 1   0.413519
20 2   0.413519
20 3   0.413519
20 4   0.413519
20 5   0.413519
20 6   0.413519
20 7   0.413519
20 8   0.413519
20 9   0.413519
20 10   0.413519
20 11   0.413519
20 12   0.413519
20 13   0.413519
20 14   0.413519
20 15   0.413519
20 16   0.413519
20 17   0.413519
20 18   0.413519
20 19   0.413519
20 20   0.413519
20 21   0.413519
20 22   0.413519
20 23   0.413519
20 24   0.413519
20 25   0.413519
20 26   0.413519
20 27   0.413519
20 28   0.413519
20 29   0.413519
20 30   0.413519
20 31   0.413519
20 32   0.413519
20 33   0.413519
20 34   0.413519
20 35   0.413519
20 36   0.413519
20 37   0.413519
20 38   0.413519
20 39   0.413519
20 40   0.413519
21 1   0.470287
21 2   0.470287
21 3   0.470287
21 4   0.470287
21 5   0.470287
21 6   0.470287
21 7   0.470287
21 8   0.470287
21 9   0.470287
21 10   0.470287
21 11   0.470287
21 12   0.470287
21 13   0.470287
21 14   0.470287
21 15   0.470287
21 16   0.470287
21 17   0.470287
21 18   0.470287
21 19   0.470287
21 20   0.470287
21 21   0.470287
21 22   0.470287
21 23   0.470287
21 24   0.470287
21 25   0.470287
21 26   0.470287
21 27   0.470287
21 28   0.470287
21 29   0.470287
21 30   0.470287
21 31   0.470287
21 32   0.470287
21 33   0.470287
21 34   0.470287
21 35   0.470287
21 36   0.470287
21 37   0.470287
21 38   0.470287
21 39   0.470287
21 40   0.470287
22 1   0.529109
22 2   0.529109
22 3   0.529109
22 4   0.529109
22 5   0.529109
22 6   0.529109
22 7   0.529109
22 8   0.529109
22 9   0.529109
22 10   0.529109
22 11   0.529109
22 12   0.529109
22 13   0.529109
22 14   0.529109
22 15   0.529109
22 16   0.529109
22 17   0.529109
22 18   0.529109
22 19   0.529109
22 20   0.529109
22 21   0.529109
22 22   0.529109
22 23   0.529109
22 24   0.529109
22 25   0.529109
22 26   0.529109
22 27   0.529109
22 28   0.529109
22 29   0.529109
22 30   0.529109
22 31   0.529109
22 32   0.529109
22 33   0.529109
22 34   0.529109
22 35   0.529109
22 36   0.529109
22 37   0.529109
22 38   0.529109
22 39   0.529109
22 40   0.529109
23 1   0.586281
23 2   0.586281
23 3   0.586281
23 4   0.586281
23 5   0.586281
23 6   0.586281
23 7   0.586281
23 8   0.586281
23 9   0.586281
23 10   0.586281
23 11   0.586281
23 12   0.586281
23 13   0.586281
23 14   0.586281
23 15   0.586281
23 16   0.586281
23 17   0.586281
23 18   0.586281
23 19   0.586281
23 20   0.586281
23 21   0.586281
23 22   0.586281
23 23   0.586281
23 24   0.586281
23 25   0.586281
23 26   0.586281
23 27   0.586281
23 28   0.586281
23 29   0.586281
23 30   0.586281
23 31   0.586281
23 32   0.586281
23 33   0.586281
23 34   0.586281
23 35   0.586281
23 36   0.586281
23 37   0.586281
23 38   0.586281
23 39   0.586281
23 40   0.586281
24 1   0.638563
24 2   0.638563
24 3   0.638563
24 4   0.638563
24 5   0.638563
24 6   0.638563
24 7   0.638563
24 8   0.638563
24 9   0.638563
24 10   0.638563
24 11   0.638563
24 12   0.638563
24 13   0.638563
24 14   0.638563
24 15   0.638563
24 16   0.638563
24 17   0.638563
24 18   0.638563
24 19   0.638563
24 20   0.638563
24 21   0.638563
24 22   0.638563
24 23   0.638563
24 24   0.638563
24 25   0.638563
24 26   0.638563
24 27   0.638563
24 28   0.638563
24 29   0.638563
24 30   0.638563
24 31   0.638563
24 32   0.638563
24 33   0.638563
24 34   0.638563
24 35   0.638563
24 36   0.638563
24 37   0.638563
24 38   0.638563
24 39   0.638563
24 40   0.638563
25 1   0.684102
25 2   0.684102
25 3   0.684102
25 4   0.684102
25 5   0.684102
25 6   0.684102
25 7   0.684102
25 8   0.684102
25 9   0.684102
25 10   0.684102
25 11   0.684102
25 12   0.684102
25 13   0.684102
25 14   0.684102
25 15   0.684102
25 16   0.684102
25 17   0.684102
25 18   0.684102
25 19   0.684102
25 20   0.684102
25 21   0.684102
25 22   0.684102
25 23   0.684102
25 24   0.684102
25 25   0.684102
25 26   0.684102
25 27   0.684102
25 28   0.684102
25 29   0.684102
25 30   0.684102
25 31   0.684102
25 32   0.684102
25 33   0.684102
25 34   0.684102
25 35   0.684102
25 36   0.684102
25 37   0.684102
25 38   0.684102
25 39   0.684102
25 40   0.684102
26 1   0.723171
26 2   0.723171
26 3   0.723171
26 4   0.723171
26 5   0.723171
26 6   0.723171
26 7   0.723171
26 8   0.723171
26 9   0.723171
26 10   0.723171
26 11   0.723171
26 12   0.723171
26 13   0.723171
26 14   0.723171
26 15   0.723171
26 16   0.723171
26 17   0.723171
26 18   0.723171
26 19   0.723171
26 20   0.723171
26 21   0.723171
26 22   0.723171
26 23   0.723171
26 24   0.723171
26 25   0.723171
26 26   0.723171
26 27   0.723171
26 28   0.723171
26 29   0.723171
26 30   0.723171
26 31   0.723171
26 32   0.723171
26 33   0.723171
26 34   0.723171
26 35   0.723171
26 36   0.723171
26 37   0.723171
26 38   0.723171
26 39   0.723171
26 40   0.723171
27 1   0.758259
27 2   0.758259
27 3   0.758259
27 4   0.758259
27 5   0.758259
27 6   0.758259
27 7   0.758259
27 8   0.758259
27 9   0.758259
27 10   0.758259
27 11   0.758259
27 12   0.758259
27 13   0.758259
27 14   0.758259
27 15   0.758259
27 16   0.758259
27 17   0.758259
27 18   0.758259
27 19   0.758259
27 20   0.758259
27 21   0.758259
27 22   0.758259
27 23   0.758259
27 24   0.758259
27 25   0.758259
27 26   0.758259
27 27   0.758259
27 28   0.758259
27 29   0.758259
27 30   0.758259
27 31   0.758259
27 32   0.758259
27 33   0.758259
27 34   0.758259
27 35   0.758259
27 36   0.758259
27 37   0.758259
27 38   0.758259
27 39   0.758259
27 40   0.758259
28 1   0.793081
28 2   0.793081
28 3   0.793081
28 4   0.793081
28 5   0.793081
28 6   0.793081
28 7   0.793081
28 8   0.793081
28 9   0.793081
28 10   0.793081
28 11   0.793081
28 12   0.793081
28 13   0.793081
28 14   0.793081
28 15   0.793081
28 16   0.793081
28 17   0.793081
28 18   0.793081
28 19   0.793081
28 20   0.793081
28 21   0.793081
28 22   0.793081
28 23   0.793081
28 24   0.793081
28 25   0.793081
28 26   0.793081
28 27   0.793081
28 28   0.793081
28 29   0.793081
28 30   0.793081
28 31   0.793081
28 32   0.793081
28 33   0.793081
28 34   0.793081
28 35   0.793081
28 36   0.793081
28 37   0.793081
28 38   0.793081
28 39   0.793081
28 40   0.793081
29 1   0.830683
29 2   0.830683
29 3   0.830683
29 4   0.830683
29 5   0.830683
29 6   0.830683
29 7   0.830683
29 8   0.830683
29 9   0.830683
29 10   0.830683
29 11   0.830683
29 12   0.830683
29 13   0.830683
29 14   0.830683
29 15   0.830683
29 16   0.830683
29 17   0.830683
29 18   0.830683
29 19   0.830683
29 20   0.830683
29 21   0.830683
29 22   0.830683
29 23   0.830683
29 24   0.830683
29 25   0.830683
29 26   0.830683
29 27   0.830683
29 28   0.830683
29 29   0.830683
29 30   0.830683
29 31   0.830683
29 32   0.830683
29 33   0.830683
29 34   0.830683
29 35   0.830683
29 36   0.830683
29 37   0.830683
29 38   0.830683
29 39   0.830683
29 40   0.830683
30 1   0.871475
30 2   0.871475
30 3   0.871475
30 4   0.871475
30 5   0.871475
30 6   0.871475
30 7   0.871475
30 8   0.871475
30 9   0.871475
30 10   0.871475
30 11   0.871475
30 12   0.871475
30 13   0.871475
30 14   0.871475
30 15   0.871475
30 16   0.871475
30 17   0.871475
30 18   0.871475
30 19   0.871475
30 20   0.871475
30 21   0.871475
30 22   0.871475
30 23   0.871475
30 24   0.871475
30 25   0.871475
30 26   0.871475
30 27   0.871475
30 28   0.871475
30 29   0.871475
30 30   0.871475
30 31   0.871475
30 32   0.871475
30 33   0.871475
30 34   0.871475
30 35   0.871475
30 36   0.871475
30 37   0.871475
30 38   0.871475
30 39   0.871475
30 40   0.871475
31 1   0.9124
31 2   0.9124
31 3   0.9124
31 4   0.9124
31 5   0.9124
31 6   0.9124
31 7   0.9124
31 8   0.9124
31 9   0.9124
31 10   0.9124
31 11   0.9124
31 12   0.9124
31 13   0.9124
31 14   0.9124
31 15   0.9124
31 16   0.9124
31 17   0.9124
31 18   0.9124
31 19   0.9124
31 20   0.9124
31 21   0.9124
31 22   0.9124
31 23   0.9124
31 24   0.9124
31 25   0.9124
31 26   0.9124
31 27   0.9124
31 28   0.9124
31 29   0.9124
31 30   0.9124
31 31   0.9124
31 32   0.9124
31 33   0.9124
31 34   0.9124
31 35   0.9124
31 36   0.9124
31 37   0.9124
31 38   0.9124
31 39   0.9124
31 40   0.9124
32 1   0.948038
32 2   0.948038
32 3   0.948038
32 4   0.948038
32 5   0.948038
32 6   0.948038
32 7   0.948038
32 8   0.948038
32 9   0.948038
32 10   0.948038
32 11   0.948038
32 12   0.948038
32 13   0.948038
32 14   0.948038
32 15   0.948038
32 16   0.948038
32 17   0.948038
32 18   0.948038
32 19   0.948038
32 20   0.948038
32 21   0.948038
32 22   0.948038
32 23   0.948038
32 24   0.948038
32 25   0.948038
32 26   0.948038
32 27   0.948038
32 28   0.948038
32 29   0.948038
32 30   0.948038
32 31   0.948038
32 32   0.948038
32 33   0.948038
32 34   0.948038
32 35   0.948038
32 36   0.948038
32 37   0.948038
32 38   0.948038
32 39   0.948038
32 40   0.948038
33 1   0.973409
33 2   0.973409
33 3   0.973409
33 4   0.973409
33 5   0.973409
33 6   0.973409
33 7   0.973409
33 8   0.973409
33 9   0.973409
33 10   0.973409
33 11   0.973409
33 12   0.973409
33 13   0.973409
33 14   0.973409
33 15   0.973409
33 16   0.973409
33 17   0.973409
33 18   0.973409
33 19   0.973409
33 20   0.973409
33 21   0.973409
33 22   0.973409
33 23   0.973409
33 24   0.973409
33 25   0.973409
33 26   0.973409
33 27   0.973409
33 28   0.973409
33 29   0.973409
33 30   0.973409
33 31   0.973409
33 32   0.973409
33 33   0.973409
33 34   0.973409
33 35   0.973409
33 36   0.973409
33 37   0.973409
33 38   0.973409
33 39   0.973409
33 40   0.973409
34 1   0.986836
34 2   0.986836
34 3   0.986836
34 4   0.986836
34 5   0.986836
34 6   0.986836
34 7   0.986836
34 8   0.986836
34 9   0.986836
34 10   0.986836
34 11   0.986836
34 12   0.986836
34 13   0.986836
34 14   0.986836
34 15   0.986836
34 16   0.986836
34 17   0.986836
34 18   0.986836
34 19   0.986836
34 20   0.986836
34 21   0.986836
34 22   0.986836
34 23   0.986836
34 24   0.986836
34 25   0.986836
34 26   0.986836
34 27   0.986836
34 28   0.986836
34 29   0.986836
34 30   0.986836
34 31   0.986836
34 32   0.986836
34 33   0.986836
34 34   0.986836
34 35   0.986836
34 36   0.986836
34 37   0.986836
34 38   0.986836
34 39   0.986836
34 40   0.986836
35 1   0.99087
35 2   0.99087
35 3   0.99087
35 4   0.99087
35 5   0.99087
35 6   0.99087
35 7   0.99087
35 8   0.99087
35 9   0.99087
35 10   0.99087
35 11   0.99087
35 12   0.99087
35 13   0.99087
35 14   0.99087
35 15   0.99087
35 16   0.99087
35 17   0.99087
35 18   0.99087
35 19   0.99087
35 20   0.99087
35 21   0.99087
35 22   0.99087
35 23   0.99087
35 24   0.99087
35 25   0.99087
35 26   0.99087
35 27   0.99087
35 28   0.99087
35 29   0.99087
35 30   0.99087
35 31   0.99087
35 32   0.99087
35 33   0.99087
35 34   0.99087
35 35   0.99087
35 36   0.99087
35 37   0.99087
35 38   0.99087
35 39   0.99087
35 40   0.99087
36 1   0.990552
36 2   0.990552
36 3   0.990552
36 4   0.990552
36 5   0.990552
36 6   0.990552
36 7   0.990552
36 8   0.990552
36 9   0.990552
36 10   0.990552
36 11   0.990552
36 12   0.990552
36 13   0.990552
36 14   0.990552
36 15   0.990552
36 16   0.990552
36 17   0.990552
36 18   0.990552
36 19   0.990552
36 20   0.990552
36 21   0.990552
36 22   0.990552
36 23   0.990552
36 24   0.990552
36 25   0.990552
36 26   0.990552
36 27   0.990552
36 28   0.990552
36 29   0.990552
36 30   0.990552
36 31   0.990552
36 32   0.990552
36 33   0.990552
36 34   0.990552
36 35   0.990552
36 36   0.990552
36 37   0.990552
36 38   0.990552
36 39   0.990552
36 40   0.990552
37 1   0.990399
37 2   0.990399
37 3   0.990399
37 4   0.990399
37 5   0.990399
37 6   0.990399
37 7   0.990399
37 8   0.990399
37 9   0.990399
37 10   0.990399
37 11   0.990399
37 12   0.990399
37 13   0.990399
37 14   0.990399
37 15   0.990399
37 16   0.990399
37 17   0.990399
37 18   0.990399
37 19   0.990399
37 20   0.990399
37 21   0.990399
37 22   0.990399
37 23   0.990399
37 24   0.990399
37 25   0.990399
37 26   0.990399
37 27   0.990399
37 28   0.990399
37 29   0.990399
37 30   0.990399
37 31   0.990399
37 32   0.990399
37 33   0.990399
37 34   0.990399
37 35   0.990399
37 36   0.990399
37 37   0.990399
37 38   0.990399
37 39   0.990399
37 40   0.990399
38 1   0.992289
38 2   0.992289
38 3   0.992289
38 4   0.992289
38 5   0.992289
38 6   0.992289
38 7   0.992289
38 8   0.992289
38 9   0.992289
38 10   0.992289
38 11   0.992289
38 12   0.992289
38 13   0.992289
38 14   0.992289
38 15   0.992289
38 16   0.992289
38 17   0.992289
38 18   0.992289
38 19   0.992289
38 20   0.992289
38 21   0.992289
38 22   0.992289
38 23   0.992289
38 24   0.992289
38 25   0.992289
38 26   0.992289
38 27   0.992289
38 28   0.992289
38 29   0.992289
38 30   0.992289
38 31   0.992289
38 32   0.992289
38 33   0.992289
38 34   0.992289
38 35   0.992289
38 36   0.992289
38 37   0.992289
38 38   0.992289
38 39   0.992289
38 40   0.992289
39 1   0.995412
39 2   0.995412
39 3   0.995412
39 4   0.995412
39 5   0.995412
39 6   0.995412
39 7   0.995412
39 8   0.995412
39 9   0.995412
39 10   0.995412
39 11   0.995412
39 12   0.995412
39 13   0.995412
39 14   0.995412
39 15   0.995412
39 16   0.995412
39 17   0.995412
39 18   0.995412
39 19   0.995412
39 20   0.995412
39 21   0.995412
39 22   0.995412
39 23   0.995412
39 24   0.995412
39 25   0.995412
39 26   0.995412
39 27   0.995412
39 28   0.995412
39 29   0.995412
39 30   0.995412
39 31   0.995412
39 32   0.995412
39 33   0.995412
39 34   0.995412
39 35   0.995412
39 36   0.995412
39 37   0.995412
39 38   0.995412
39 39   0.995412
39 40   0.995412
40 1   0.997737
40 2   0.997737
40 3   0.997737
40 4   0.997737
40 5   0.997737
40 6   0.997737
40 7   0.997737
40 8   0.997737
40 9   0.997737
40 10   0.997737
40 11   0.997737
40 12   0.997737
40 13   0.997737
40 14   0.997737
40 15   0.997737
40 16   0.997737
40 17   0.997737
40 18   0.997737
40 19   0.997737
40 20   0.997737
40 21   0.997737
40 22   0.997737
40 23   0.997737
40 24   0.997737
40 25   0.997737
40 26   0.997737
40 27   0.997737
40 28   0.997737
40 29   0.997737
40 30   0.997737
40 31   0.997737
40 32   0.997737
40 33   0.997737
40 34   0.997737
40 35   0.997737
40 36   0.997737
40 37   0.997737
40 38   0.997737
40 39   0.997737
40 40   0.997737
