1 1   -0.0795448
1 2   -0.0795448
1 3   -0.0795448
1 4   -0.0795448
1 5   -0.0795448
1 6   -0.0795448
1 7   -0.0795448
1 8   -0.0795448
1 9   -0.0795448
1 10   -0.0795448
1 11   -0.0795448
1 12   -0.0795448
1 13   -0.0795448
1 14   -0.0795448
1 15   -0.0795448
1 16   -0.0795448
1 17   -0.0795448
1 18   -0.0795448
1 19   -0.0795448
1 20   -0.0795448
1 21   -0.0795448
1 22   -0.0795448
1 23   -0.0795448
1 24   -0.0795448
1 25   -0.0795448
1 26   -0.0795448
1 27   -0.0795448
1 28   -0.0795448
1 29   -0.0795448
1 30   -0.0795448
1 31   -0.0795448
1 32   -0.0795448
1 33   -0.0795448
1 34   -0.0795448
1 35   -0.0795448
1 36   -0.0795448
1 37   -0.0795448
1 38   -0.0795448
1 39   -0.0795448
1 40   -0.0795448
2 1   -0.0679846
2 2   -0.0679846
2 3   -0.0679846
2 4   -0.0679846
2 5   -0.0679846
2 6   -0.0679846
2 7   -0.0679846
2 8   -0.0679846
2 9   -0.0679846
2 10   -0.0679846
2 11   -0.0679846
2 12   -0.0679846
2 13   -0.0679846
2 14   -0.0679846
2 15   -0.0679846
2 16   -0.0679846
2 17   -0.0679846
2 18   -0.0679846
2 19   -0.0679846
2 20   -0.0679846
2 21   -0.0679846
2 22   -0.0679846
2 23   -0.0679846
2 24   -0.0679846
2 25   -0.0679846
2 26   -0.0679846
2 27   -0.0679846
2 28   -0.0679846
2 29   -0.0679846
2 30   -0.0679846
2 31   -0.0679846
2 32   -0.0679846
2 33   -0.0679846
2 34   -0.0679846
2 35   -0.0679846
2 36   -0.0679846
2 37   -0.0679846
2 38   -0.0679846
2 39   -0.0679846
2 40   -0.0679846
3 1   -0.0456667
3 2   -0.0456667
3 3   -0.0456667
3 4   -0.0456667
3 5   -0.0456667
3 6   -0.0456667
3 7   -0.0456667
3 8   -0.0456667
3 9   -0.0456667
3 10   -0.0456667
3 11   -0.0456667
3 12   -0.0456667
3 13   -0.0456667
3 14   -0.0456667
3 15   -0.0456667
3 16   -0.0456667
3 17   -0.0456667
3 18   -0.0456667
3 19   -0.0456667
3 20   -0.0456667
3 21   -0.0456667
3 22   -0.0456667
3 23   -0.0456667
3 24   -0.0456667
3 25   -0.0456667
3 26   -0.0456667
3 27   -0.0456667
3 28   -0.0456667
3 29   -0.0456667
3 30   -0.0456667
3 31   -0.0456667
3 32   -0.0456667
3 33   -0.0456667
3 34   -0.0456667
3 35   -0.0456667
3 36   -0.0456667
3 37   -0.0456667
3 38   -0.0456667
3 39   -0.0456667
3 40   -0.0456667
4 1   -0.0144066
4 2   -0.0144066
4 3   -0.0144066
4 4   -0.0144066
4 5   -0.0144066
4 6   -0.0144066
4 7   -0.0144066
4 8   -0.0144066
4 9   -0.0144066
4 10   -0.0144066
4 11   -0.0144066
4 12   -0.0144066
4 13   -0.0144066
4 14   -0.0144066
4 15   -0.0144066
4 16   -0.0144066
4 17   -0.0144066
4 18   -0.0144066
4 19   -0.0144066
4 20   -0.0144066
4 21   -0.0144066
4 22   -0.0144066
4 23   -0.0144066
4 24   -0.0144066
4 25   -0.0144066
4 26   -0.0144066
4 27   -0.0144066
4 28   -0.0144066
4 29   -0.0144066
4 30   -0.0144066
4 31   -0.0144066
4 32   -0.0144066
4 33   -0.0144066
4 34   -0.0144066
4 35   -0.0144066
4 36   -0.0144066
4 37   -0.0144066
4 38   -0.0144066
4 39   -0.0144066
4 40   -0.0144066
5 1   0.0230801
5 2   0.0230801
5 3   0.0230801
5 4   0.0230801
5 5   0.0230801
5 6   0.0230801
5 7   0.0230801
5 8   0.0230801
5 9   0.0230801
5 10   0.0230801
5 11   0.0230801
5 12   0.0230801
5 13   0.0230801
5 14   0.0230801
5 15   0.0230801
5 16   0.0230801
5 17   0.0230801
5 18   0.0230801
5 19   0.0230801
5 20   0.0230801
5 21   0.0230801
5 22   0.0230801
5 23   0.0230801
5 24   0.0230801
5 25   0.0230801
5 26   0.0230801
5 27   0.0230801
5 28   0.0230801
5 29   0.0230801
5 30   0.0230801
5 31   0.0230801
5 32   0.0230801
5 33   0.0230801
5 34   0.0230801
5 35   0.0230801
5 36   0.0230801
5 37   0.0230801
5 38   0.0230801
5 39   0.0230801
5 40   0.0230801
6 1   0.0640134
6 2   0.0640134
6 3   0.0640134
6 4   0.0640134
6 5   0.0640134
6 6   0.0640134
6 7   0.0640134
6 8   0.0640134
6 9   0.0640134
6 10   0.0640134
6 11   0.0640134
6 12   0.0640134
6 13   0.0640134
6 14   0.0640134
6 15   0.0640134
6 16   0.0640134
6 17   0.0640134
6 18   0.0640134
6 19   0.0640134
6 20   0.0640134
6 21   0.0640134
6 22   0.0640134
6 23   0.0640134
6 24   0.0640134
6 25   0.0640134
6 26   0.0640134
6 27   0.0640134
6 28   0.0640134
6 29   0.0640134
6 30   0.0640134
6 31   0.0640134
6 32   0.0640134
6 33   0.0640134
6 34   0.0640134
6 35   0.0640134
6 36   0.0640134
6 37   0.0640134
6 38   0.0640134
6 39   0.0640134
6 40   0.0640134
7 1   0.106757
7 2   0.106757
7 3   0.106757
7 4   0.106757
7 5   0.106757
7 6   0.106757
7 7   0.106757
7 8   0.106757
7 9   0.106757
7 10   0.106757
7 11   0.106757
7 12   0.106757
7 13   0.106757
7 14   0.106757
7 15   0.106757
7 16   0.106757
7 17   0.106757
7 18   0.106757
7 19   0.106757
7 20   0.106757
7 21   0.106757
7 22   0.106757
7 23   0.106757
7 24   0.106757
7 25   0.106757
7 26   0.106757
7 27   0.106757
7 28   0.106757
7 29   0.106757
7 30   0.106757
7 31   0.106757
7 32   0.106757
7 33   0.106757
7 34   0.106757
7 35   0.106757
7 36   0.106757
7 37   0.106757
7 38   0.106757
7 39   0.106757
7 40   0.106757
8 1   0.151425
8 2   0.151425
8 3   0.151425
8 4   0.151425
8 5   0.151425
8 6   0.151425
8 7   0.151425
8 8   0.151425
8 9   0.151425
8 10   0.151425
8 11   0.151425
8 12   0.151425
8 13   0.151425
8 14   0.151425
8 15   0.151425
8 16   0.151425
8 17   0.151425
8 18   0.151425
8 19   0.151425
8 20   0.151425
8 21   0.151425
8 22   0.151425
8 23   0.151425
8 24   0.151425
8 25   0.151425
8 26   0.151425
8 27   0.151425
8 28   0.151425
8 29   0.151425
8 30   0.151425
8 31   0.151425
8 32   0.151425
8 33   0.151425
8 34   0.151425
8 35   0.151425
8 36   0.151425
8 37   0.151425
8 38   0.151425
8 39   0.151425
8 40   0.151425
9 1   0.199166
9 2   0.199166
9 3   0.199166
9 4   0.199166
9 5   0.199166
9 6   0.199166
9 7   0.199166
9 8   0.199166
9 9   0.199166
9 10   0.199166
9 11   0.199166
9 12   0.199166
9 13   0.199166
9 14   0.199166
9 15   0.199166
9 16   0.199166
9 17   0.199166
9 18   0.199166
9 19   0.199166
9 20   0.199166
9 21   0.199166
9 22   0.199166
9 23   0.199166
9 24   0.199166
9 25   0.199166
9 26   0.199166
9 27   0.199166
9 28   0.199166
9 29   0.199166
9 30   0.199166
9 31   0.199166
9 32   0.199166
9 33   0.199166
9 34   0.199166
9 35   0.199166
9 36   0.199166
9 37   0.199166
9 38   0.199166
9 39   0.199166
9 40   0.199166
10 1   0.250419
10 2   0.250419
10 3   0.250419
10 4   0.250419
10 5   0.250419
10 6   0.250419
10 7   0.250419
10 8   0.250419
10 9   0.250419
10 10   0.250419
10 11   0.250419
10 12   0.250419
10 13   0.250419
10 14   0.250419
10 15   0.250419
10 16   0.250419
10 17   0.250419
10 18   0.250419
10 19   0.250419
10 20   0.250419
10 21   0.250419
10 22   0.250419
10 23   0.250419
10 24   0.250419
10 25   0.250419
10 26   0.250419
10 27   0.250419
10 28   0.250419
10 29   0.250419
10 30   0.250419
10 31   0.250419
10 32   0.250419
10 33   0.250419
10 34   0.250419
10 35   0.250419
10 36   0.250419
10 37   0.250419
10 38   0.250419
10 39   0.250419
10 40   0.250419
11 1   0.303358
11 2   0.303358
11 3   0.303358
11 4   0.303358
11 5   0.303358
11 6   0.303358
11 7   0.303358
11 8   0.303358
11 9   0.303358
11 10   0.303358
11 11   0.303358
11 12   0.303358
11 13   0.303358
11 14   0.303358
11 15   0.303358
11 16   0.303358
11 17   0.303358
11 18   0.303358
11 19   0.303358
11 20   0.303358
11 21   0.303358
11 22   0.303358
11 23   0.303358
11 24   0.303358
11 25   0.303358
11 26   0.303358
11 27   0.303358
11 28   0.303358
11 29   0.303358
11 30   0.303358
11 31   0.303358
11 32   0.303358
11 33   0.303358
11 34   0.303358
11 35   0.303358
11 36   0.303358
11 37   0.303358
11 38   0.303358
11 39   0.303358
11 40   0.303358
12 1   0.353759
12 2   0.353759
12 3   0.353759
12 4   0.353759
12 5   0.353759
12 6   0.353759
12 7   0.353759
12 8   0.353759
12 9   0.353759
12 10   0.353759
12 11   0.353759
12 12   0.353759
12 13   0.353759
12 14   0.353759
12 15   0.353759
12 16   0.353759
12 17   0.353759
12 18   0.353759
12 19   0.353759
12 20   0.353759
12 21   0.353759
12 22   0.353759
12 23   0.353759
12 24   0.353759
12 25   0.353759
12 26   0.353759
12 27   0.353759
12 28   0.353759
12 29   0.353759
12 30   0.353759
12 31   0.353759
12 32   0.353759
12 33   0.353759
12 34   0.353759
12 35   0.353759
12 36   0.353759
12 37   0.353759
12 38   0.353759
12 39   0.353759
12 40   0.353759
13 1   0.396574
13 2   0.396574
13 3   0.396574
13 4   0.396574
13 5   0.396574
13 6   0.396574
13 7   0.396574
13 8   0.396574
13 9   0.396574
13 10   0.396574
13 11   0.396574
13 12   0.396574
13 13   0.396574
13 14   0.396574
13 15   0.396574
13 16   0.396574
13 17   0.396574
13 18   0.396574
13 19   0.396574
13 20   0.396574
13 21   0.396574
13 22   0.396574
13 23   0.396574
13 24   0.396574
13 25   0.396574
13 26   0.396574
13 27   0.396574
13 28   0.396574
13 29   0.396574
13 30   0.396574
13 31   0.396574
13 32   0.396574
13 33   0.396574
13 34   0.396574
13 35   0.396574
13 36   0.396574
13 37   0.396574
13 38   0.396574
13 39   0.396574
13 40   0.396574
14 1   0.428312
14 2   0.428312
14 3   0.428312
14 4   0.428312
14 5   0.428312
14 6   0.428312
14 7   0.428312
14 8   0.428312
14 9   0.428312
14 10   0.428312
14 11   0.428312
14 12   0.428312
14 13   0.428312
14 14   0.428312
14 15   0.428312
14 16   0.428312
14 17   0.428312
14 18   0.428312
14 19   0.428312
14 20   0.428312
14 21   0.428312
14 22   0.428312
14 23   0.428312
14 24   0.428312
14 25   0.428312
14 26   0.428312
14 27   0.428312
14 28   0.428312
14 29   0.428312
14 30   0.428312
14 31   0.428312
14 32   0.428312
14 33   0.428312
14 34   0.428312
14 35   0.428312
14 36   0.428312
14 37   0.428312
14 38   0.428312
14 39   0.428312
14 40   0.428312
15 1   0.448739
15 2   0.448739
15 3   0.448739
15 4   0.448739
15 5   0.448739
15 6   0.448739
15 7   0.448739
15 8   0.448739
15 9   0.448739
15 10   0.448739
15 11   0.448739
15 12   0.448739
15 13   0.448739
15 14   0.448739
15 15   0.448739
15 16   0.448739
15 17   0.448739
15 18   0.448739
15 19   0.448739
15 20   0.448739
15 21   0.448739
15 22   0.448739
15 23   0.448739
15 24   0.448739
15 25   0.448739
15 26   0.448739
15 27   0.448739
15 28   0.448739
15 29   0.448739
15 30   0.448739
15 31   0.448739
15 32   0.448739
15 33   0.448739
15 34   0.448739
15 35   0.448739
15 36   0.448739
15 37   0.448739
15 38   0.448739
15 39   0.448739
15 40   0.448739
16 1   0.460846
16 2   0.460846
16 3   0.460846
16 4   0.460846
16 5   0.460846
16 6   0.460846
16 7   0.460846
16 8   0.460846
16 9   0.460846
16 10   0.460846
16 11   0.460846
16 12   0.460846
16 13   0.460846
16 14   0.460846
16 15   0.460846
16 16   0.460846
16 17   0.460846
16 18   0.460846
16 19   0.460846
16 20   0.460846
16 21   0.460846
16 22   0.460846
16 23   0.460846
16 24   0.460846
16 25   0.460846
16 26   0.460846
16 27   0.460846
16 28   0.460846
16 29   0.460846
16 30   0.460846
16 31   0.460846
16 32   0.460846
16 33   0.460846
16 34   0.460846
16 35   0.460846
16 36   0.460846
16 37   0.460846
16 38   0.460846
16 39   0.460846
16 40   0.460846
17 1   0.469143
17 2   0.469143
17 3   0.469143
17 4   0.469143
17 5   0.469143
17 6   0.469143
17 7   0.469143
17 8   0.469143
17 9   0.469143
17 10   0.469143
17 11   0.469143
17 12   0.469143
17 13   0.469143
17 14   0.469143
17 15   0.469143
17 16   0.469143
17 17   0.469143
17 18   0.469143
17 19   0.469143
17 20   0.469143
17 21   0.469143
17 22   0.469143
17 23   0.469143
17 24   0.469143
17 25   0.469143
17 26   0.469143
17 27   0.469143
17 28   0.469143
17 29   0.469143
17 30   0.469143
17 31   0.469143
17 32   0.469143
17 33   0.469143
17 34   0.469143
17 35   0.469143
17 36   0.469143
17 37   0.469143
17 38   0.469143
17 39   0.469143
17 40   0.469143
18 1   0.477355
18 2   0.477355
18 3   0.477355
18 4   0.477355
18 5   0.477355
18 6   0.477355
18 7   0.477355
18 8   0.477355
18 9   0.477355
18 10   0.477355
18 11   0.477355
18 12   0.477355
18 13   0.477355
18 14   0.477355
18 15   0.477355
18 16   0.477355
18 17   0.477355
18 18   0.477355
18 19   0.477355
18 20   0.477355
18 21   0.477355
18 22   0.477355
18 23   0.477355
18 24   0.477355
18 25   0.477355
18 26   0.477355
18 27   0.477355
18 28   0.477355
18 29   0.477355
18 30   0.477355
18 31   0.477355
18 32   0.477355
18 33   0.477355
18 34   0.477355
18 35   0.477355
18 36   0.477355
18 37   0.477355
18 38   0.477355
18 39   0.477355
18 40   0.477355
19 1   0.486796
19 2   0.486796
19 3   0.486796
19 4   0.486796
19 5   0.486796
19 6   0.486796
19 7   0.486796
19 8   0.486796
19 9   0.486796
19 10   0.486796
19 11   0.486796
19 12   0.486796
19 13   0.486796
19 14   0.486796
19 15   0.486796
19 16   0.486796
19 17   0.486796
19 18   0.486796
19 19   0.486796
19 20   0.486796
19 21   0.486796
19 22   0.486796
19 23   0.486796
19 24   0.486796
19 25   0.486796
19 26   0.486796
19 27   0.486796
19 28   0.486796
19 29   0.486796
19 30   0.486796
19 31   0.486796
19 32   0.486796
19 33   0.486796
19 34   0.486796
19 35   0.486796
19 36   0.486796
19 37   0.486796
19 38   0.486796
19 39   0.486796
19 40   0.486796
20 1   0.496222
20 2   0.496222
20 3   0.496222
20 4   0.496222
20 5   0.496222
20 6   0.496222
20 7   0.496222
20 8   0.496222
20 9   0.496222
20 10   0.496222
20 11   0.496222
20 12   0.496222
20 13   0.496222
20 14   0.496222
20 15   0.496222
20 16   0.496222
20 17   0.496222
20 18   0.496222
20 19   0.496222
20 20   0.496222
20 21   0.496222
20 22   0.496222
20 23   0.496222
20 24   0.496222
20 25   0.496222
20 26   0.496222
20 27   0.496222
20 28   0.496222
20 29   0.496222
20 30   0.496222
20 31   0.496222
20 32   0.496222
20 33   0.496222
20 34   0.496222
20 35   0.496222
20 36   0.496222
20 37   0.496222
20 38   0.496222
20 39   0.496222
20 40   0.496222
21 1   0.503147
21 2   0.503147
21 3   0.503147
21 4   0.503147
21 5   0.503147
21 6   0.503147
21 7   0.503147
21 8   0.503147
21 9   0.503147
21 10   0.503147
21 11   0.503147
21 12   0.503147
21 13   0.503147
21 14   0.503147
21 15   0.503147
21 16   0.503147
21 17   0.503147
21 18   0.503147
21 19   0.503147
21 20   0.503147
21 21   0.503147
21 22   0.503147
21 23   0.503147
21 24   0.503147
21 25   0.503147
21 26   0.503147
21 27   0.503147
21 28   0.503147
21 29   0.503147
21 30   0.503147
21 31   0.503147
21 32   0.503147
21 33   0.503147
21 34   0.503147
21 35   0.503147
21 36   0.503147
21 37   0.503147
21 38   0.503147
21 39   0.503147
21 40   0.503147
22 1   0.505926
22 2   0.505926
22 3   0.505926
22 4   0.505926
22 5   0.505926
22 6   0.505926
22 7   0.505926
22 8   0.505926
22 9   0.505926
22 10   0.505926
22 11   0.505926
22 12   0.505926
22 13   0.505926
22 14   0.505926
22 15   0.505926
22 16   0.505926
22 17   0.505926
22 18   0.505926
22 19   0.505926
22 20   0.505926
22 21   0.505926
22 22   0.505926
22 23   0.505926
22 24   0.505926
22 25   0.505926
22 26   0.505926
22 27   0.505926
22 28   0.505926
22 29   0.505926
22 30   0.505926
22 31   0.505926
22 32   0.505926
22 33   0.505926
22 34   0.505926
22 35   0.505926
22 36   0.505926
22 37   0.505926
22 38   0.505926
22 39   0.505926
22 40   0.505926
23 1   0.505438
23 2   0.505438
23 3   0.505438
23 4   0.505438
23 5   0.505438
23 6   0.505438
23 7   0.505438
23 8   0.505438
23 9   0.505438
23 10   0.505438
23 11   0.505438
23 12   0.505438
23 13   0.505438
23 14   0.505438
23 15   0.505438
23 16   0.505438
23 17   0.505438
23 18   0.505438
23 19   0.505438
23 20   0.505438
23 21   0.505438
23 22   0.505438
23 23   0.505438
23 24   0.505438
23 25   0.505438
23 26   0.505438
23 27   0.505438
23 28   0.505438
23 29   0.505438
23 30   0.505438
23 31   0.505438
23 32   0.505438
23 33   0.505438
23 34   0.505438
23 35   0.505438
23 36   0.505438
23 37   0.505438
23 38   0.505438
23 39   0.505438
23 40   0.505438
24 1   0.505224
24 2   0.505224
24 3   0.505224
24 4   0.505224
24 5   0.505224
24 6   0.505224
24 7   0.505224
24 8   0.505224
24 9   0.505224
24 10   0.505224
24 11   0.505224
24 12   0.505224
24 13   0.505224
24 14   0.505224
24 15   0.505224
24 16   0.505224
24 17   0.505224
24 18   0.505224
24 19   0.505224
24 20   0.505224
24 21   0.505224
24 22   0.505224
24 23   0.505224
24 24   0.505224
24 25   0.505224
24 26   0.505224
24 27   0.505224
24 28   0.505224
24 29   0.505224
24 30   0.505224
24 31   0.505224
24 32   0.505224
24 33   0.505224
24 34   0.505224
24 35   0.505224
24 36   0.505224
24 37   0.505224
24 38   0.505224
24 39   0.505224
24 40   0.505224
25 1   0.509814
25 2   0.509814
25 3   0.509814
25 4   0.509814
25 5   0.509814
25 6   0.509814
25 7   0.509814
25 8   0.509814
25 9   0.509814
25 10   0.509814
25 11   0.509814
25 12   0.509814
25 13   0.509814
25 14   0.509814
25 15   0.509814
25 16   0.509814
25 17   0.509814
25 18   0.509814
25 19   0.509814
25 20   0.509814
25 21   0.509814
25 22   0.509814
25 23   0.509814
25 24   0.509814
25 25   0.509814
25 26   0.509814
25 27   0.509814
25 28   0.509814
25 29   0.509814
25 30   0.509814
25 31   0.509814
25 32   0.509814
25 33   0.509814
25 34   0.509814
25 35   0.509814
25 36   0.509814
25 37   0.509814
25 38   0.509814
25 39   0.509814
25 40   0.509814
26 1   0.522201
26 2   0.522201
26 3   0.522201
26 4   0.522201
26 5   0.522201
26 6   0.522201
26 7   0.522201
26 8   0.522201
26 9   0.522201
26 10   0.522201
26 11   0.522201
26 12   0.522201
26 13   0.522201
26 14   0.522201
26 15   0.522201
26 16   0.522201
26 17   0.522201
26 18   0.522201
26 19   0.522201
26 20   0.522201
26 21   0.522201
26 22   0.522201
26 23   0.522201
26 24   0.522201
26 25   0.522201
26 26   0.522201
26 27   0.522201
26 28   0.522201
26 29   0.522201
26 30   0.522201
26 31   0.522201
26 32   0.522201
26 33   0.522201
26 34   0.522201
26 35   0.522201
26 36   0.522201
26 37   0.522201
26 38   0.522201
26 39   0.522201
26 40   0.522201
27 1   0.542218
27 2   0.542218
27 3   0.542218
27 4   0.542218
27 5   0.542218
27 6   0.542218
27 7   0.542218
27 8   0.542218
27 9   0.542218
27 10   0.542218
27 11   0.542218
27 12   0.542218
27 13   0.542218
27 14   0.542218
27 15   0.542218
27 16   0.542218
27 17   0.542218
27 18   0.542218
27 19   0.542218
27 20   0.542218
27 21   0.542218
27 22   0.542218
27 23   0.542218
27 24   0.542218
27 25   0.542218
27 26   0.542218
27 27   0.542218
27 28   0.542218
27 29   0.542218
27 30   0.542218
27 31   0.542218
27 32   0.542218
27 33   0.542218
27 34   0.542218
27 35   0.542218
27 36   0.542218
27 37   0.542218
27 38   0.542218
27 39   0.542218
27 40   0.542218
28 1   0.566965
28 2   0.566965
28 3   0.566965
28 4   0.566965
28 5   0.566965
28 6   0.566965
28 7   0.566965
28 8   0.566965
28 9   0.566965
28 10   0.566965
28 11   0.566965
28 12   0.566965
28 13   0.566965
28 14   0.566965
28 15   0.566965
28 16   0.566965
28 17   0.566965
28 18   0.566965
28 19   0.566965
28 20   0.566965
28 21   0.566965
28 22   0.566965
28 23   0.566965
28 24   0.566965
28 25   0.566965
28 26   0.566965
28 27   0.566965
28 28   0.566965
28 29   0.566965
28 30   0.566965
28 31   0.566965
28 32   0.566965
28 33   0.566965
28 34   0.566965
28 35   0.566965
28 36   0.566965
28 37   0.566965
28 38   0.566965
28 39   0.566965
28 40   0.566965
29 1   0.59299
29 2   0.59299
29 3   0.59299
29 4   0.59299
29 5   0.59299
29 6   0.59299
29 7   0.59299
29 8   0.59299
29 9   0.59299
29 10   0.59299
29 11   0.59299
29 12   0.59299
29 13   0.59299
29 14   0.59299
29 15   0.59299
29 16   0.59299
29 17   0.59299
29 18   0.59299
29 19   0.59299
29 20   0.59299
29 21   0.59299
29 22   0.59299
29 23   0.59299
29 24   0.59299
29 25   0.59299
29 26   0.59299
29 27   0.59299
29 28   0.59299
29 29   0.59299
29 30   0.59299
29 31   0.59299
29 32   0.59299
29 33   0.59299
29 34   0.59299
29 35   0.59299
29 36   0.59299
29 37   0.59299
29 38   0.59299
29 39   0.59299
29 40   0.59299
30 1   0.618674
30 2   0.618674
30 3   0.618674
30 4   0.618674
30 5   0.618674
30 6   0.618674
30 7   0.618674
30 8   0.618674
30 9   0.618674
30 10   0.618674
30 11   0.618674
30 12   0.618674
30 13   0.618674
30 14   0.618674
30 15   0.618674
30 16   0.618674
30 17   0.618674
30 18   0.618674
30 19   0.618674
30 20   0.618674
30 21   0.618674
30 22   0.618674
30 23   0.618674
30 24   0.618674
30 25   0.618674
30 26   0.618674
30 27   0.618674
30 28   0.618674
30 29   0.618674
30 30   0.618674
30 31   0.618674
30 32   0.618674
30 33   0.618674
30 34   0.618674
30 35   0.618674
30 36   0.618674
30 37   0.618674
30 38   0.618674
30 39   0.618674
30 40   0.618674
31 1   0.645337
31 2   0.645337
31 3   0.645337
31 4   0.645337
31 5   0.645337
31 6   0.645337
31 7   0.645337
31 8   0.645337
31 9   0.645337
31 10   0.645337
31 11   0.645337
31 12   0.645337
31 13   0.645337
31 14   0.645337
31 15   0.645337
31 16   0.645337
31 17   0.645337
31 18   0.645337
31 19   0.645337
31 20   0.645337
31 21   0.645337
31 22   0.645337
31 23   0.645337
31 24   0.645337
31 25   0.645337
31 26   0.645337
31 27   0.645337
31 28   0.645337
31 29   0.645337
31 30   0.645337
31 31   0.645337
31 32   0.645337
31 33   0.645337
31 34   0.645337
31 35   0.645337
31 36   0.645337
31 37   0.645337
31 38   0.645337
31 39   0.645337
31 40   0.645337
32 1   0.676556
32 2   0.676556
32 3   0.676556
32 4   0.676556
32 5   0.676556
32 6   0.676556
32 7   0.676556
32 8   0.676556
32 9   0.676556
32 10   0.676556
32 11   0.676556
32 12   0.676556
32 13   0.676556
32 14   0.676556
32 15   0.676556
32 16   0.676556
32 17   0.676556
32 18   0.676556
32 19   0.676556
32 20   0.676556
32 21   0.676556
32 22   0.676556
32 23   0.676556
32 24   0.676556
32 25   0.676556
32 26   0.676556
32 27   0.676556
32 28   0.676556
32 29   0.676556
32 30   0.676556
32 31   0.676556
32 32   0.676556
32 33   0.676556
32 34   0.676556
32 35   0.676556
32 36   0.676556
32 37   0.676556
32 38   0.676556
32 39   0.676556
32 40   0.676556
33 1   0.71631
33 2   0.71631
33 3   0.71631
33 4   0.71631
33 5   0.71631
33 6   0.71631
33 7   0.71631
33 8   0.71631
33 9   0.71631
33 10   0.71631
33 11   0.71631
33 12   0.71631
33 13   0.71631
33 14   0.71631
33 15   0.71631
33 16   0.71631
33 17   0.71631
33 18   0.71631
33 19   0.71631
33 20   0.71631
33 21   0.71631
33 22   0.71631
33 23   0.71631
33 24   0.71631
33 25   0.71631
33 26   0.71631
33 27   0.71631
33 28   0.71631
33 29   0.71631
33 30   0.71631
33 31   0.71631
33 32   0.71631
33 33   0.71631
33 34   0.71631
33 35   0.71631
33 36   0.71631
33 37   0.71631
33 38   0.71631
33 39   0.71631
33 40   0.71631
34 1   0.767054
34 2   0.767054
34 3   0.767054
34 4   0.767054
34 5   0.767054
34 6   0.767054
34 7   0.767054
34 8   0.767054
34 9   0.767054
34 10   0.767054
34 11   0.767054
34 12   0.767054
34 13   0.767054
34 14   0.767054
34 15   0.767054
34 16   0.767054
34 17   0.767054
34 18   0.767054
34 19   0.767054
34 20   0.767054
34 21   0.767054
34 22   0.767054
34 23   0.767054
34 24   0.767054
34 25   0.767054
34 26   0.767054
34 27   0.767054
34 28   0.767054
34 29   0.767054
34 30   0.767054
34 31   0.767054
34 32   0.767054
34 33   0.767054
34 34   0.767054
34 35   0.767054
34 36   0.767054
34 37   0.767054
34 38   0.767054
34 39   0.767054
34 40   0.767054
35 1   0.828533
35 2   0.828533
35 3   0.828533
35 4   0.828533
35 5   0.828533
35 6   0.828533
35 7   0.828533
35 8   0.828533
35 9   0.828533
35 10   0.828533
35 11   0.828533
35 12   0.828533
35 13   0.828533
35 14   0.828533
35 15   0.828533
35 16   0.828533
35 17   0.828533
35 18   0.828533
35 19   0.828533
35 20   0.828533
35 21   0.828533
35 22   0.828533
35 23   0.828533
35 24   0.828533
35 25   0.828533
35 26   0.828533
35 27   0.828533
35 28   0.828533
35 29   0.828533
35 30   0.828533
35 31   0.828533
35 32   0.828533
35 33   0.828533
35 34   0.828533
35 35   0.828533
35 36   0.828533
35 37   0.828533
35 38   0.828533
35 39   0.828533
35 40   0.828533
36 1   0.897489
36 2   0.897489
36 3   0.897489
36 4   0.897489
36 5   0.897489
36 6   0.897489
36 7   0.897489
36 8   0.897489
36 9   0.897489
36 10   0.897489
36 11   0.897489
36 12   0.897489
36 13   0.897489
36 14   0.897489
36 15   0.897489
36 16   0.897489
36 17   0.897489
36 18   0.897489
36 19   0.897489
36 20   0.897489
36 21   0.897489
36 22   0.897489
36 23   0.897489
36 24   0.897489
36 25   0.897489
36 26   0.897489
36 27   0.897489
36 28   0.897489
36 29   0.897489
36 30   0.897489
36 31   0.897489
36 32   0.897489
36 33   0.897489
36 34   0.897489
36 35   0.897489
36 36   0.897489
36 37   0.897489
36 38   0.897489
36 39   0.897489
36 40   0.897489
37 1   0.967993
37 2   0.967993
37 3   0.967993
37 4   0.967993
37 5   0.967993
37 6   0.967993
37 7   0.967993
37 8   0.967993
37 9   0.967993
37 10   0.967993
37 11   0.967993
37 12   0.967993
37 13   0.967993
37 14   0.967993
37 15   0.967993
37 16   0.967993
37 17   0.967993
37 18   0.967993
37 19   0.967993
37 20   0.967993
37 21   0.967993
37 22   0.967993
37 23   0.967993
37 24   0.967993
37 25   0.967993
37 26   0.967993
37 27   0.967993
37 28   0.967993
37 29   0.967993
37 30   0.967993
37 31   0.967993
37 32   0.967993
37 33   0.967993
37 34   0.967993
37 35   0.967993
37 36   0.967993
37 37   0.967993
37 38   0.967993
37 39   0.967993
37 40   0.967993
38 1   1.03217
38 2   1.03217
38 3   1.03217
38 4   1.03217
38 5   1.03217
38 6   1.03217
38 7   1.03217
38 8   1.03217
38 9   1.03217
38 10   1.03217
38 11   1.03217
38 12   1.03217
38 13   1.03217
38 14   1.03217
38 15   1.03217
38 16   1.03217
38 17   1.03217
38 18   1.03217
38 19   1.03217
38 20   1.03217
38 21   1.03217
38 22   1.03217
38 23   1.03217
38 24   1.03217
38 25   1.03217
38 26   1.03217
38 27   1.03217
38 28   1.03217
38 29   1.03217
38 30   1.03217
38 31   1.03217
38 32   1.03217
38 33   1.03217
38 34   1.03217
38 35   1.03217
38 36   1.03217
38 37   1.03217
38 38   1.03217
38 39   1.03217
38 40   1.03217
39 1   1.08143
39 2   1.08143
39 3   1.08143
39 4   1.08143
39 5   1.08143
39 6   1.08143
39 7   1.08143
39 8   1.08143
39 9   1.08143
39 10   1.08143
39 11   1.08143
39 12   1.08143
39 13   1.08143
39 14   1.08143
39 15   1.08143
39 16   1.08143
39 17   1.08143
39 18   1.08143
39 19   1.08143
39 20   1.08143
39 21   1.08143
39 22   1.08143
39 23   1.08143
39 24   1.08143
39 25   1.08143
39 26   1.08143
39 27   1.08143
39 28   1.08143
39 29   1.08143
39 30   1.08143
39 31   1.08143
39 32   1.08143
39 33   1.08143
39 34   1.08143
39 35   1.08143
39 36   1.08143
39 37   1.08143
39 38   1.08143
39 39   1.08143
39 40   1.08143
40 1   1.10827
40 2   1.10827
40 3   1.10827
40 4   1.10827
40 5   1.10827
40 6   1.10827
40 7   1.10827
40 8   1.10827
40 9   1.10827
40 10   1.10827
40 11   1.10827
40 12   1.10827
40 13   1.10827
40 14   1.10827
40 15   1.10827
40 16   1.10827
40 17   1.10827
40 18   1.10827
40 19   1.10827
40 20   1.10827
40 21   1.10827
40 22   1.10827
40 23   1.10827
40 24   1.10827
40 25   1.10827
40 26   1.10827
40 27   1.10827
40 28   1.10827
40 29   1.10827
40 30   1.10827
40 31   1.10827
40 32   1.10827
40 33   1.10827
40 34   1.10827
40 35   1.10827
40 36   1.10827
40 37   1.10827
40 38   1.10827
40 39   1.10827
40 40   1.10827
