1 1   -0.0802601
1 2   -0.0802601
1 3   -0.0802601
1 4   -0.0802601
1 5   -0.0802601
1 6   -0.0802601
1 7   -0.0802601
1 8   -0.0802601
1 9   -0.0802601
1 10   -0.0802601
1 11   -0.0802601
1 12   -0.0802601
1 13   -0.0802601
1 14   -0.0802601
1 15   -0.0802601
1 16   -0.0802601
1 17   -0.0802601
1 18   -0.0802601
1 19   -0.0802601
1 20   -0.0802601
1 21   -0.0802601
1 22   -0.0802601
1 23   -0.0802601
1 24   -0.0802601
1 25   -0.0802601
1 26   -0.0802601
1 27   -0.0802601
1 28   -0.0802601
1 29   -0.0802601
1 30   -0.0802601
1 31   -0.0802601
1 32   -0.0802601
1 33   -0.0802601
1 34   -0.0802601
1 35   -0.0802601
1 36   -0.0802601
1 37   -0.0802601
1 38   -0.0802601
1 39   -0.0802601
1 40   -0.0802601
2 1   -0.0660982
2 2   -0.0660982
2 3   -0.0660982
2 4   -0.0660982
2 5   -0.0660982
2 6   -0.0660982
2 7   -0.0660982
2 8   -0.0660982
2 9   -0.0660982
2 10   -0.0660982
2 11   -0.0660982
2 12   -0.0660982
2 13   -0.0660982
2 14   -0.0660982
2 15   -0.0660982
2 16   -0.0660982
2 17   -0.0660982
2 18   -0.0660982
2 19   -0.0660982
2 20   -0.0660982
2 21   -0.0660982
2 22   -0.0660982
2 23   -0.0660982
2 24   -0.0660982
2 25   -0.0660982
2 26   -0.0660982
2 27   -0.0660982
2 28   -0.0660982
2 29   -0.0660982
2 30   -0.0660982
2 31   -0.0660982
2 32   -0.0660982
2 33   -0.0660982
2 34   -0.0660982
2 35   -0.0660982
2 36   -0.0660982
2 37   -0.0660982
2 38   -0.0660982
2 39   -0.0660982
2 40   -0.0660982
3 1   -0.0392612
3 2   -0.0392612
3 3   -0.0392612
3 4   -0.0392612
3 5   -0.0392612
3 6   -0.0392612
3 7   -0.0392612
3 8   -0.0392612
3 9   -0.0392612
3 10   -0.0392612
3 11   -0.0392612
3 12   -0.0392612
3 13   -0.0392612
3 14   -0.0392612
3 15   -0.0392612
3 16   -0.0392612
3 17   -0.0392612
3 18   -0.0392612
3 19   -0.0392612
3 20   -0.0392612
3 21   -0.0392612
3 22   -0.0392612
3 23   -0.0392612
3 24   -0.0392612
3 25   -0.0392612
3 26   -0.0392612
3 27   -0.0392612
3 28   -0.0392612
3 29   -0.0392612
3 30   -0.0392612
3 31   -0.0392612
3 32   -0.0392612
3 33   -0.0392612
3 34   -0.0392612
3 35   -0.0392612
3 36   -0.0392612
3 37   -0.0392612
3 38   -0.0392612
3 39   -0.0392612
3 40   -0.0392612
4 1   -0.00303256
4 2   -0.00303256
4 3   -0.00303256
4 4   -0.00303256
4 5   -0.00303256
4 6   -0.00303256
4 7   -0.00303256
4 8   -0.00303256
4 9   -0.00303256
4 10   -0.00303256
4 11   -0.00303256
4 12   -0.00303256
4 13   -0.00303256
4 14   -0.00303256
4 15   -0.00303256
4 16   -0.00303256
4 17   -0.00303256
4 18   -0.00303256
4 19   -0.00303256
4 20   -0.00303256
4 21   -0.00303256
4 22   -0.00303256
4 23   -0.00303256
4 24   -0.00303256
4 25   -0.00303256
4 26   -0.00303256
4 27   -0.00303256
4 28   -0.00303256
4 29   -0.00303256
4 30   -0.00303256
4 31   -0.00303256
4 32   -0.00303256
4 33   -0.00303256
4 34   -0.00303256
4 35   -0.00303256
4 36   -0.00303256
4 37   -0.00303256
4 38   -0.00303256
4 39   -0.00303256
4 40   -0.00303256
5 1   0.0385536
5 2   0.0385536
5 3   0.0385536
5 4   0.0385536
5 5   0.0385536
5 6   0.0385536
5 7   0.0385536
5 8   0.0385536
5 9   0.0385536
5 10   0.0385536
5 11   0.0385536
5 12   0.0385536
5 13   0.0385536
5 14   0.0385536
5 15   0.0385536
5 16   0.0385536
5 17   0.0385536
5 18   0.0385536
5 19   0.0385536
5 20   0.0385536
5 21   0.0385536
5 22   0.0385536
5 23   0.0385536
5 24   0.0385536
5 25   0.0385536
5 26   0.0385536
5 27   0.0385536
5 28   0.0385536
5 29   0.0385536
5 30   0.0385536
5 31   0.0385536
5 32   0.0385536
5 33   0.0385536
5 34   0.0385536
5 35   0.0385536
5 36   0.0385536
5 37   0.0385536
5 38   0.0385536
5 39   0.0385536
5 40   0.0385536
6 1   0.0833172
6 2   0.0833172
6 3   0.0833172
6 4   0.0833172
6 5   0.0833172
6 6   0.0833172
6 7   0.0833172
6 8   0.0833172
6 9   0.0833172
6 10   0.0833172
6 11   0.0833172
6 12   0.0833172
6 13   0.0833172
6 14   0.0833172
6 15   0.0833172
6 16   0.0833172
6 17   0.0833172
6 18   0.0833172
6 19   0.0833172
6 20   0.0833172
6 21   0.0833172
6 22   0.0833172
6 23   0.0833172
6 24   0.0833172
6 25   0.0833172
6 26   0.0833172
6 27   0.0833172
6 28   0.0833172
6 29   0.0833172
6 30   0.0833172
6 31   0.0833172
6 32   0.0833172
6 33   0.0833172
6 34   0.0833172
6 35   0.0833172
6 36   0.0833172
6 37   0.0833172
6 38   0.0833172
6 39   0.0833172
6 40   0.0833172
7 1   0.132473
7 2   0.132473
7 3   0.132473
7 4   0.132473
7 5   0.132473
7 6   0.132473
7 7   0.132473
7 8   0.132473
7 9   0.132473
7 10   0.132473
7 11   0.132473
7 12   0.132473
7 13   0.132473
7 14   0.132473
7 15   0.132473
7 16   0.132473
7 17   0.132473
7 18   0.132473
7 19   0.132473
7 20   0.132473
7 21   0.132473
7 22   0.132473
7 23   0.132473
7 24   0.132473
7 25   0.132473
7 26   0.132473
7 27   0.132473
7 28   0.132473
7 29   0.132473
7 30   0.132473
7 31   0.132473
7 32   0.132473
7 33   0.132473
7 34   0.132473
7 35   0.132473
7 36   0.132473
7 37   0.132473
7 38   0.132473
7 39   0.132473
7 40   0.132473
8 1   0.18863
8 2   0.18863
8 3   0.18863
8 4   0.18863
8 5   0.18863
8 6   0.18863
8 7   0.18863
8 8   0.18863
8 9   0.18863
8 10   0.18863
8 11   0.18863
8 12   0.18863
8 13   0.18863
8 14   0.18863
8 15   0.18863
8 16   0.18863
8 17   0.18863
8 18   0.18863
8 19   0.18863
8 20   0.18863
8 21   0.18863
8 22   0.18863
8 23   0.18863
8 24   0.18863
8 25   0.18863
8 26   0.18863
8 27   0.18863
8 28   0.18863
8 29   0.18863
8 30   0.18863
8 31   0.18863
8 32   0.18863
8 33   0.18863
8 34   0.18863
8 35   0.18863
8 36   0.18863
8 37   0.18863
8 38   0.18863
8 39   0.18863
8 40   0.18863
9 1   0.251506
9 2   0.251506
9 3   0.251506
9 4   0.251506
9 5   0.251506
9 6   0.251506
9 7   0.251506
9 8   0.251506
9 9   0.251506
9 10   0.251506
9 11   0.251506
9 12   0.251506
9 13   0.251506
9 14   0.251506
9 15   0.251506
9 16   0.251506
9 17   0.251506
9 18   0.251506
9 19   0.251506
9 20   0.251506
9 21   0.251506
9 22   0.251506
9 23   0.251506
9 24   0.251506
9 25   0.251506
9 26   0.251506
9 27   0.251506
9 28   0.251506
9 29   0.251506
9 30   0.251506
9 31   0.251506
9 32   0.251506
9 33   0.251506
9 34   0.251506
9 35   0.251506
9 36   0.251506
9 37   0.251506
9 38   0.251506
9 39   0.251506
9 40   0.251506
10 1   0.315558
10 2   0.315558
10 3   0.315558
10 4   0.315558
10 5   0.315558
10 6   0.315558
10 7   0.315558
10 8   0.315558
10 9   0.315558
10 10   0.315558
10 11   0.315558
10 12   0.315558
10 13   0.315558
10 14   0.315558
10 15   0.315558
10 16   0.315558
10 17   0.315558
10 18   0.315558
10 19   0.315558
10 20   0.315558
10 21   0.315558
10 22   0.315558
10 23   0.315558
10 24   0.315558
10 25   0.315558
10 26   0.315558
10 27   0.315558
10 28   0.315558
10 29   0.315558
10 30   0.315558
10 31   0.315558
10 32   0.315558
10 33   0.315558
10 34   0.315558
10 35   0.315558
10 36   0.315558
10 37   0.315558
10 38   0.315558
10 39   0.315558
10 40   0.315558
11 1   0.37222
11 2   0.37222
11 3   0.37222
11 4   0.37222
11 5   0.37222
11 6   0.37222
11 7   0.37222
11 8   0.37222
11 9   0.37222
11 10   0.37222
11 11   0.37222
11 12   0.37222
11 13   0.37222
11 14   0.37222
11 15   0.37222
11 16   0.37222
11 17   0.37222
11 18   0.37222
11 19   0.37222
11 20   0.37222
11 21   0.37222
11 22   0.37222
11 23   0.37222
11 24   0.37222
11 25   0.37222
11 26   0.37222
11 27   0.37222
11 28   0.37222
11 29   0.37222
11 30   0.37222
11 31   0.37222
11 32   0.37222
11 33   0.37222
11 34   0.37222
11 35   0.37222
11 36   0.37222
11 37   0.37222
11 38   0.37222
11 39   0.37222
11 40   0.37222
12 1   0.414957
12 2   0.414957
12 3   0.414957
12 4   0.414957
12 5   0.414957
12 6   0.414957
12 7   0.414957
12 8   0.414957
12 9   0.414957
12 10   0.414957
12 11   0.414957
12 12   0.414957
12 13   0.414957
12 14   0.414957
12 15   0.414957
12 16   0.414957
12 17   0.414957
12 18   0.414957
12 19   0.414957
12 20   0.414957
12 21   0.414957
12 22   0.414957
12 23   0.414957
12 24   0.414957
12 25   0.414957
12 26   0.414957
12 27   0.414957
12 28   0.414957
12 29   0.414957
12 30   0.414957
12 31   0.414957
12 32   0.414957
12 33   0.414957
12 34   0.414957
12 35   0.414957
12 36   0.414957
12 37   0.414957
12 38   0.414957
12 39   0.414957
12 40   0.414957
13 1   0.442771
13 2   0.442771
13 3   0.442771
13 4   0.442771
13 5   0.442771
13 6   0.442771
13 7   0.442771
13 8   0.442771
13 9   0.442771
13 10   0.442771
13 11   0.442771
13 12   0.442771
13 13   0.442771
13 14   0.442771
13 15   0.442771
13 16   0.442771
13 17   0.442771
13 18   0.442771
13 19   0.442771
13 20   0.442771
13 21   0.442771
13 22   0.442771
13 23   0.442771
13 24   0.442771
13 25   0.442771
13 26   0.442771
13 27   0.442771
13 28   0.442771
13 29   0.442771
13 30   0.442771
13 31   0.442771
13 32   0.442771
13 33   0.442771
13 34   0.442771
13 35   0.442771
13 36   0.442771
13 37   0.442771
13 38   0.442771
13 39   0.442771
13 40   0.442771
14 1   0.459571
14 2   0.459571
14 3   0.459571
14 4   0.459571
14 5   0.459571
14 6   0.459571
14 7   0.459571
14 8   0.459571
14 9   0.459571
14 10   0.459571
14 11   0.459571
14 12   0.459571
14 13   0.459571
14 14   0.459571
14 15   0.459571
14 16   0.459571
14 17   0.459571
14 18   0.459571
14 19   0.459571
14 20   0.459571
14 21   0.459571
14 22   0.459571
14 23   0.459571
14 24   0.459571
14 25   0.459571
14 26   0.459571
14 27   0.459571
14 28   0.459571
14 29   0.459571
14 30   0.459571
14 31   0.459571
14 32   0.459571
14 33   0.459571
14 34   0.459571
14 35   0.459571
14 36   0.459571
14 37   0.459571
14 38   0.459571
14 39   0.459571
14 40   0.459571
15 1   0.470641
15 2   0.470641
15 3   0.470641
15 4   0.470641
15 5   0.470641
15 6   0.470641
15 7   0.470641
15 8   0.470641
15 9   0.470641
15 10   0.470641
15 11   0.470641
15 12   0.470641
15 13   0.470641
15 14   0.470641
15 15   0.470641
15 16   0.470641
15 17   0.470641
15 18   0.470641
15 19   0.470641
15 20   0.470641
15 21   0.470641
15 22   0.470641
15 23   0.470641
15 24   0.470641
15 25   0.470641
15 26   0.470641
15 27   0.470641
15 28   0.470641
15 29   0.470641
15 30   0.470641
15 31   0.470641
15 32   0.470641
15 33   0.470641
15 34   0.470641
15 35   0.470641
15 36   0.470641
15 37   0.470641
15 38   0.470641
15 39   0.470641
15 40   0.470641
16 1   0.479463
16 2   0.479463
16 3   0.479463
16 4   0.479463
16 5   0.479463
16 6   0.479463
16 7   0.479463
16 8   0.479463
16 9   0.479463
16 10   0.479463
16 11   0.479463
16 12   0.479463
16 13   0.479463
16 14   0.479463
16 15   0.479463
16 16   0.479463
16 17   0.479463
16 18   0.479463
16 19   0.479463
16 20   0.479463
16 21   0.479463
16 22   0.479463
16 23   0.479463
16 24   0.479463
16 25   0.479463
16 26   0.479463
16 27   0.479463
16 28   0.479463
16 29   0.479463
16 30   0.479463
16 31   0.479463
16 32   0.479463
16 33   0.479463
16 34   0.479463
16 35   0.479463
16 36   0.479463
16 37   0.479463
16 38   0.479463
16 39   0.479463
16 40   0.479463
17 1   0.486937
17 2   0.486937
17 3   0.486937
17 4   0.486937
17 5   0.486937
17 6   0.486937
17 7   0.486937
17 8   0.486937
17 9   0.486937
17 10   0.486937
17 11   0.486937
17 12   0.486937
17 13   0.486937
17 14   0.486937
17 15   0.486937
17 16   0.486937
17 17   0.486937
17 18   0.486937
17 19   0.486937
17 20   0.486937
17 21   0.486937
17 22   0.486937
17 23   0.486937
17 24   0.486937
17 25   0.486937
17 26   0.486937
17 27   0.486937
17 28   0.486937
17 29   0.486937
17 30   0.486937
17 31   0.486937
17 32   0.486937
17 33   0.486937
17 34   0.486937
17 35   0.486937
17 36   0.486937
17 37   0.486937
17 38   0.486937
17 39   0.486937
17 40   0.486937
18 1   0.492615
18 2   0.492615
18 3   0.492615
18 4   0.492615
18 5   0.492615
18 6   0.492615
18 7   0.492615
18 8   0.492615
18 9   0.492615
18 10   0.492615
18 11   0.492615
18 12   0.492615
18 13   0.492615
18 14   0.492615
18 15   0.492615
18 16   0.492615
18 17   0.492615
18 18   0.492615
18 19   0.492615
18 20   0.492615
18 21   0.492615
18 22   0.492615
18 23   0.492615
18 24   0.492615
18 25   0.492615
18 26   0.492615
18 27   0.492615
18 28   0.492615
18 29   0.492615
18 30   0.492615
18 31   0.492615
18 32   0.492615
18 33   0.492615
18 34   0.492615
18 35   0.492615
18 36   0.492615
18 37   0.492615
18 38   0.492615
18 39   0.492615
18 40   0.492615
19 1   0.496261
19 2   0.496261
19 3   0.496261
19 4   0.496261
19 5   0.496261
19 6   0.496261
19 7   0.496261
19 8   0.496261
19 9   0.496261
19 10   0.496261
19 11   0.496261
19 12   0.496261
19 13   0.496261
19 14   0.496261
19 15   0.496261
19 16   0.496261
19 17   0.496261
19 18   0.496261
19 19   0.496261
19 20   0.496261
19 21   0.496261
19 22   0.496261
19 23   0.496261
19 24   0.496261
19 25   0.496261
19 26   0.496261
19 27   0.496261
19 28   0.496261
19 29   0.496261
19 30   0.496261
19 31   0.496261
19 32   0.496261
19 33   0.496261
19 34   0.496261
19 35   0.496261
19 36   0.496261
19 37   0.496261
19 38   0.496261
19 39   0.496261
19 40   0.496261
20 1   0.498525
20 2   0.498525
20 3   0.498525
20 4   0.498525
20 5   0.498525
20 6   0.498525
20 7   0.498525
20 8   0.498525
20 9   0.498525
20 10   0.498525
20 11   0.498525
20 12   0.498525
20 13   0.498525
20 14   0.498525
20 15   0.498525
20 16   0.498525
20 17   0.498525
20 18   0.498525
20 19   0.498525
20 20   0.498525
20 21   0.498525
20 22   0.498525
20 23   0.498525
20 24   0.498525
20 25   0.498525
20 26   0.498525
20 27   0.498525
20 28   0.498525
20 29   0.498525
20 30   0.498525
20 31   0.498525
20 32   0.498525
20 33   0.498525
20 34   0.498525
20 35   0.498525
20 36   0.498525
20 37   0.498525
20 38   0.498525
20 39   0.498525
20 40   0.498525
21 1   0.50054
21 2   0.50054
21 3   0.50054
21 4   0.50054
21 5   0.50054
21 6   0.50054
21 7   0.50054
21 8   0.50054
21 9   0.50054
21 10   0.50054
21 11   0.50054
21 12   0.50054
21 13   0.50054
21 14   0.50054
21 15   0.50054
21 16   0.50054
21 17   0.50054
21 18   0.50054
21 19   0.50054
21 20   0.50054
21 21   0.50054
21 22   0.50054
21 23   0.50054
21 24   0.50054
21 25   0.50054
21 26   0.50054
21 27   0.50054
21 28   0.50054
21 29   0.50054
21 30   0.50054
21 31   0.50054
21 32   0.50054
21 33   0.50054
21 34   0.50054
21 35   0.50054
21 36   0.50054
21 37   0.50054
21 38   0.50054
21 39   0.50054
21 40   0.50054
22 1   0.502897
22 2   0.502897
22 3   0.502897
22 4   0.502897
22 5   0.502897
22 6   0.502897
22 7   0.502897
22 8   0.502897
22 9   0.502897
22 10   0.502897
22 11   0.502897
22 12   0.502897
22 13   0.502897
22 14   0.502897
22 15   0.502897
22 16   0.502897
22 17   0.502897
22 18   0.502897
22 19   0.502897
22 20   0.502897
22 21   0.502897
22 22   0.502897
22 23   0.502897
22 24   0.502897
22 25   0.502897
22 26   0.502897
22 27   0.502897
22 28   0.502897
22 29   0.502897
22 30   0.502897
22 31   0.502897
22 32   0.502897
22 33   0.502897
22 34   0.502897
22 35   0.502897
22 36   0.502897
22 37   0.502897
22 38   0.502897
22 39   0.502897
22 40   0.502897
23 1   0.504953
23 2   0.504953
23 3   0.504953
23 4   0.504953
23 5   0.504953
23 6   0.504953
23 7   0.504953
23 8   0.504953
23 9   0.504953
23 10   0.504953
23 11   0.504953
23 12   0.504953
23 13   0.504953
23 14   0.504953
23 15   0.504953
23 16   0.504953
23 17   0.504953
23 18   0.504953
23 19   0.504953
23 20   0.504953
23 21   0.504953
23 22   0.504953
23 23   0.504953
23 24   0.504953
23 25   0.504953
23 26   0.504953
23 27   0.504953
23 28   0.504953
23 29   0.504953
23 30   0.504953
23 31   0.504953
23 32   0.504953
23 33   0.504953
23 34   0.504953
23 35   0.504953
23 36   0.504953
23 37   0.504953
23 38   0.504953
23 39   0.504953
23 40   0.504953
24 1   0.505402
24 2   0.505402
24 3   0.505402
24 4   0.505402
24 5   0.505402
24 6   0.505402
24 7   0.505402
24 8   0.505402
24 9   0.505402
24 10   0.505402
24 11   0.505402
24 12   0.505402
24 13   0.505402
24 14   0.505402
24 15   0.505402
24 16   0.505402
24 17   0.505402
24 18   0.505402
24 19   0.505402
24 20   0.505402
24 21   0.505402
24 22   0.505402
24 23   0.505402
24 24   0.505402
24 25   0.505402
24 26   0.505402
24 27   0.505402
24 28   0.505402
24 29   0.505402
24 30   0.505402
24 31   0.505402
24 32   0.505402
24 33   0.505402
24 34   0.505402
24 35   0.505402
24 36   0.505402
24 37   0.505402
24 38   0.505402
24 39   0.505402
24 40   0.505402
25 1   0.504169
25 2   0.504169
25 3   0.504169
25 4   0.504169
25 5   0.504169
25 6   0.504169
25 7   0.504169
25 8   0.504169
25 9   0.504169
25 10   0.504169
25 11   0.504169
25 12   0.504169
25 13   0.504169
25 14   0.504169
25 15   0.504169
25 16   0.504169
25 17   0.504169
25 18   0.504169
25 19   0.504169
25 20   0.504169
25 21   0.504169
25 22   0.504169
25 23   0.504169
25 24   0.504169
25 25   0.504169
25 26   0.504169
25 27   0.504169
25 28   0.504169
25 29   0.504169
25 30   0.504169
25 31   0.504169
25 32   0.504169
25 33   0.504169
25 34   0.504169
25 35   0.504169
25 36   0.504169
25 37   0.504169
25 38   0.504169
25 39   0.504169
25 40   0.504169
26 1   0.504021
26 2   0.504021
26 3   0.504021
26 4   0.504021
26 5   0.504021
26 6   0.504021
26 7   0.504021
26 8   0.504021
26 9   0.504021
26 10   0.504021
26 11   0.504021
26 12   0.504021
26 13   0.504021
26 14   0.504021
26 15   0.504021
26 16   0.504021
26 17   0.504021
26 18   0.504021
26 19   0.504021
26 20   0.504021
26 21   0.504021
26 22   0.504021
26 23   0.504021
26 24   0.504021
26 25   0.504021
26 26   0.504021
26 27   0.504021
26 28   0.504021
26 29   0.504021
26 30   0.504021
26 31   0.504021
26 32   0.504021
26 33   0.504021
26 34   0.504021
26 35   0.504021
26 36   0.504021
26 37   0.504021
26 38   0.504021
26 39   0.504021
26 40   0.504021
27 1   0.509828
27 2   0.509828
27 3   0.509828
27 4   0.509828
27 5   0.509828
27 6   0.509828
27 7   0.509828
27 8   0.509828
27 9   0.509828
27 10   0.509828
27 11   0.509828
27 12   0.509828
27 13   0.509828
27 14   0.509828
27 15   0.509828
27 16   0.509828
27 17   0.509828
27 18   0.509828
27 19   0.509828
27 20   0.509828
27 21   0.509828
27 22   0.509828
27 23   0.509828
27 24   0.509828
27 25   0.509828
27 26   0.509828
27 27   0.509828
27 28   0.509828
27 29   0.509828
27 30   0.509828
27 31   0.509828
27 32   0.509828
27 33   0.509828
27 34   0.509828
27 35   0.509828
27 36   0.509828
27 37   0.509828
27 38   0.509828
27 39   0.509828
27 40   0.509828
28 1   0.525295
28 2   0.525295
28 3   0.525295
28 4   0.525295
28 5   0.525295
28 6   0.525295
28 7   0.525295
28 8   0.525295
28 9   0.525295
28 10   0.525295
28 11   0.525295
28 12   0.525295
28 13   0.525295
28 14   0.525295
28 15   0.525295
28 16   0.525295
28 17   0.525295
28 18   0.525295
28 19   0.525295
28 20   0.525295
28 21   0.525295
28 22   0.525295
28 23   0.525295
28 24   0.525295
28 25   0.525295
28 26   0.525295
28 27   0.525295
28 28   0.525295
28 29   0.525295
28 30   0.525295
28 31   0.525295
28 32   0.525295
28 33   0.525295
28 34   0.525295
28 35   0.525295
28 36   0.525295
28 37   0.525295
28 38   0.525295
28 39   0.525295
28 40   0.525295
29 1   0.549825
29 2   0.549825
29 3   0.549825
29 4   0.549825
29 5   0.549825
29 6   0.549825
29 7   0.549825
29 8   0.549825
29 9   0.549825
29 10   0.549825
29 11   0.549825
29 12   0.549825
29 13   0.549825
29 14   0.549825
29 15   0.549825
29 16   0.549825
29 17   0.549825
29 18   0.549825
29 19   0.549825
29 20   0.549825
29 21   0.549825
29 22   0.549825
29 23   0.549825
29 24   0.549825
29 25   0.549825
29 26   0.549825
29 27   0.549825
29 28   0.549825
29 29   0.549825
29 30   0.549825
29 31   0.549825
29 32   0.549825
29 33   0.549825
29 34   0.549825
29 35   0.549825
29 36   0.549825
29 37   0.549825
29 38   0.549825
29 39   0.549825
29 40   0.549825
30 1   0.578707
30 2   0.578707
30 3   0.578707
30 4   0.578707
30 5   0.578707
30 6   0.578707
30 7   0.578707
30 8   0.578707
30 9   0.578707
30 10   0.578707
30 11   0.578707
30 12   0.578707
30 13   0.578707
30 14   0.578707
30 15   0.578707
30 16   0.578707
30 17   0.578707
30 18   0.578707
30 19   0.578707
30 20   0.578707
30 21   0.578707
30 22   0.578707
30 23   0.578707
30 24   0.578707
30 25   0.578707
30 26   0.578707
30 27   0.578707
30 28   0.578707
30 29   0.578707
30 30   0.578707
30 31   0.578707
30 32   0.578707
30 33   0.578707
30 34   0.578707
30 35   0.578707
30 36   0.578707
30 37   0.578707
30 38   0.578707
30 39   0.578707
30 40   0.578707
31 1   0.60704
31 2   0.60704
31 3   0.60704
31 4   0.60704
31 5   0.60704
31 6   0.60704
31 7   0.60704
31 8   0.60704
31 9   0.60704
31 10   0.60704
31 11   0.60704
31 12   0.60704
31 13   0.60704
31 14   0.60704
31 15   0.60704
31 16   0.60704
31 17   0.60704
31 18   0.60704
31 19   0.60704
31 20   0.60704
31 21   0.60704
31 22   0.60704
31 23   0.60704
31 24   0.60704
31 25   0.60704
31 26   0.60704
31 27   0.60704
31 28   0.60704
31 29   0.60704
31 30   0.60704
31 31   0.60704
31 32   0.60704
31 33   0.60704
31 34   0.60704
31 35   0.60704
31 36   0.60704
31 37   0.60704
31 38   0.60704
31 39   0.60704
31 40   0.60704
32 1   0.634294
32 2   0.634294
32 3   0.634294
32 4   0.634294
32 5   0.634294
32 6   0.634294
32 7   0.634294
32 8   0.634294
32 9   0.634294
32 10   0.634294
32 11   0.634294
32 12   0.634294
32 13   0.634294
32 14   0.634294
32 15   0.634294
32 16   0.634294
32 17   0.634294
32 18   0.634294
32 19   0.634294
32 20   0.634294
32 21   0.634294
32 22   0.634294
32 23   0.634294
32 24   0.634294
32 25   0.634294
32 26   0.634294
32 27   0.634294
32 28   0.634294
32 29   0.634294
32 30   0.634294
32 31   0.634294
32 32   0.634294
32 33   0.634294
32 34   0.634294
32 35   0.634294
32 36   0.634294
32 37   0.634294
32 38   0.634294
32 39   0.634294
32 40   0.634294
33 1   0.66561
33 2   0.66561
33 3   0.66561
33 4   0.66561
33 5   0.66561
33 6   0.66561
33 7   0.66561
33 8   0.66561
33 9   0.66561
33 10   0.66561
33 11   0.66561
33 12   0.66561
33 13   0.66561
33 14   0.66561
33 15   0.66561
33 16   0.66561
33 17   0.66561
33 18   0.66561
33 19   0.66561
33 20   0.66561
33 21   0.66561
33 22   0.66561
33 23   0.66561
33 24   0.66561
33 25   0.66561
33 26   0.66561
33 27   0.66561
33 28   0.66561
33 29   0.66561
33 30   0.66561
33 31   0.66561
33 32   0.66561
33 33   0.66561
33 34   0.66561
33 35   0.66561
33 36   0.66561
33 37   0.66561
33 38   0.66561
33 39   0.66561
33 40   0.66561
34 1   0.708742
34 2   0.708742
34 3   0.708742
34 4   0.708742
34 5   0.708742
34 6   0.708742
34 7   0.708742
34 8   0.708742
34 9   0.708742
34 10   0.708742
34 11   0.708742
34 12   0.708742
34 13   0.708742
34 14   0.708742
34 15   0.708742
34 16   0.708742
34 17   0.708742
34 18   0.708742
34 19   0.708742
34 20   0.708742
34 21   0.708742
34 22   0.708742
34 23   0.708742
34 24   0.708742
34 25   0.708742
34 26   0.708742
34 27   0.708742
34 28   0.708742
34 29   0.708742
34 30   0.708742
34 31   0.708742
34 32   0.708742
34 33   0.708742
34 34   0.708742
34 35   0.708742
34 36   0.708742
34 37   0.708742
34 38   0.708742
34 39   0.708742
34 40   0.708742
35 1   0.76905
35 2   0.76905
35 3   0.76905
35 4   0.76905
35 5   0.76905
35 6   0.76905
35 7   0.76905
35 8   0.76905
35 9   0.76905
35 10   0.76905
35 11   0.76905
35 12   0.76905
35 13   0.76905
35 14   0.76905
35 15   0.76905
35 16   0.76905
35 17   0.76905
35 18   0.76905
35 19   0.76905
35 20   0.76905
35 21   0.76905
35 22   0.76905
35 23   0.76905
35 24   0.76905
35 25   0.76905
35 26   0.76905
35 27   0.76905
35 28   0.76905
35 29   0.76905
35 30   0.76905
35 31   0.76905
35 32   0.76905
35 33   0.76905
35 34   0.76905
35 35   0.76905
35 36   0.76905
35 37   0.76905
35 38   0.76905
35 39   0.76905
35 40   0.76905
36 1   0.84592
36 2   0.84592
36 3   0.84592
36 4   0.84592
36 5   0.84592
36 6   0.84592
36 7   0.84592
36 8   0.84592
36 9   0.84592
36 10   0.84592
36 11   0.84592
36 12   0.84592
36 13   0.84592
36 14   0.84592
36 15   0.84592
36 16   0.84592
36 17   0.84592
36 18   0.84592
36 19   0.84592
36 20   0.84592
36 21   0.84592
36 22   0.84592
36 23   0.84592
36 24   0.84592
36 25   0.84592
36 26   0.84592
36 27   0.84592
36 28   0.84592
36 29   0.84592
36 30   0.84592
36 31   0.84592
36 32   0.84592
36 33   0.84592
36 34   0.84592
36 35   0.84592
36 36   0.84592
36 37   0.84592
36 38   0.84592
36 39   0.84592
36 40   0.84592
37 1   0.932178
37 2   0.932178
37 3   0.932178
37 4   0.932178
37 5   0.932178
37 6   0.932178
37 7   0.932178
37 8   0.932178
37 9   0.932178
37 10   0.932178
37 11   0.932178
37 12   0.932178
37 13   0.932178
37 14   0.932178
37 15   0.932178
37 16   0.932178
37 17   0.932178
37 18   0.932178
37 19   0.932178
37 20   0.932178
37 21   0.932178
37 22   0.932178
37 23   0.932178
37 24   0.932178
37 25   0.932178
37 26   0.932178
37 27   0.932178
37 28   0.932178
37 29   0.932178
37 30   0.932178
37 31   0.932178
37 32   0.932178
37 33   0.932178
37 34   0.932178
37 35   0.932178
37 36   0.932178
37 37   0.932178
37 38   0.932178
37 39   0.932178
37 40   0.932178
38 1   1.01578
38 2   1.01578
38 3   1.01578
38 4   1.01578
38 5   1.01578
38 6   1.01578
38 7   1.01578
38 8   1.01578
38 9   1.01578
38 10   1.01578
38 11   1.01578
38 12   1.01578
38 13   1.01578
38 14   1.01578
38 15   1.01578
38 16   1.01578
38 17   1.01578
38 18   1.01578
38 19   1.01578
38 20   1.01578
38 21   1.01578
38 22   1.01578
38 23   1.01578
38 24   1.01578
38 25   1.01578
38 26   1.01578
38 27   1.01578
38 28   1.01578
38 29   1.01578
38 30   1.01578
38 31   1.01578
38 32   1.01578
38 33   1.01578
38 34   1.01578
38 35   1.01578
38 36   1.01578
38 37   1.01578
38 38   1.01578
38 39   1.01578
38 40   1.01578
39 1   1.08261
39 2   1.08261
39 3   1.08261
39 4   1.08261
39 5   1.08261
39 6   1.08261
39 7   1.08261
39 8   1.08261
39 9   1.08261
39 10   1.08261
39 11   1.08261
39 12   1.08261
39 13   1.08261
39 14   1.08261
39 15   1.08261
39 16   1.08261
39 17   1.08261
39 18   1.08261
39 19   1.08261
39 20   1.08261
39 21   1.08261
39 22   1.08261
39 23   1.08261
39 24   1.08261
39 25   1.08261
39 26   1.08261
39 27   1.08261
39 28   1.08261
39 29   1.08261
39 30   1.08261
39 31   1.08261
39 32   1.08261
39 33   1.08261
39 34   1.08261
39 35   1.08261
39 36   1.08261
39 37   1.08261
39 38   1.08261
39 39   1.08261
39 40   1.08261
40 1   1.11989
40 2   1.11989
40 3   1.11989
40 4   1.11989
40 5   1.11989
40 6   1.11989
40 7   1.11989
40 8   1.11989
40 9   1.11989
40 10   1.11989
40 11   1.11989
40 12   1.11989
40 13   1.11989
40 14   1.11989
40 15   1.11989
40 16   1.11989
40 17   1.11989
40 18   1.11989
40 19   1.11989
40 20   1.11989
40 21   1.11989
40 22   1.11989
40 23   1.11989
40 24   1.11989
40 25   1.11989
40 26   1.11989
40 27   1.11989
40 28   1.11989
40 29   1.11989
40 30   1.11989
40 31   1.11989
40 32   1.11989
40 33   1.11989
40 34   1.11989
40 35   1.11989
40 36   1.11989
40 37   1.11989
40 38   1.11989
40 39   1.11989
40 40   1.11989
