1 1   0.662549
1 2   0.662549
1 3   0.662549
1 4   0.662549
1 5   0.662549
1 6   0.662549
1 7   0.662549
1 8   0.662549
1 9   0.662549
1 10   0.662549
1 11   0.662549
1 12   0.662549
1 13   0.662549
1 14   0.662549
1 15   0.662549
1 16   0.662549
1 17   0.662549
1 18   0.662549
1 19   0.662549
1 20   0.662549
1 21   0.662549
1 22   0.662549
1 23   0.662549
1 24   0.662549
1 25   0.662549
1 26   0.662549
1 27   0.662549
1 28   0.662549
1 29   0.662549
1 30   0.662549
1 31   0.662549
1 32   0.662549
1 33   0.662549
1 34   0.662549
1 35   0.662549
1 36   0.662549
1 37   0.662549
1 38   0.662549
1 39   0.662549
1 40   0.662549
2 1   0.664125
2 2   0.664125
2 3   0.664125
2 4   0.664125
2 5   0.664125
2 6   0.664125
2 7   0.664125
2 8   0.664125
2 9   0.664125
2 10   0.664125
2 11   0.664125
2 12   0.664125
2 13   0.664125
2 14   0.664125
2 15   0.664125
2 16   0.664125
2 17   0.664125
2 18   0.664125
2 19   0.664125
2 20   0.664125
2 21   0.664125
2 22   0.664125
2 23   0.664125
2 24   0.664125
2 25   0.664125
2 26   0.664125
2 27   0.664125
2 28   0.664125
2 29   0.664125
2 30   0.664125
2 31   0.664125
2 32   0.664125
2 33   0.664125
2 34   0.664125
2 35   0.664125
2 36   0.664125
2 37   0.664125
2 38   0.664125
2 39   0.664125
2 40   0.664125
3 1   0.666168
3 2   0.666168
3 3   0.666168
3 4   0.666168
3 5   0.666168
3 6   0.666168
3 7   0.666168
3 8   0.666168
3 9   0.666168
3 10   0.666168
3 11   0.666168
3 12   0.666168
3 13   0.666168
3 14   0.666168
3 15   0.666168
3 16   0.666168
3 17   0.666168
3 18   0.666168
3 19   0.666168
3 20   0.666168
3 21   0.666168
3 22   0.666168
3 23   0.666168
3 24   0.666168
3 25   0.666168
3 26   0.666168
3 27   0.666168
3 28   0.666168
3 29   0.666168
3 30   0.666168
3 31   0.666168
3 32   0.666168
3 33   0.666168
3 34   0.666168
3 35   0.666168
3 36   0.666168
3 37   0.666168
3 38   0.666168
3 39   0.666168
3 40   0.666168
4 1   0.6617
4 2   0.6617
4 3   0.6617
4 4   0.6617
4 5   0.6617
4 6   0.6617
4 7   0.6617
4 8   0.6617
4 9   0.6617
4 10   0.6617
4 11   0.6617
4 12   0.6617
4 13   0.6617
4 14   0.6617
4 15   0.6617
4 16   0.6617
4 17   0.6617
4 18   0.6617
4 19   0.6617
4 20   0.6617
4 21   0.6617
4 22   0.6617
4 23   0.6617
4 24   0.6617
4 25   0.6617
4 26   0.6617
4 27   0.6617
4 28   0.6617
4 29   0.6617
4 30   0.6617
4 31   0.6617
4 32   0.6617
4 33   0.6617
4 34   0.6617
4 35   0.6617
4 36   0.6617
4 37   0.6617
4 38   0.6617
4 39   0.6617
4 40   0.6617
5 1   0.641083
5 2   0.641083
5 3   0.641083
5 4   0.641083
5 5   0.641083
5 6   0.641083
5 7   0.641083
5 8   0.641083
5 9   0.641083
5 10   0.641083
5 11   0.641083
5 12   0.641083
5 13   0.641083
5 14   0.641083
5 15   0.641083
5 16   0.641083
5 17   0.641083
5 18   0.641083
5 19   0.641083
5 20   0.641083
5 21   0.641083
5 22   0.641083
5 23   0.641083
5 24   0.641083
5 25   0.641083
5 26   0.641083
5 27   0.641083
5 28   0.641083
5 29   0.641083
5 30   0.641083
5 31   0.641083
5 32   0.641083
5 33   0.641083
5 34   0.641083
5 35   0.641083
5 36   0.641083
5 37   0.641083
5 38   0.641083
5 39   0.641083
5 40   0.641083
6 1   0.601872
6 2   0.601872
6 3   0.601872
6 4   0.601872
6 5   0.601872
6 6   0.601872
6 7   0.601872
6 8   0.601872
6 9   0.601872
6 10   0.601872
6 11   0.601872
6 12   0.601872
6 13   0.601872
6 14   0.601872
6 15   0.601872
6 16   0.601872
6 17   0.601872
6 18   0.601872
6 19   0.601872
6 20   0.601872
6 21   0.601872
6 22   0.601872
6 23   0.601872
6 24   0.601872
6 25   0.601872
6 26   0.601872
6 27   0.601872
6 28   0.601872
6 29   0.601872
6 30   0.601872
6 31   0.601872
6 32   0.601872
6 33   0.601872
6 34   0.601872
6 35   0.601872
6 36   0.601872
6 37   0.601872
6 38   0.601872
6 39   0.601872
6 40   0.601872
7 1   0.552889
7 2   0.552889
7 3   0.552889
7 4   0.552889
7 5   0.552889
7 6   0.552889
7 7   0.552889
7 8   0.552889
7 9   0.552889
7 10   0.552889
7 11   0.552889
7 12   0.552889
7 13   0.552889
7 14   0.552889
7 15   0.552889
7 16   0.552889
7 17   0.552889
7 18   0.552889
7 19   0.552889
7 20   0.552889
7 21   0.552889
7 22   0.552889
7 23   0.552889
7 24   0.552889
7 25   0.552889
7 26   0.552889
7 27   0.552889
7 28   0.552889
7 29   0.552889
7 30   0.552889
7 31   0.552889
7 32   0.552889
7 33   0.552889
7 34   0.552889
7 35   0.552889
7 36   0.552889
7 37   0.552889
7 38   0.552889
7 39   0.552889
7 40   0.552889
8 1   0.508651
8 2   0.508651
8 3   0.508651
8 4   0.508651
8 5   0.508651
8 6   0.508651
8 7   0.508651
8 8   0.508651
8 9   0.508651
8 10   0.508651
8 11   0.508651
8 12   0.508651
8 13   0.508651
8 14   0.508651
8 15   0.508651
8 16   0.508651
8 17   0.508651
8 18   0.508651
8 19   0.508651
8 20   0.508651
8 21   0.508651
8 22   0.508651
8 23   0.508651
8 24   0.508651
8 25   0.508651
8 26   0.508651
8 27   0.508651
8 28   0.508651
8 29   0.508651
8 30   0.508651
8 31   0.508651
8 32   0.508651
8 33   0.508651
8 34   0.508651
8 35   0.508651
8 36   0.508651
8 37   0.508651
8 38   0.508651
8 39   0.508651
8 40   0.508651
9 1   0.480821
9 2   0.480821
9 3   0.480821
9 4   0.480821
9 5   0.480821
9 6   0.480821
9 7   0.480821
9 8   0.480821
9 9   0.480821
9 10   0.480821
9 11   0.480821
9 12   0.480821
9 13   0.480821
9 14   0.480821
9 15   0.480821
9 16   0.480821
9 17   0.480821
9 18   0.480821
9 19   0.480821
9 20   0.480821
9 21   0.480821
9 22   0.480821
9 23   0.480821
9 24   0.480821
9 25   0.480821
9 26   0.480821
9 27   0.480821
9 28   0.480821
9 29   0.480821
9 30   0.480821
9 31   0.480821
9 32   0.480821
9 33   0.480821
9 34   0.480821
9 35   0.480821
9 36   0.480821
9 37   0.480821
9 38   0.480821
9 39   0.480821
9 40   0.480821
10 1   0.473483
10 2   0.473483
10 3   0.473483
10 4   0.473483
10 5   0.473483
10 6   0.473483
10 7   0.473483
10 8   0.473483
10 9   0.473483
10 10   0.473483
10 11   0.473483
10 12   0.473483
10 13   0.473483
10 14   0.473483
10 15   0.473483
10 16   0.473483
10 17   0.473483
10 18   0.473483
10 19   0.473483
10 20   0.473483
10 21   0.473483
10 22   0.473483
10 23   0.473483
10 24   0.473483
10 25   0.473483
10 26   0.473483
10 27   0.473483
10 28   0.473483
10 29   0.473483
10 30   0.473483
10 31   0.473483
10 32   0.473483
10 33   0.473483
10 34   0.473483
10 35   0.473483
10 36   0.473483
10 37   0.473483
10 38   0.473483
10 39   0.473483
10 40   0.473483
11 1   0.483218
11 2   0.483218
11 3   0.483218
11 4   0.483218
11 5   0.483218
11 6   0.483218
11 7   0.483218
11 8   0.483218
11 9   0.483218
11 10   0.483218
11 11   0.483218
11 12   0.483218
11 13   0.483218
11 14   0.483218
11 15   0.483218
11 16   0.483218
11 17   0.483218
11 18   0.483218
11 19   0.483218
11 20   0.483218
11 21   0.483218
11 22   0.483218
11 23   0.483218
11 24   0.483218
11 25   0.483218
11 26   0.483218
11 27   0.483218
11 28   0.483218
11 29   0.483218
11 30   0.483218
11 31   0.483218
11 32   0.483218
11 33   0.483218
11 34   0.483218
11 35   0.483218
11 36   0.483218
11 37   0.483218
11 38   0.483218
11 39   0.483218
11 40   0.483218
12 1   0.501412
12 2   0.501412
12 3   0.501412
12 4   0.501412
12 5   0.501412
12 6   0.501412
12 7   0.501412
12 8   0.501412
12 9   0.501412
12 10   0.501412
12 11   0.501412
12 12   0.501412
12 13   0.501412
12 14   0.501412
12 15   0.501412
12 16   0.501412
12 17   0.501412
12 18   0.501412
12 19   0.501412
12 20   0.501412
12 21   0.501412
12 22   0.501412
12 23   0.501412
12 24   0.501412
12 25   0.501412
12 26   0.501412
12 27   0.501412
12 28   0.501412
12 29   0.501412
12 30   0.501412
12 31   0.501412
12 32   0.501412
12 33   0.501412
12 34   0.501412
12 35   0.501412
12 36   0.501412
12 37   0.501412
12 38   0.501412
12 39   0.501412
12 40   0.501412
13 1   0.516918
13 2   0.516918
13 3   0.516918
13 4   0.516918
13 5   0.516918
13 6   0.516918
13 7   0.516918
13 8   0.516918
13 9   0.516918
13 10   0.516918
13 11   0.516918
13 12   0.516918
13 13   0.516918
13 14   0.516918
13 15   0.516918
13 16   0.516918
13 17   0.516918
13 18   0.516918
13 19   0.516918
13 20   0.516918
13 21   0.516918
13 22   0.516918
13 23   0.516918
13 24   0.516918
13 25   0.516918
13 26   0.516918
13 27   0.516918
13 28   0.516918
13 29   0.516918
13 30   0.516918
13 31   0.516918
13 32   0.516918
13 33   0.516918
13 34   0.516918
13 35   0.516918
13 36   0.516918
13 37   0.516918
13 38   0.516918
13 39   0.516918
13 40   0.516918
14 1   0.520263
14 2   0.520263
14 3   0.520263
14 4   0.520263
14 5   0.520263
14 6   0.520263
14 7   0.520263
14 8   0.520263
14 9   0.520263
14 10   0.520263
14 11   0.520263
14 12   0.520263
14 13   0.520263
14 14   0.520263
14 15   0.520263
14 16   0.520263
14 17   0.520263
14 18   0.520263
14 19   0.520263
14 20   0.520263
14 21   0.520263
14 22   0.520263
14 23   0.520263
14 24   0.520263
14 25   0.520263
14 26   0.520263
14 27   0.520263
14 28   0.520263
14 29   0.520263
14 30   0.520263
14 31   0.520263
14 32   0.520263
14 33   0.520263
14 34   0.520263
14 35   0.520263
14 36   0.520263
14 37   0.520263
14 38   0.520263
14 39   0.520263
14 40   0.520263
15 1   0.509252
15 2   0.509252
15 3   0.509252
15 4   0.509252
15 5   0.509252
15 6   0.509252
15 7   0.509252
15 8   0.509252
15 9   0.509252
15 10   0.509252
15 11   0.509252
15 12   0.509252
15 13   0.509252
15 14   0.509252
15 15   0.509252
15 16   0.509252
15 17   0.509252
15 18   0.509252
15 19   0.509252
15 20   0.509252
15 21   0.509252
15 22   0.509252
15 23   0.509252
15 24   0.509252
15 25   0.509252
15 26   0.509252
15 27   0.509252
15 28   0.509252
15 29   0.509252
15 30   0.509252
15 31   0.509252
15 32   0.509252
15 33   0.509252
15 34   0.509252
15 35   0.509252
15 36   0.509252
15 37   0.509252
15 38   0.509252
15 39   0.509252
15 40   0.509252
16 1   0.492265
16 2   0.492265
16 3   0.492265
16 4   0.492265
16 5   0.492265
16 6   0.492265
16 7   0.492265
16 8   0.492265
16 9   0.492265
16 10   0.492265
16 11   0.492265
16 12   0.492265
16 13   0.492265
16 14   0.492265
16 15   0.492265
16 16   0.492265
16 17   0.492265
16 18   0.492265
16 19   0.492265
16 20   0.492265
16 21   0.492265
16 22   0.492265
16 23   0.492265
16 24   0.492265
16 25   0.492265
16 26   0.492265
16 27   0.492265
16 28   0.492265
16 29   0.492265
16 30   0.492265
16 31   0.492265
16 32   0.492265
16 33   0.492265
16 34   0.492265
16 35   0.492265
16 36   0.492265
16 37   0.492265
16 38   0.492265
16 39   0.492265
16 40   0.492265
17 1   0.483424
17 2   0.483424
17 3   0.483424
17 4   0.483424
17 5   0.483424
17 6   0.483424
17 7   0.483424
17 8   0.483424
17 9   0.483424
17 10   0.483424
17 11   0.483424
17 12   0.483424
17 13   0.483424
17 14   0.483424
17 15   0.483424
17 16   0.483424
17 17   0.483424
17 18   0.483424
17 19   0.483424
17 20   0.483424
17 21   0.483424
17 22   0.483424
17 23   0.483424
17 24   0.483424
17 25   0.483424
17 26   0.483424
17 27   0.483424
17 28   0.483424
17 29   0.483424
17 30   0.483424
17 31   0.483424
17 32   0.483424
17 33   0.483424
17 34   0.483424
17 35   0.483424
17 36   0.483424
17 37   0.483424
17 38   0.483424
17 39   0.483424
17 40   0.483424
18 1   0.4904
18 2   0.4904
18 3   0.4904
18 4   0.4904
18 5   0.4904
18 6   0.4904
18 7   0.4904
18 8   0.4904
18 9   0.4904
18 10   0.4904
18 11   0.4904
18 12   0.4904
18 13   0.4904
18 14   0.4904
18 15   0.4904
18 16   0.4904
18 17   0.4904
18 18   0.4904
18 19   0.4904
18 20   0.4904
18 21   0.4904
18 22   0.4904
18 23   0.4904
18 24   0.4904
18 25   0.4904
18 26   0.4904
18 27   0.4904
18 28   0.4904
18 29   0.4904
18 30   0.4904
18 31   0.4904
18 32   0.4904
18 33   0.4904
18 34   0.4904
18 35   0.4904
18 36   0.4904
18 37   0.4904
18 38   0.4904
18 39   0.4904
18 40   0.4904
19 1   0.506156
19 2   0.506156
19 3   0.506156
19 4   0.506156
19 5   0.506156
19 6   0.506156
19 7   0.506156
19 8   0.506156
19 9   0.506156
19 10   0.506156
19 11   0.506156
19 12   0.506156
19 13   0.506156
19 14   0.506156
19 15   0.506156
19 16   0.506156
19 17   0.506156
19 18   0.506156
19 19   0.506156
19 20   0.506156
19 21   0.506156
19 22   0.506156
19 23   0.506156
19 24   0.506156
19 25   0.506156
19 26   0.506156
19 27   0.506156
19 28   0.506156
19 29   0.506156
19 30   0.506156
19 31   0.506156
19 32   0.506156
19 33   0.506156
19 34   0.506156
19 35   0.506156
19 36   0.506156
19 37   0.506156
19 38   0.506156
19 39   0.506156
19 40   0.506156
20 1   0.514862
20 2   0.514862
20 3   0.514862
20 4   0.514862
20 5   0.514862
20 6   0.514862
20 7   0.514862
20 8   0.514862
20 9   0.514862
20 10   0.514862
20 11   0.514862
20 12   0.514862
20 13   0.514862
20 14   0.514862
20 15   0.514862
20 16   0.514862
20 17   0.514862
20 18   0.514862
20 19   0.514862
20 20   0.514862
20 21   0.514862
20 22   0.514862
20 23   0.514862
20 24   0.514862
20 25   0.514862
20 26   0.514862
20 27   0.514862
20 28   0.514862
20 29   0.514862
20 30   0.514862
20 31   0.514862
20 32   0.514862
20 33   0.514862
20 34   0.514862
20 35   0.514862
20 36   0.514862
20 37   0.514862
20 38   0.514862
20 39   0.514862
20 40   0.514862
21 1   0.507703
21 2   0.507703
21 3   0.507703
21 4   0.507703
21 5   0.507703
21 6   0.507703
21 7   0.507703
21 8   0.507703
21 9   0.507703
21 10   0.507703
21 11   0.507703
21 12   0.507703
21 13   0.507703
21 14   0.507703
21 15   0.507703
21 16   0.507703
21 17   0.507703
21 18   0.507703
21 19   0.507703
21 20   0.507703
21 21   0.507703
21 22   0.507703
21 23   0.507703
21 24   0.507703
21 25   0.507703
21 26   0.507703
21 27   0.507703
21 28   0.507703
21 29   0.507703
21 30   0.507703
21 31   0.507703
21 32   0.507703
21 33   0.507703
21 34   0.507703
21 35   0.507703
21 36   0.507703
21 37   0.507703
21 38   0.507703
21 39   0.507703
21 40   0.507703
22 1   0.492365
22 2   0.492365
22 3   0.492365
22 4   0.492365
22 5   0.492365
22 6   0.492365
22 7   0.492365
22 8   0.492365
22 9   0.492365
22 10   0.492365
22 11   0.492365
22 12   0.492365
22 13   0.492365
22 14   0.492365
22 15   0.492365
22 16   0.492365
22 17   0.492365
22 18   0.492365
22 19   0.492365
22 20   0.492365
22 21   0.492365
22 22   0.492365
22 23   0.492365
22 24   0.492365
22 25   0.492365
22 26   0.492365
22 27   0.492365
22 28   0.492365
22 29   0.492365
22 30   0.492365
22 31   0.492365
22 32   0.492365
22 33   0.492365
22 34   0.492365
22 35   0.492365
22 36   0.492365
22 37   0.492365
22 38   0.492365
22 39   0.492365
22 40   0.492365
23 1   0.485173
23 2   0.485173
23 3   0.485173
23 4   0.485173
23 5   0.485173
23 6   0.485173
23 7   0.485173
23 8   0.485173
23 9   0.485173
23 10   0.485173
23 11   0.485173
23 12   0.485173
23 13   0.485173
23 14   0.485173
23 15   0.485173
23 16   0.485173
23 17   0.485173
23 18   0.485173
23 19   0.485173
23 20   0.485173
23 21   0.485173
23 22   0.485173
23 23   0.485173
23 24   0.485173
23 25   0.485173
23 26   0.485173
23 27   0.485173
23 28   0.485173
23 29   0.485173
23 30   0.485173
23 31   0.485173
23 32   0.485173
23 33   0.485173
23 34   0.485173
23 35   0.485173
23 36   0.485173
23 37   0.485173
23 38   0.485173
23 39   0.485173
23 40   0.485173
24 1   0.493831
24 2   0.493831
24 3   0.493831
24 4   0.493831
24 5   0.493831
24 6   0.493831
24 7   0.493831
24 8   0.493831
24 9   0.493831
24 10   0.493831
24 11   0.493831
24 12   0.493831
24 13   0.493831
24 14   0.493831
24 15   0.493831
24 16   0.493831
24 17   0.493831
24 18   0.493831
24 19   0.493831
24 20   0.493831
24 21   0.493831
24 22   0.493831
24 23   0.493831
24 24   0.493831
24 25   0.493831
24 26   0.493831
24 27   0.493831
24 28   0.493831
24 29   0.493831
24 30   0.493831
24 31   0.493831
24 32   0.493831
24 33   0.493831
24 34   0.493831
24 35   0.493831
24 36   0.493831
24 37   0.493831
24 38   0.493831
24 39   0.493831
24 40   0.493831
25 1   0.509482
25 2   0.509482
25 3   0.509482
25 4   0.509482
25 5   0.509482
25 6   0.509482
25 7   0.509482
25 8   0.509482
25 9   0.509482
25 10   0.509482
25 11   0.509482
25 12   0.509482
25 13   0.509482
25 14   0.509482
25 15   0.509482
25 16   0.509482
25 17   0.509482
25 18   0.509482
25 19   0.509482
25 20   0.509482
25 21   0.509482
25 22   0.509482
25 23   0.509482
25 24   0.509482
25 25   0.509482
25 26   0.509482
25 27   0.509482
25 28   0.509482
25 29   0.509482
25 30   0.509482
25 31   0.509482
25 32   0.509482
25 33   0.509482
25 34   0.509482
25 35   0.509482
25 36   0.509482
25 37   0.509482
25 38   0.509482
25 39   0.509482
25 40   0.509482
26 1   0.516126
26 2   0.516126
26 3   0.516126
26 4   0.516126
26 5   0.516126
26 6   0.516126
26 7   0.516126
26 8   0.516126
26 9   0.516126
26 10   0.516126
26 11   0.516126
26 12   0.516126
26 13   0.516126
26 14   0.516126
26 15   0.516126
26 16   0.516126
26 17   0.516126
26 18   0.516126
26 19   0.516126
26 20   0.516126
26 21   0.516126
26 22   0.516126
26 23   0.516126
26 24   0.516126
26 25   0.516126
26 26   0.516126
26 27   0.516126
26 28   0.516126
26 29   0.516126
26 30   0.516126
26 31   0.516126
26 32   0.516126
26 33   0.516126
26 34   0.516126
26 35   0.516126
26 36   0.516126
26 37   0.516126
26 38   0.516126
26 39   0.516126
26 40   0.516126
27 1   0.50668
27 2   0.50668
27 3   0.50668
27 4   0.50668
27 5   0.50668
27 6   0.50668
27 7   0.50668
27 8   0.50668
27 9   0.50668
27 10   0.50668
27 11   0.50668
27 12   0.50668
27 13   0.50668
27 14   0.50668
27 15   0.50668
27 16   0.50668
27 17   0.50668
27 18   0.50668
27 19   0.50668
27 20   0.50668
27 21   0.50668
27 22   0.50668
27 23   0.50668
27 24   0.50668
27 25   0.50668
27 26   0.50668
27 27   0.50668
27 28   0.50668
27 29   0.50668
27 30   0.50668
27 31   0.50668
27 32   0.50668
27 33   0.50668
27 34   0.50668
27 35   0.50668
27 36   0.50668
27 37   0.50668
27 38   0.50668
27 39   0.50668
27 40   0.50668
28 1   0.488724
28 2   0.488724
28 3   0.488724
28 4   0.488724
28 5   0.488724
28 6   0.488724
28 7   0.488724
28 8   0.488724
28 9   0.488724
28 10   0.488724
28 11   0.488724
28 12   0.488724
28 13   0.488724
28 14   0.488724
28 15   0.488724
28 16   0.488724
28 17   0.488724
28 18   0.488724
28 19   0.488724
28 20   0.488724
28 21   0.488724
28 22   0.488724
28 23   0.488724
28 24   0.488724
28 25   0.488724
28 26   0.488724
28 27   0.488724
28 28   0.488724
28 29   0.488724
28 30   0.488724
28 31   0.488724
28 32   0.488724
28 33   0.488724
28 34   0.488724
28 35   0.488724
28 36   0.488724
28 37   0.488724
28 38   0.488724
28 39   0.488724
28 40   0.488724
29 1   0.475802
29 2   0.475802
29 3   0.475802
29 4   0.475802
29 5   0.475802
29 6   0.475802
29 7   0.475802
29 8   0.475802
29 9   0.475802
29 10   0.475802
29 11   0.475802
29 12   0.475802
29 13   0.475802
29 14   0.475802
29 15   0.475802
29 16   0.475802
29 17   0.475802
29 18   0.475802
29 19   0.475802
29 20   0.475802
29 21   0.475802
29 22   0.475802
29 23   0.475802
29 24   0.475802
29 25   0.475802
29 26   0.475802
29 27   0.475802
29 28   0.475802
29 29   0.475802
29 30   0.475802
29 31   0.475802
29 32   0.475802
29 33   0.475802
29 34   0.475802
29 35   0.475802
29 36   0.475802
29 37   0.475802
29 38   0.475802
29 39   0.475802
29 40   0.475802
30 1   0.475473
30 2   0.475473
30 3   0.475473
30 4   0.475473
30 5   0.475473
30 6   0.475473
30 7   0.475473
30 8   0.475473
30 9   0.475473
30 10   0.475473
30 11   0.475473
30 12   0.475473
30 13   0.475473
30 14   0.475473
30 15   0.475473
30 16   0.475473
30 17   0.475473
30 18   0.475473
30 19   0.475473
30 20   0.475473
30 21   0.475473
30 22   0.475473
30 23   0.475473
30 24   0.475473
30 25   0.475473
30 26   0.475473
30 27   0.475473
30 28   0.475473
30 29   0.475473
30 30   0.475473
30 31   0.475473
30 32   0.475473
30 33   0.475473
30 34   0.475473
30 35   0.475473
30 36   0.475473
30 37   0.475473
30 38   0.475473
30 39   0.475473
30 40   0.475473
31 1   0.484954
31 2   0.484954
31 3   0.484954
31 4   0.484954
31 5   0.484954
31 6   0.484954
31 7   0.484954
31 8   0.484954
31 9   0.484954
31 10   0.484954
31 11   0.484954
31 12   0.484954
31 13   0.484954
31 14   0.484954
31 15   0.484954
31 16   0.484954
31 17   0.484954
31 18   0.484954
31 19   0.484954
31 20   0.484954
31 21   0.484954
31 22   0.484954
31 23   0.484954
31 24   0.484954
31 25   0.484954
31 26   0.484954
31 27   0.484954
31 28   0.484954
31 29   0.484954
31 30   0.484954
31 31   0.484954
31 32   0.484954
31 33   0.484954
31 34   0.484954
31 35   0.484954
31 36   0.484954
31 37   0.484954
31 38   0.484954
31 39   0.484954
31 40   0.484954
32 1   0.493757
32 2   0.493757
32 3   0.493757
32 4   0.493757
32 5   0.493757
32 6   0.493757
32 7   0.493757
32 8   0.493757
32 9   0.493757
32 10   0.493757
32 11   0.493757
32 12   0.493757
32 13   0.493757
32 14   0.493757
32 15   0.493757
32 16   0.493757
32 17   0.493757
32 18   0.493757
32 19   0.493757
32 20   0.493757
32 21   0.493757
32 22   0.493757
32 23   0.493757
32 24   0.493757
32 25   0.493757
32 26   0.493757
32 27   0.493757
32 28   0.493757
32 29   0.493757
32 30   0.493757
32 31   0.493757
32 32   0.493757
32 33   0.493757
32 34   0.493757
32 35   0.493757
32 36   0.493757
32 37   0.493757
32 38   0.493757
32 39   0.493757
32 40   0.493757
33 1   0.488622
33 2   0.488622
33 3   0.488622
33 4   0.488622
33 5   0.488622
33 6   0.488622
33 7   0.488622
33 8   0.488622
33 9   0.488622
33 10   0.488622
33 11   0.488622
33 12   0.488622
33 13   0.488622
33 14   0.488622
33 15   0.488622
33 16   0.488622
33 17   0.488622
33 18   0.488622
33 19   0.488622
33 20   0.488622
33 21   0.488622
33 22   0.488622
33 23   0.488622
33 24   0.488622
33 25   0.488622
33 26   0.488622
33 27   0.488622
33 28   0.488622
33 29   0.488622
33 30   0.488622
33 31   0.488622
33 32   0.488622
33 33   0.488622
33 34   0.488622
33 35   0.488622
33 36   0.488622
33 37   0.488622
33 38   0.488622
33 39   0.488622
33 40   0.488622
34 1   0.459105
34 2   0.459105
34 3   0.459105
34 4   0.459105
34 5   0.459105
34 6   0.459105
34 7   0.459105
34 8   0.459105
34 9   0.459105
34 10   0.459105
34 11   0.459105
34 12   0.459105
34 13   0.459105
34 14   0.459105
34 15   0.459105
34 16   0.459105
34 17   0.459105
34 18   0.459105
34 19   0.459105
34 20   0.459105
34 21   0.459105
34 22   0.459105
34 23   0.459105
34 24   0.459105
34 25   0.459105
34 26   0.459105
34 27   0.459105
34 28   0.459105
34 29   0.459105
34 30   0.459105
34 31   0.459105
34 32   0.459105
34 33   0.459105
34 34   0.459105
34 35   0.459105
34 36   0.459105
34 37   0.459105
34 38   0.459105
34 39   0.459105
34 40   0.459105
35 1   0.401144
35 2   0.401144
35 3   0.401144
35 4   0.401144
35 5   0.401144
35 6   0.401144
35 7   0.401144
35 8   0.401144
35 9   0.401144
35 10   0.401144
35 11   0.401144
35 12   0.401144
35 13   0.401144
35 14   0.401144
35 15   0.401144
35 16   0.401144
35 17   0.401144
35 18   0.401144
35 19   0.401144
35 20   0.401144
35 21   0.401144
35 22   0.401144
35 23   0.401144
35 24   0.401144
35 25   0.401144
35 26   0.401144
35 27   0.401144
35 28   0.401144
35 29   0.401144
35 30   0.401144
35 31   0.401144
35 32   0.401144
35 33   0.401144
35 34   0.401144
35 35   0.401144
35 36   0.401144
35 37   0.401144
35 38   0.401144
35 39   0.401144
35 40   0.401144
36 1   0.318601
36 2   0.318601
36 3   0.318601
36 4   0.318601
36 5   0.318601
36 6   0.318601
36 7   0.318601
36 8   0.318601
36 9   0.318601
36 10   0.318601
36 11   0.318601
36 12   0.318601
36 13   0.318601
36 14   0.318601
36 15   0.318601
36 16   0.318601
36 17   0.318601
36 18   0.318601
36 19   0.318601
36 20   0.318601
36 21   0.318601
36 22   0.318601
36 23   0.318601
36 24   0.318601
36 25   0.318601
36 26   0.318601
36 27   0.318601
36 28   0.318601
36 29   0.318601
36 30   0.318601
36 31   0.318601
36 32   0.318601
36 33   0.318601
36 34   0.318601
36 35   0.318601
36 36   0.318601
36 37   0.318601
36 38   0.318601
36 39   0.318601
36 40   0.318601
37 1   0.22413
37 2   0.22413
37 3   0.22413
37 4   0.22413
37 5   0.22413
37 6   0.22413
37 7   0.22413
37 8   0.22413
37 9   0.22413
37 10   0.22413
37 11   0.22413
37 12   0.22413
37 13   0.22413
37 14   0.22413
37 15   0.22413
37 16   0.22413
37 17   0.22413
37 18   0.22413
37 19   0.22413
37 20   0.22413
37 21   0.22413
37 22   0.22413
37 23   0.22413
37 24   0.22413
37 25   0.22413
37 26   0.22413
37 27   0.22413
37 28   0.22413
37 29   0.22413
37 30   0.22413
37 31   0.22413
37 32   0.22413
37 33   0.22413
37 34   0.22413
37 35   0.22413
37 36   0.22413
37 37   0.22413
37 38   0.22413
37 39   0.22413
37 40   0.22413
38 1   0.136454
38 2   0.136454
38 3   0.136454
38 4   0.136454
38 5   0.136454
38 6   0.136454
38 7   0.136454
38 8   0.136454
38 9   0.136454
38 10   0.136454
38 11   0.136454
38 12   0.136454
38 13   0.136454
38 14   0.136454
38 15   0.136454
38 16   0.136454
38 17   0.136454
38 18   0.136454
38 19   0.136454
38 20   0.136454
38 21   0.136454
38 22   0.136454
38 23   0.136454
38 24   0.136454
38 25   0.136454
38 26   0.136454
38 27   0.136454
38 28   0.136454
38 29   0.136454
38 30   0.136454
38 31   0.136454
38 32   0.136454
38 33   0.136454
38 34   0.136454
38 35   0.136454
38 36   0.136454
38 37   0.136454
38 38   0.136454
38 39   0.136454
38 40   0.136454
39 1   0.072423
39 2   0.072423
39 3   0.072423
39 4   0.072423
39 5   0.072423
39 6   0.072423
39 7   0.072423
39 8   0.072423
39 9   0.072423
39 10   0.072423
39 11   0.072423
39 12   0.072423
39 13   0.072423
39 14   0.072423
39 15   0.072423
39 16   0.072423
39 17   0.072423
39 18   0.072423
39 19   0.072423
39 20   0.072423
39 21   0.072423
39 22   0.072423
39 23   0.072423
39 24   0.072423
39 25   0.072423
39 26   0.072423
39 27   0.072423
39 28   0.072423
39 29   0.072423
39 30   0.072423
39 31   0.072423
39 32   0.072423
39 33   0.072423
39 34   0.072423
39 35   0.072423
39 36   0.072423
39 37   0.072423
39 38   0.072423
39 39   0.072423
39 40   0.072423
40 1   0.0400431
40 2   0.0400431
40 3   0.0400431
40 4   0.0400431
40 5   0.0400431
40 6   0.0400431
40 7   0.0400431
40 8   0.0400431
40 9   0.0400431
40 10   0.0400431
40 11   0.0400431
40 12   0.0400431
40 13   0.0400431
40 14   0.0400431
40 15   0.0400431
40 16   0.0400431
40 17   0.0400431
40 18   0.0400431
40 19   0.0400431
40 20   0.0400431
40 21   0.0400431
40 22   0.0400431
40 23   0.0400431
40 24   0.0400431
40 25   0.0400431
40 26   0.0400431
40 27   0.0400431
40 28   0.0400431
40 29   0.0400431
40 30   0.0400431
40 31   0.0400431
40 32   0.0400431
40 33   0.0400431
40 34   0.0400431
40 35   0.0400431
40 36   0.0400431
40 37   0.0400431
40 38   0.0400431
40 39   0.0400431
40 40   0.0400431
