1 1   1.10314
1 2   1.10314
1 3   1.10314
1 4   1.10314
1 5   1.10314
1 6   1.10314
1 7   1.10314
1 8   1.10314
1 9   1.10314
1 10   1.10314
1 11   1.10314
1 12   1.10314
1 13   1.10314
1 14   1.10314
1 15   1.10314
1 16   1.10314
1 17   1.10314
1 18   1.10314
1 19   1.10314
1 20   1.10314
1 21   1.10314
1 22   1.10314
1 23   1.10314
1 24   1.10314
1 25   1.10314
1 26   1.10314
1 27   1.10314
1 28   1.10314
1 29   1.10314
1 30   1.10314
1 31   1.10314
1 32   1.10314
1 33   1.10314
1 34   1.10314
1 35   1.10314
1 36   1.10314
1 37   1.10314
1 38   1.10314
1 39   1.10314
1 40   1.10314
2 1   1.07467
2 2   1.07467
2 3   1.07467
2 4   1.07467
2 5   1.07467
2 6   1.07467
2 7   1.07467
2 8   1.07467
2 9   1.07467
2 10   1.07467
2 11   1.07467
2 12   1.07467
2 13   1.07467
2 14   1.07467
2 15   1.07467
2 16   1.07467
2 17   1.07467
2 18   1.07467
2 19   1.07467
2 20   1.07467
2 21   1.07467
2 22   1.07467
2 23   1.07467
2 24   1.07467
2 25   1.07467
2 26   1.07467
2 27   1.07467
2 28   1.07467
2 29   1.07467
2 30   1.07467
2 31   1.07467
2 32   1.07467
2 33   1.07467
2 34   1.07467
2 35   1.07467
2 36   1.07467
2 37   1.07467
2 38   1.07467
2 39   1.07467
2 40   1.07467
3 1   1.02418
3 2   1.02418
3 3   1.02418
3 4   1.02418
3 5   1.02418
3 6   1.02418
3 7   1.02418
3 8   1.02418
3 9   1.02418
3 10   1.02418
3 11   1.02418
3 12   1.02418
3 13   1.02418
3 14   1.02418
3 15   1.02418
3 16   1.02418
3 17   1.02418
3 18   1.02418
3 19   1.02418
3 20   1.02418
3 21   1.02418
3 22   1.02418
3 23   1.02418
3 24   1.02418
3 25   1.02418
3 26   1.02418
3 27   1.02418
3 28   1.02418
3 29   1.02418
3 30   1.02418
3 31   1.02418
3 32   1.02418
3 33   1.02418
3 34   1.02418
3 35   1.02418
3 36   1.02418
3 37   1.02418
3 38   1.02418
3 39   1.02418
3 40   1.02418
4 1   0.963733
4 2   0.963733
4 3   0.963733
4 4   0.963733
4 5   0.963733
4 6   0.963733
4 7   0.963733
4 8   0.963733
4 9   0.963733
4 10   0.963733
4 11   0.963733
4 12   0.963733
4 13   0.963733
4 14   0.963733
4 15   0.963733
4 16   0.963733
4 17   0.963733
4 18   0.963733
4 19   0.963733
4 20   0.963733
4 21   0.963733
4 22   0.963733
4 23   0.963733
4 24   0.963733
4 25   0.963733
4 26   0.963733
4 27   0.963733
4 28   0.963733
4 29   0.963733
4 30   0.963733
4 31   0.963733
4 32   0.963733
4 33   0.963733
4 34   0.963733
4 35   0.963733
4 36   0.963733
4 37   0.963733
4 38   0.963733
4 39   0.963733
4 40   0.963733
5 1   0.904206
5 2   0.904206
5 3   0.904206
5 4   0.904206
5 5   0.904206
5 6   0.904206
5 7   0.904206
5 8   0.904206
5 9   0.904206
5 10   0.904206
5 11   0.904206
5 12   0.904206
5 13   0.904206
5 14   0.904206
5 15   0.904206
5 16   0.904206
5 17   0.904206
5 18   0.904206
5 19   0.904206
5 20   0.904206
5 21   0.904206
5 22   0.904206
5 23   0.904206
5 24   0.904206
5 25   0.904206
5 26   0.904206
5 27   0.904206
5 28   0.904206
5 29   0.904206
5 30   0.904206
5 31   0.904206
5 32   0.904206
5 33   0.904206
5 34   0.904206
5 35   0.904206
5 36   0.904206
5 37   0.904206
5 38   0.904206
5 39   0.904206
5 40   0.904206
6 1   0.847134
6 2   0.847134
6 3   0.847134
6 4   0.847134
6 5   0.847134
6 6   0.847134
6 7   0.847134
6 8   0.847134
6 9   0.847134
6 10   0.847134
6 11   0.847134
6 12   0.847134
6 13   0.847134
6 14   0.847134
6 15   0.847134
6 16   0.847134
6 17   0.847134
6 18   0.847134
6 19   0.847134
6 20   0.847134
6 21   0.847134
6 22   0.847134
6 23   0.847134
6 24   0.847134
6 25   0.847134
6 26   0.847134
6 27   0.847134
6 28   0.847134
6 29   0.847134
6 30   0.847134
6 31   0.847134
6 32   0.847134
6 33   0.847134
6 34   0.847134
6 35   0.847134
6 36   0.847134
6 37   0.847134
6 38   0.847134
6 39   0.847134
6 40   0.847134
7 1   0.786707
7 2   0.786707
7 3   0.786707
7 4   0.786707
7 5   0.786707
7 6   0.786707
7 7   0.786707
7 8   0.786707
7 9   0.786707
7 10   0.786707
7 11   0.786707
7 12   0.786707
7 13   0.786707
7 14   0.786707
7 15   0.786707
7 16   0.786707
7 17   0.786707
7 18   0.786707
7 19   0.786707
7 20   0.786707
7 21   0.786707
7 22   0.786707
7 23   0.786707
7 24   0.786707
7 25   0.786707
7 26   0.786707
7 27   0.786707
7 28   0.786707
7 29   0.786707
7 30   0.786707
7 31   0.786707
7 32   0.786707
7 33   0.786707
7 34   0.786707
7 35   0.786707
7 36   0.786707
7 37   0.786707
7 38   0.786707
7 39   0.786707
7 40   0.786707
8 1   0.720116
8 2   0.720116
8 3   0.720116
8 4   0.720116
8 5   0.720116
8 6   0.720116
8 7   0.720116
8 8   0.720116
8 9   0.720116
8 10   0.720116
8 11   0.720116
8 12   0.720116
8 13   0.720116
8 14   0.720116
8 15   0.720116
8 16   0.720116
8 17   0.720116
8 18   0.720116
8 19   0.720116
8 20   0.720116
8 21   0.720116
8 22   0.720116
8 23   0.720116
8 24   0.720116
8 25   0.720116
8 26   0.720116
8 27   0.720116
8 28   0.720116
8 29   0.720116
8 30   0.720116
8 31   0.720116
8 32   0.720116
8 33   0.720116
8 34   0.720116
8 35   0.720116
8 36   0.720116
8 37   0.720116
8 38   0.720116
8 39   0.720116
8 40   0.720116
9 1   0.652808
9 2   0.652808
9 3   0.652808
9 4   0.652808
9 5   0.652808
9 6   0.652808
9 7   0.652808
9 8   0.652808
9 9   0.652808
9 10   0.652808
9 11   0.652808
9 12   0.652808
9 13   0.652808
9 14   0.652808
9 15   0.652808
9 16   0.652808
9 17   0.652808
9 18   0.652808
9 19   0.652808
9 20   0.652808
9 21   0.652808
9 22   0.652808
9 23   0.652808
9 24   0.652808
9 25   0.652808
9 26   0.652808
9 27   0.652808
9 28   0.652808
9 29   0.652808
9 30   0.652808
9 31   0.652808
9 32   0.652808
9 33   0.652808
9 34   0.652808
9 35   0.652808
9 36   0.652808
9 37   0.652808
9 38   0.652808
9 39   0.652808
9 40   0.652808
10 1   0.594226
10 2   0.594226
10 3   0.594226
10 4   0.594226
10 5   0.594226
10 6   0.594226
10 7   0.594226
10 8   0.594226
10 9   0.594226
10 10   0.594226
10 11   0.594226
10 12   0.594226
10 13   0.594226
10 14   0.594226
10 15   0.594226
10 16   0.594226
10 17   0.594226
10 18   0.594226
10 19   0.594226
10 20   0.594226
10 21   0.594226
10 22   0.594226
10 23   0.594226
10 24   0.594226
10 25   0.594226
10 26   0.594226
10 27   0.594226
10 28   0.594226
10 29   0.594226
10 30   0.594226
10 31   0.594226
10 32   0.594226
10 33   0.594226
10 34   0.594226
10 35   0.594226
10 36   0.594226
10 37   0.594226
10 38   0.594226
10 39   0.594226
10 40   0.594226
11 1   0.551774
11 2   0.551774
11 3   0.551774
11 4   0.551774
11 5   0.551774
11 6   0.551774
11 7   0.551774
11 8   0.551774
11 9   0.551774
11 10   0.551774
11 11   0.551774
11 12   0.551774
11 13   0.551774
11 14   0.551774
11 15   0.551774
11 16   0.551774
11 17   0.551774
11 18   0.551774
11 19   0.551774
11 20   0.551774
11 21   0.551774
11 22   0.551774
11 23   0.551774
11 24   0.551774
11 25   0.551774
11 26   0.551774
11 27   0.551774
11 28   0.551774
11 29   0.551774
11 30   0.551774
11 31   0.551774
11 32   0.551774
11 33   0.551774
11 34   0.551774
11 35   0.551774
11 36   0.551774
11 37   0.551774
11 38   0.551774
11 39   0.551774
11 40   0.551774
12 1   0.528485
12 2   0.528485
12 3   0.528485
12 4   0.528485
12 5   0.528485
12 6   0.528485
12 7   0.528485
12 8   0.528485
12 9   0.528485
12 10   0.528485
12 11   0.528485
12 12   0.528485
12 13   0.528485
12 14   0.528485
12 15   0.528485
12 16   0.528485
12 17   0.528485
12 18   0.528485
12 19   0.528485
12 20   0.528485
12 21   0.528485
12 22   0.528485
12 23   0.528485
12 24   0.528485
12 25   0.528485
12 26   0.528485
12 27   0.528485
12 28   0.528485
12 29   0.528485
12 30   0.528485
12 31   0.528485
12 32   0.528485
12 33   0.528485
12 34   0.528485
12 35   0.528485
12 36   0.528485
12 37   0.528485
12 38   0.528485
12 39   0.528485
12 40   0.528485
13 1   0.521442
13 2   0.521442
13 3   0.521442
13 4   0.521442
13 5   0.521442
13 6   0.521442
13 7   0.521442
13 8   0.521442
13 9   0.521442
13 10   0.521442
13 11   0.521442
13 12   0.521442
13 13   0.521442
13 14   0.521442
13 15   0.521442
13 16   0.521442
13 17   0.521442
13 18   0.521442
13 19   0.521442
13 20   0.521442
13 21   0.521442
13 22   0.521442
13 23   0.521442
13 24   0.521442
13 25   0.521442
13 26   0.521442
13 27   0.521442
13 28   0.521442
13 29   0.521442
13 30   0.521442
13 31   0.521442
13 32   0.521442
13 33   0.521442
13 34   0.521442
13 35   0.521442
13 36   0.521442
13 37   0.521442
13 38   0.521442
13 39   0.521442
13 40   0.521442
14 1   0.52104
14 2   0.52104
14 3   0.52104
14 4   0.52104
14 5   0.52104
14 6   0.52104
14 7   0.52104
14 8   0.52104
14 9   0.52104
14 10   0.52104
14 11   0.52104
14 12   0.52104
14 13   0.52104
14 14   0.52104
14 15   0.52104
14 16   0.52104
14 17   0.52104
14 18   0.52104
14 19   0.52104
14 20   0.52104
14 21   0.52104
14 22   0.52104
14 23   0.52104
14 24   0.52104
14 25   0.52104
14 26   0.52104
14 27   0.52104
14 28   0.52104
14 29   0.52104
14 30   0.52104
14 31   0.52104
14 32   0.52104
14 33   0.52104
14 34   0.52104
14 35   0.52104
14 36   0.52104
14 37   0.52104
14 38   0.52104
14 39   0.52104
14 40   0.52104
15 1   0.516497
15 2   0.516497
15 3   0.516497
15 4   0.516497
15 5   0.516497
15 6   0.516497
15 7   0.516497
15 8   0.516497
15 9   0.516497
15 10   0.516497
15 11   0.516497
15 12   0.516497
15 13   0.516497
15 14   0.516497
15 15   0.516497
15 16   0.516497
15 17   0.516497
15 18   0.516497
15 19   0.516497
15 20   0.516497
15 21   0.516497
15 22   0.516497
15 23   0.516497
15 24   0.516497
15 25   0.516497
15 26   0.516497
15 27   0.516497
15 28   0.516497
15 29   0.516497
15 30   0.516497
15 31   0.516497
15 32   0.516497
15 33   0.516497
15 34   0.516497
15 35   0.516497
15 36   0.516497
15 37   0.516497
15 38   0.516497
15 39   0.516497
15 40   0.516497
16 1   0.505199
16 2   0.505199
16 3   0.505199
16 4   0.505199
16 5   0.505199
16 6   0.505199
16 7   0.505199
16 8   0.505199
16 9   0.505199
16 10   0.505199
16 11   0.505199
16 12   0.505199
16 13   0.505199
16 14   0.505199
16 15   0.505199
16 16   0.505199
16 17   0.505199
16 18   0.505199
16 19   0.505199
16 20   0.505199
16 21   0.505199
16 22   0.505199
16 23   0.505199
16 24   0.505199
16 25   0.505199
16 26   0.505199
16 27   0.505199
16 28   0.505199
16 29   0.505199
16 30   0.505199
16 31   0.505199
16 32   0.505199
16 33   0.505199
16 34   0.505199
16 35   0.505199
16 36   0.505199
16 37   0.505199
16 38   0.505199
16 39   0.505199
16 40   0.505199
17 1   0.494819
17 2   0.494819
17 3   0.494819
17 4   0.494819
17 5   0.494819
17 6   0.494819
17 7   0.494819
17 8   0.494819
17 9   0.494819
17 10   0.494819
17 11   0.494819
17 12   0.494819
17 13   0.494819
17 14   0.494819
17 15   0.494819
17 16   0.494819
17 17   0.494819
17 18   0.494819
17 19   0.494819
17 20   0.494819
17 21   0.494819
17 22   0.494819
17 23   0.494819
17 24   0.494819
17 25   0.494819
17 26   0.494819
17 27   0.494819
17 28   0.494819
17 29   0.494819
17 30   0.494819
17 31   0.494819
17 32   0.494819
17 33   0.494819
17 34   0.494819
17 35   0.494819
17 36   0.494819
17 37   0.494819
17 38   0.494819
17 39   0.494819
17 40   0.494819
18 1   0.49408
18 2   0.49408
18 3   0.49408
18 4   0.49408
18 5   0.49408
18 6   0.49408
18 7   0.49408
18 8   0.49408
18 9   0.49408
18 10   0.49408
18 11   0.49408
18 12   0.49408
18 13   0.49408
18 14   0.49408
18 15   0.49408
18 16   0.49408
18 17   0.49408
18 18   0.49408
18 19   0.49408
18 20   0.49408
18 21   0.49408
18 22   0.49408
18 23   0.49408
18 24   0.49408
18 25   0.49408
18 26   0.49408
18 27   0.49408
18 28   0.49408
18 29   0.49408
18 30   0.49408
18 31   0.49408
18 32   0.49408
18 33   0.49408
18 34   0.49408
18 35   0.49408
18 36   0.49408
18 37   0.49408
18 38   0.49408
18 39   0.49408
18 40   0.49408
19 1   0.501693
19 2   0.501693
19 3   0.501693
19 4   0.501693
19 5   0.501693
19 6   0.501693
19 7   0.501693
19 8   0.501693
19 9   0.501693
19 10   0.501693
19 11   0.501693
19 12   0.501693
19 13   0.501693
19 14   0.501693
19 15   0.501693
19 16   0.501693
19 17   0.501693
19 18   0.501693
19 19   0.501693
19 20   0.501693
19 21   0.501693
19 22   0.501693
19 23   0.501693
19 24   0.501693
19 25   0.501693
19 26   0.501693
19 27   0.501693
19 28   0.501693
19 29   0.501693
19 30   0.501693
19 31   0.501693
19 32   0.501693
19 33   0.501693
19 34   0.501693
19 35   0.501693
19 36   0.501693
19 37   0.501693
19 38   0.501693
19 39   0.501693
19 40   0.501693
20 1   0.507233
20 2   0.507233
20 3   0.507233
20 4   0.507233
20 5   0.507233
20 6   0.507233
20 7   0.507233
20 8   0.507233
20 9   0.507233
20 10   0.507233
20 11   0.507233
20 12   0.507233
20 13   0.507233
20 14   0.507233
20 15   0.507233
20 16   0.507233
20 17   0.507233
20 18   0.507233
20 19   0.507233
20 20   0.507233
20 21   0.507233
20 22   0.507233
20 23   0.507233
20 24   0.507233
20 25   0.507233
20 26   0.507233
20 27   0.507233
20 28   0.507233
20 29   0.507233
20 30   0.507233
20 31   0.507233
20 32   0.507233
20 33   0.507233
20 34   0.507233
20 35   0.507233
20 36   0.507233
20 37   0.507233
20 38   0.507233
20 39   0.507233
20 40   0.507233
21 1   0.503337
21 2   0.503337
21 3   0.503337
21 4   0.503337
21 5   0.503337
21 6   0.503337
21 7   0.503337
21 8   0.503337
21 9   0.503337
21 10   0.503337
21 11   0.503337
21 12   0.503337
21 13   0.503337
21 14   0.503337
21 15   0.503337
21 16   0.503337
21 17   0.503337
21 18   0.503337
21 19   0.503337
21 20   0.503337
21 21   0.503337
21 22   0.503337
21 23   0.503337
21 24   0.503337
21 25   0.503337
21 26   0.503337
21 27   0.503337
21 28   0.503337
21 29   0.503337
21 30   0.503337
21 31   0.503337
21 32   0.503337
21 33   0.503337
21 34   0.503337
21 35   0.503337
21 36   0.503337
21 37   0.503337
21 38   0.503337
21 39   0.503337
21 40   0.503337
22 1   0.493839
22 2   0.493839
22 3   0.493839
22 4   0.493839
22 5   0.493839
22 6   0.493839
22 7   0.493839
22 8   0.493839
22 9   0.493839
22 10   0.493839
22 11   0.493839
22 12   0.493839
22 13   0.493839
22 14   0.493839
22 15   0.493839
22 16   0.493839
22 17   0.493839
22 18   0.493839
22 19   0.493839
22 20   0.493839
22 21   0.493839
22 22   0.493839
22 23   0.493839
22 24   0.493839
22 25   0.493839
22 26   0.493839
22 27   0.493839
22 28   0.493839
22 29   0.493839
22 30   0.493839
22 31   0.493839
22 32   0.493839
22 33   0.493839
22 34   0.493839
22 35   0.493839
22 36   0.493839
22 37   0.493839
22 38   0.493839
22 39   0.493839
22 40   0.493839
23 1   0.488586
23 2   0.488586
23 3   0.488586
23 4   0.488586
23 5   0.488586
23 6   0.488586
23 7   0.488586
23 8   0.488586
23 9   0.488586
23 10   0.488586
23 11   0.488586
23 12   0.488586
23 13   0.488586
23 14   0.488586
23 15   0.488586
23 16   0.488586
23 17   0.488586
23 18   0.488586
23 19   0.488586
23 20   0.488586
23 21   0.488586
23 22   0.488586
23 23   0.488586
23 24   0.488586
23 25   0.488586
23 26   0.488586
23 27   0.488586
23 28   0.488586
23 29   0.488586
23 30   0.488586
23 31   0.488586
23 32   0.488586
23 33   0.488586
23 34   0.488586
23 35   0.488586
23 36   0.488586
23 37   0.488586
23 38   0.488586
23 39   0.488586
23 40   0.488586
24 1   0.491221
24 2   0.491221
24 3   0.491221
24 4   0.491221
24 5   0.491221
24 6   0.491221
24 7   0.491221
24 8   0.491221
24 9   0.491221
24 10   0.491221
24 11   0.491221
24 12   0.491221
24 13   0.491221
24 14   0.491221
24 15   0.491221
24 16   0.491221
24 17   0.491221
24 18   0.491221
24 19   0.491221
24 20   0.491221
24 21   0.491221
24 22   0.491221
24 23   0.491221
24 24   0.491221
24 25   0.491221
24 26   0.491221
24 27   0.491221
24 28   0.491221
24 29   0.491221
24 30   0.491221
24 31   0.491221
24 32   0.491221
24 33   0.491221
24 34   0.491221
24 35   0.491221
24 36   0.491221
24 37   0.491221
24 38   0.491221
24 39   0.491221
24 40   0.491221
25 1   0.493606
25 2   0.493606
25 3   0.493606
25 4   0.493606
25 5   0.493606
25 6   0.493606
25 7   0.493606
25 8   0.493606
25 9   0.493606
25 10   0.493606
25 11   0.493606
25 12   0.493606
25 13   0.493606
25 14   0.493606
25 15   0.493606
25 16   0.493606
25 17   0.493606
25 18   0.493606
25 19   0.493606
25 20   0.493606
25 21   0.493606
25 22   0.493606
25 23   0.493606
25 24   0.493606
25 25   0.493606
25 26   0.493606
25 27   0.493606
25 28   0.493606
25 29   0.493606
25 30   0.493606
25 31   0.493606
25 32   0.493606
25 33   0.493606
25 34   0.493606
25 35   0.493606
25 36   0.493606
25 37   0.493606
25 38   0.493606
25 39   0.493606
25 40   0.493606
26 1   0.484116
26 2   0.484116
26 3   0.484116
26 4   0.484116
26 5   0.484116
26 6   0.484116
26 7   0.484116
26 8   0.484116
26 9   0.484116
26 10   0.484116
26 11   0.484116
26 12   0.484116
26 13   0.484116
26 14   0.484116
26 15   0.484116
26 16   0.484116
26 17   0.484116
26 18   0.484116
26 19   0.484116
26 20   0.484116
26 21   0.484116
26 22   0.484116
26 23   0.484116
26 24   0.484116
26 25   0.484116
26 26   0.484116
26 27   0.484116
26 28   0.484116
26 29   0.484116
26 30   0.484116
26 31   0.484116
26 32   0.484116
26 33   0.484116
26 34   0.484116
26 35   0.484116
26 36   0.484116
26 37   0.484116
26 38   0.484116
26 39   0.484116
26 40   0.484116
27 1   0.460054
27 2   0.460054
27 3   0.460054
27 4   0.460054
27 5   0.460054
27 6   0.460054
27 7   0.460054
27 8   0.460054
27 9   0.460054
27 10   0.460054
27 11   0.460054
27 12   0.460054
27 13   0.460054
27 14   0.460054
27 15   0.460054
27 16   0.460054
27 17   0.460054
27 18   0.460054
27 19   0.460054
27 20   0.460054
27 21   0.460054
27 22   0.460054
27 23   0.460054
27 24   0.460054
27 25   0.460054
27 26   0.460054
27 27   0.460054
27 28   0.460054
27 29   0.460054
27 30   0.460054
27 31   0.460054
27 32   0.460054
27 33   0.460054
27 34   0.460054
27 35   0.460054
27 36   0.460054
27 37   0.460054
27 38   0.460054
27 39   0.460054
27 40   0.460054
28 1   0.428611
28 2   0.428611
28 3   0.428611
28 4   0.428611
28 5   0.428611
28 6   0.428611
28 7   0.428611
28 8   0.428611
28 9   0.428611
28 10   0.428611
28 11   0.428611
28 12   0.428611
28 13   0.428611
28 14   0.428611
28 15   0.428611
28 16   0.428611
28 17   0.428611
28 18   0.428611
28 19   0.428611
28 20   0.428611
28 21   0.428611
28 22   0.428611
28 23   0.428611
28 24   0.428611
28 25   0.428611
28 26   0.428611
28 27   0.428611
28 28   0.428611
28 29   0.428611
28 30   0.428611
28 31   0.428611
28 32   0.428611
28 33   0.428611
28 34   0.428611
28 35   0.428611
28 36   0.428611
28 37   0.428611
28 38   0.428611
28 39   0.428611
28 40   0.428611
29 1   0.396138
29 2   0.396138
29 3   0.396138
29 4   0.396138
29 5   0.396138
29 6   0.396138
29 7   0.396138
29 8   0.396138
29 9   0.396138
29 10   0.396138
29 11   0.396138
29 12   0.396138
29 13   0.396138
29 14   0.396138
29 15   0.396138
29 16   0.396138
29 17   0.396138
29 18   0.396138
29 19   0.396138
29 20   0.396138
29 21   0.396138
29 22   0.396138
29 23   0.396138
29 24   0.396138
29 25   0.396138
29 26   0.396138
29 27   0.396138
29 28   0.396138
29 29   0.396138
29 30   0.396138
29 31   0.396138
29 32   0.396138
29 33   0.396138
29 34   0.396138
29 35   0.396138
29 36   0.396138
29 37   0.396138
29 38   0.396138
29 39   0.396138
29 40   0.396138
30 1   0.359416
30 2   0.359416
30 3   0.359416
30 4   0.359416
30 5   0.359416
30 6   0.359416
30 7   0.359416
30 8   0.359416
30 9   0.359416
30 10   0.359416
30 11   0.359416
30 12   0.359416
30 13   0.359416
30 14   0.359416
30 15   0.359416
30 16   0.359416
30 17   0.359416
30 18   0.359416
30 19   0.359416
30 20   0.359416
30 21   0.359416
30 22   0.359416
30 23   0.359416
30 24   0.359416
30 25   0.359416
30 26   0.359416
30 27   0.359416
30 28   0.359416
30 29   0.359416
30 30   0.359416
30 31   0.359416
30 32   0.359416
30 33   0.359416
30 34   0.359416
30 35   0.359416
30 36   0.359416
30 37   0.359416
30 38   0.359416
30 39   0.359416
30 40   0.359416
31 1   0.308659
31 2   0.308659
31 3   0.308659
31 4   0.308659
31 5   0.308659
31 6   0.308659
31 7   0.308659
31 8   0.308659
31 9   0.308659
31 10   0.308659
31 11   0.308659
31 12   0.308659
31 13   0.308659
31 14   0.308659
31 15   0.308659
31 16   0.308659
31 17   0.308659
31 18   0.308659
31 19   0.308659
31 20   0.308659
31 21   0.308659
31 22   0.308659
31 23   0.308659
31 24   0.308659
31 25   0.308659
31 26   0.308659
31 27   0.308659
31 28   0.308659
31 29   0.308659
31 30   0.308659
31 31   0.308659
31 32   0.308659
31 33   0.308659
31 34   0.308659
31 35   0.308659
31 36   0.308659
31 37   0.308659
31 38   0.308659
31 39   0.308659
31 40   0.308659
32 1   0.237991
32 2   0.237991
32 3   0.237991
32 4   0.237991
32 5   0.237991
32 6   0.237991
32 7   0.237991
32 8   0.237991
32 9   0.237991
32 10   0.237991
32 11   0.237991
32 12   0.237991
32 13   0.237991
32 14   0.237991
32 15   0.237991
32 16   0.237991
32 17   0.237991
32 18   0.237991
32 19   0.237991
32 20   0.237991
32 21   0.237991
32 22   0.237991
32 23   0.237991
32 24   0.237991
32 25   0.237991
32 26   0.237991
32 27   0.237991
32 28   0.237991
32 29   0.237991
32 30   0.237991
32 31   0.237991
32 32   0.237991
32 33   0.237991
32 34   0.237991
32 35   0.237991
32 36   0.237991
32 37   0.237991
32 38   0.237991
32 39   0.237991
32 40   0.237991
33 1   0.151357
33 2   0.151357
33 3   0.151357
33 4   0.151357
33 5   0.151357
33 6   0.151357
33 7   0.151357
33 8   0.151357
33 9   0.151357
33 10   0.151357
33 11   0.151357
33 12   0.151357
33 13   0.151357
33 14   0.151357
33 15   0.151357
33 16   0.151357
33 17   0.151357
33 18   0.151357
33 19   0.151357
33 20   0.151357
33 21   0.151357
33 22   0.151357
33 23   0.151357
33 24   0.151357
33 25   0.151357
33 26   0.151357
33 27   0.151357
33 28   0.151357
33 29   0.151357
33 30   0.151357
33 31   0.151357
33 32   0.151357
33 33   0.151357
33 34   0.151357
33 35   0.151357
33 36   0.151357
33 37   0.151357
33 38   0.151357
33 39   0.151357
33 40   0.151357
34 1   0.0608764
34 2   0.0608764
34 3   0.0608764
34 4   0.0608764
34 5   0.0608764
34 6   0.0608764
34 7   0.0608764
34 8   0.0608764
34 9   0.0608764
34 10   0.0608764
34 11   0.0608764
34 12   0.0608764
34 13   0.0608764
34 14   0.0608764
34 15   0.0608764
34 16   0.0608764
34 17   0.0608764
34 18   0.0608764
34 19   0.0608764
34 20   0.0608764
34 21   0.0608764
34 22   0.0608764
34 23   0.0608764
34 24   0.0608764
34 25   0.0608764
34 26   0.0608764
34 27   0.0608764
34 28   0.0608764
34 29   0.0608764
34 30   0.0608764
34 31   0.0608764
34 32   0.0608764
34 33   0.0608764
34 34   0.0608764
34 35   0.0608764
34 36   0.0608764
34 37   0.0608764
34 38   0.0608764
34 39   0.0608764
34 40   0.0608764
35 1   -0.0159752
35 2   -0.0159752
35 3   -0.0159752
35 4   -0.0159752
35 5   -0.0159752
35 6   -0.0159752
35 7   -0.0159752
35 8   -0.0159752
35 9   -0.0159752
35 10   -0.0159752
35 11   -0.0159752
35 12   -0.0159752
35 13   -0.0159752
35 14   -0.0159752
35 15   -0.0159752
35 16   -0.0159752
35 17   -0.0159752
35 18   -0.0159752
35 19   -0.0159752
35 20   -0.0159752
35 21   -0.0159752
35 22   -0.0159752
35 23   -0.0159752
35 24   -0.0159752
35 25   -0.0159752
35 26   -0.0159752
35 27   -0.0159752
35 28   -0.0159752
35 29   -0.0159752
35 30   -0.0159752
35 31   -0.0159752
35 32   -0.0159752
35 33   -0.0159752
35 34   -0.0159752
35 35   -0.0159752
35 36   -0.0159752
35 37   -0.0159752
35 38   -0.0159752
35 39   -0.0159752
35 40   -0.0159752
36 1   -0.0609226
36 2   -0.0609226
36 3   -0.0609226
36 4   -0.0609226
36 5   -0.0609226
36 6   -0.0609226
36 7   -0.0609226
36 8   -0.0609226
36 9   -0.0609226
36 10   -0.0609226
36 11   -0.0609226
36 12   -0.0609226
36 13   -0.0609226
36 14   -0.0609226
36 15   -0.0609226
36 16   -0.0609226
36 17   -0.0609226
36 18   -0.0609226
36 19   -0.0609226
36 20   -0.0609226
36 21   -0.0609226
36 22   -0.0609226
36 23   -0.0609226
36 24   -0.0609226
36 25   -0.0609226
36 26   -0.0609226
36 27   -0.0609226
36 28   -0.0609226
36 29   -0.0609226
36 30   -0.0609226
36 31   -0.0609226
36 32   -0.0609226
36 33   -0.0609226
36 34   -0.0609226
36 35   -0.0609226
36 36   -0.0609226
36 37   -0.0609226
36 38   -0.0609226
36 39   -0.0609226
36 40   -0.0609226
37 1   -0.0655699
37 2   -0.0655699
37 3   -0.0655699
37 4   -0.0655699
37 5   -0.0655699
37 6   -0.0655699
37 7   -0.0655699
37 8   -0.0655699
37 9   -0.0655699
37 10   -0.0655699
37 11   -0.0655699
37 12   -0.0655699
37 13   -0.0655699
37 14   -0.0655699
37 15   -0.0655699
37 16   -0.0655699
37 17   -0.0655699
37 18   -0.0655699
37 19   -0.0655699
37 20   -0.0655699
37 21   -0.0655699
37 22   -0.0655699
37 23   -0.0655699
37 24   -0.0655699
37 25   -0.0655699
37 26   -0.0655699
37 27   -0.0655699
37 28   -0.0655699
37 29   -0.0655699
37 30   -0.0655699
37 31   -0.0655699
37 32   -0.0655699
37 33   -0.0655699
37 34   -0.0655699
37 35   -0.0655699
37 36   -0.0655699
37 37   -0.0655699
37 38   -0.0655699
37 39   -0.0655699
37 40   -0.0655699
38 1   -0.039524
38 2   -0.039524
38 3   -0.039524
38 4   -0.039524
38 5   -0.039524
38 6   -0.039524
38 7   -0.039524
38 8   -0.039524
38 9   -0.039524
38 10   -0.039524
38 11   -0.039524
38 12   -0.039524
38 13   -0.039524
38 14   -0.039524
38 15   -0.039524
38 16   -0.039524
38 17   -0.039524
38 18   -0.039524
38 19   -0.039524
38 20   -0.039524
38 21   -0.039524
38 22   -0.039524
38 23   -0.039524
38 24   -0.039524
38 25   -0.039524
38 26   -0.039524
38 27   -0.039524
38 28   -0.039524
38 29   -0.039524
38 30   -0.039524
38 31   -0.039524
38 32   -0.039524
38 33   -0.039524
38 34   -0.039524
38 35   -0.039524
38 36   -0.039524
38 37   -0.039524
38 38   -0.039524
38 39   -0.039524
38 40   -0.039524
39 1   -0.00481817
39 2   -0.00481817
39 3   -0.00481817
39 4   -0.00481817
39 5   -0.00481817
39 6   -0.00481817
39 7   -0.00481817
39 8   -0.00481817
39 9   -0.00481817
39 10   -0.00481817
39 11   -0.00481817
39 12   -0.00481817
39 13   -0.00481817
39 14   -0.00481817
39 15   -0.00481817
39 16   -0.00481817
39 17   -0.00481817
39 18   -0.00481817
39 19   -0.00481817
39 20   -0.00481817
39 21   -0.00481817
39 22   -0.00481817
39 23   -0.00481817
39 24   -0.00481817
39 25   -0.00481817
39 26   -0.00481817
39 27   -0.00481817
39 28   -0.00481817
39 29   -0.00481817
39 30   -0.00481817
39 31   -0.00481817
39 32   -0.00481817
39 33   -0.00481817
39 34   -0.00481817
39 35   -0.00481817
39 36   -0.00481817
39 37   -0.00481817
39 38   -0.00481817
39 39   -0.00481817
39 40   -0.00481817
40 1   0.0179155
40 2   0.0179155
40 3   0.0179155
40 4   0.0179155
40 5   0.0179155
40 6   0.0179155
40 7   0.0179155
40 8   0.0179155
40 9   0.0179155
40 10   0.0179155
40 11   0.0179155
40 12   0.0179155
40 13   0.0179155
40 14   0.0179155
40 15   0.0179155
40 16   0.0179155
40 17   0.0179155
40 18   0.0179155
40 19   0.0179155
40 20   0.0179155
40 21   0.0179155
40 22   0.0179155
40 23   0.0179155
40 24   0.0179155
40 25   0.0179155
40 26   0.0179155
40 27   0.0179155
40 28   0.0179155
40 29   0.0179155
40 30   0.0179155
40 31   0.0179155
40 32   0.0179155
40 33   0.0179155
40 34   0.0179155
40 35   0.0179155
40 36   0.0179155
40 37   0.0179155
40 38   0.0179155
40 39   0.0179155
40 40   0.0179155
