1 1   0.0015392
1 2   0.0015392
1 3   0.0015392
1 4   0.0015392
1 5   0.0015392
1 6   0.0015392
1 7   0.0015392
1 8   0.0015392
1 9   0.0015392
1 10   0.0015392
1 11   0.0015392
1 12   0.0015392
1 13   0.0015392
1 14   0.0015392
1 15   0.0015392
1 16   0.0015392
1 17   0.0015392
1 18   0.0015392
1 19   0.0015392
1 20   0.0015392
1 21   0.0015392
1 22   0.0015392
1 23   0.0015392
1 24   0.0015392
1 25   0.0015392
1 26   0.0015392
1 27   0.0015392
1 28   0.0015392
1 29   0.0015392
1 30   0.0015392
1 31   0.0015392
1 32   0.0015392
1 33   0.0015392
1 34   0.0015392
1 35   0.0015392
1 36   0.0015392
1 37   0.0015392
1 38   0.0015392
1 39   0.0015392
1 40   0.0015392
2 1   -0.00176502
2 2   -0.00176502
2 3   -0.00176502
2 4   -0.00176502
2 5   -0.00176502
2 6   -0.00176502
2 7   -0.00176502
2 8   -0.00176502
2 9   -0.00176502
2 10   -0.00176502
2 11   -0.00176502
2 12   -0.00176502
2 13   -0.00176502
2 14   -0.00176502
2 15   -0.00176502
2 16   -0.00176502
2 17   -0.00176502
2 18   -0.00176502
2 19   -0.00176502
2 20   -0.00176502
2 21   -0.00176502
2 22   -0.00176502
2 23   -0.00176502
2 24   -0.00176502
2 25   -0.00176502
2 26   -0.00176502
2 27   -0.00176502
2 28   -0.00176502
2 29   -0.00176502
2 30   -0.00176502
2 31   -0.00176502
2 32   -0.00176502
2 33   -0.00176502
2 34   -0.00176502
2 35   -0.00176502
2 36   -0.00176502
2 37   -0.00176502
2 38   -0.00176502
2 39   -0.00176502
2 40   -0.00176502
3 1   -0.00403861
3 2   -0.00403861
3 3   -0.00403861
3 4   -0.00403861
3 5   -0.00403861
3 6   -0.00403861
3 7   -0.00403861
3 8   -0.00403861
3 9   -0.00403861
3 10   -0.00403861
3 11   -0.00403861
3 12   -0.00403861
3 13   -0.00403861
3 14   -0.00403861
3 15   -0.00403861
3 16   -0.00403861
3 17   -0.00403861
3 18   -0.00403861
3 19   -0.00403861
3 20   -0.00403861
3 21   -0.00403861
3 22   -0.00403861
3 23   -0.00403861
3 24   -0.00403861
3 25   -0.00403861
3 26   -0.00403861
3 27   -0.00403861
3 28   -0.00403861
3 29   -0.00403861
3 30   -0.00403861
3 31   -0.00403861
3 32   -0.00403861
3 33   -0.00403861
3 34   -0.00403861
3 35   -0.00403861
3 36   -0.00403861
3 37   -0.00403861
3 38   -0.00403861
3 39   -0.00403861
3 40   -0.00403861
4 1   -0.00120438
4 2   -0.00120438
4 3   -0.00120438
4 4   -0.00120438
4 5   -0.00120438
4 6   -0.00120438
4 7   -0.00120438
4 8   -0.00120438
4 9   -0.00120438
4 10   -0.00120438
4 11   -0.00120438
4 12   -0.00120438
4 13   -0.00120438
4 14   -0.00120438
4 15   -0.00120438
4 16   -0.00120438
4 17   -0.00120438
4 18   -0.00120438
4 19   -0.00120438
4 20   -0.00120438
4 21   -0.00120438
4 22   -0.00120438
4 23   -0.00120438
4 24   -0.00120438
4 25   -0.00120438
4 26   -0.00120438
4 27   -0.00120438
4 28   -0.00120438
4 29   -0.00120438
4 30   -0.00120438
4 31   -0.00120438
4 32   -0.00120438
4 33   -0.00120438
4 34   -0.00120438
4 35   -0.00120438
4 36   -0.00120438
4 37   -0.00120438
4 38   -0.00120438
4 39   -0.00120438
4 40   -0.00120438
5 1   0.0056658
5 2   0.0056658
5 3   0.0056658
5 4   0.0056658
5 5   0.0056658
5 6   0.0056658
5 7   0.0056658
5 8   0.0056658
5 9   0.0056658
5 10   0.0056658
5 11   0.0056658
5 12   0.0056658
5 13   0.0056658
5 14   0.0056658
5 15   0.0056658
5 16   0.0056658
5 17   0.0056658
5 18   0.0056658
5 19   0.0056658
5 20   0.0056658
5 21   0.0056658
5 22   0.0056658
5 23   0.0056658
5 24   0.0056658
5 25   0.0056658
5 26   0.0056658
5 27   0.0056658
5 28   0.0056658
5 29   0.0056658
5 30   0.0056658
5 31   0.0056658
5 32   0.0056658
5 33   0.0056658
5 34   0.0056658
5 35   0.0056658
5 36   0.0056658
5 37   0.0056658
5 38   0.0056658
5 39   0.0056658
5 40   0.0056658
6 1   0.010347
6 2   0.010347
6 3   0.010347
6 4   0.010347
6 5   0.010347
6 6   0.010347
6 7   0.010347
6 8   0.010347
6 9   0.010347
6 10   0.010347
6 11   0.010347
6 12   0.010347
6 13   0.010347
6 14   0.010347
6 15   0.010347
6 16   0.010347
6 17   0.010347
6 18   0.010347
6 19   0.010347
6 20   0.010347
6 21   0.010347
6 22   0.010347
6 23   0.010347
6 24   0.010347
6 25   0.010347
6 26   0.010347
6 27   0.010347
6 28   0.010347
6 29   0.010347
6 30   0.010347
6 31   0.010347
6 32   0.010347
6 33   0.010347
6 34   0.010347
6 35   0.010347
6 36   0.010347
6 37   0.010347
6 38   0.010347
6 39   0.010347
6 40   0.010347
7 1   0.00713701
7 2   0.00713701
7 3   0.00713701
7 4   0.00713701
7 5   0.00713701
7 6   0.00713701
7 7   0.00713701
7 8   0.00713701
7 9   0.00713701
7 10   0.00713701
7 11   0.00713701
7 12   0.00713701
7 13   0.00713701
7 14   0.00713701
7 15   0.00713701
7 16   0.00713701
7 17   0.00713701
7 18   0.00713701
7 19   0.00713701
7 20   0.00713701
7 21   0.00713701
7 22   0.00713701
7 23   0.00713701
7 24   0.00713701
7 25   0.00713701
7 26   0.00713701
7 27   0.00713701
7 28   0.00713701
7 29   0.00713701
7 30   0.00713701
7 31   0.00713701
7 32   0.00713701
7 33   0.00713701
7 34   0.00713701
7 35   0.00713701
7 36   0.00713701
7 37   0.00713701
7 38   0.00713701
7 39   0.00713701
7 40   0.00713701
8 1   -0.00297675
8 2   -0.00297675
8 3   -0.00297675
8 4   -0.00297675
8 5   -0.00297675
8 6   -0.00297675
8 7   -0.00297675
8 8   -0.00297675
8 9   -0.00297675
8 10   -0.00297675
8 11   -0.00297675
8 12   -0.00297675
8 13   -0.00297675
8 14   -0.00297675
8 15   -0.00297675
8 16   -0.00297675
8 17   -0.00297675
8 18   -0.00297675
8 19   -0.00297675
8 20   -0.00297675
8 21   -0.00297675
8 22   -0.00297675
8 23   -0.00297675
8 24   -0.00297675
8 25   -0.00297675
8 26   -0.00297675
8 27   -0.00297675
8 28   -0.00297675
8 29   -0.00297675
8 30   -0.00297675
8 31   -0.00297675
8 32   -0.00297675
8 33   -0.00297675
8 34   -0.00297675
8 35   -0.00297675
8 36   -0.00297675
8 37   -0.00297675
8 38   -0.00297675
8 39   -0.00297675
8 40   -0.00297675
9 1   -0.0116837
9 2   -0.0116837
9 3   -0.0116837
9 4   -0.0116837
9 5   -0.0116837
9 6   -0.0116837
9 7   -0.0116837
9 8   -0.0116837
9 9   -0.0116837
9 10   -0.0116837
9 11   -0.0116837
9 12   -0.0116837
9 13   -0.0116837
9 14   -0.0116837
9 15   -0.0116837
9 16   -0.0116837
9 17   -0.0116837
9 18   -0.0116837
9 19   -0.0116837
9 20   -0.0116837
9 21   -0.0116837
9 22   -0.0116837
9 23   -0.0116837
9 24   -0.0116837
9 25   -0.0116837
9 26   -0.0116837
9 27   -0.0116837
9 28   -0.0116837
9 29   -0.0116837
9 30   -0.0116837
9 31   -0.0116837
9 32   -0.0116837
9 33   -0.0116837
9 34   -0.0116837
9 35   -0.0116837
9 36   -0.0116837
9 37   -0.0116837
9 38   -0.0116837
9 39   -0.0116837
9 40   -0.0116837
10 1   -0.00912105
10 2   -0.00912105
10 3   -0.00912105
10 4   -0.00912105
10 5   -0.00912105
10 6   -0.00912105
10 7   -0.00912105
10 8   -0.00912105
10 9   -0.00912105
10 10   -0.00912105
10 11   -0.00912105
10 12   -0.00912105
10 13   -0.00912105
10 14   -0.00912105
10 15   -0.00912105
10 16   -0.00912105
10 17   -0.00912105
10 18   -0.00912105
10 19   -0.00912105
10 20   -0.00912105
10 21   -0.00912105
10 22   -0.00912105
10 23   -0.00912105
10 24   -0.00912105
10 25   -0.00912105
10 26   -0.00912105
10 27   -0.00912105
10 28   -0.00912105
10 29   -0.00912105
10 30   -0.00912105
10 31   -0.00912105
10 32   -0.00912105
10 33   -0.00912105
10 34   -0.00912105
10 35   -0.00912105
10 36   -0.00912105
10 37   -0.00912105
10 38   -0.00912105
10 39   -0.00912105
10 40   -0.00912105
11 1   0.00868091
11 2   0.00868091
11 3   0.00868091
11 4   0.00868091
11 5   0.00868091
11 6   0.00868091
11 7   0.00868091
11 8   0.00868091
11 9   0.00868091
11 10   0.00868091
11 11   0.00868091
11 12   0.00868091
11 13   0.00868091
11 14   0.00868091
11 15   0.00868091
11 16   0.00868091
11 17   0.00868091
11 18   0.00868091
11 19   0.00868091
11 20   0.00868091
11 21   0.00868091
11 22   0.00868091
11 23   0.00868091
11 24   0.00868091
11 25   0.00868091
11 26   0.00868091
11 27   0.00868091
11 28   0.00868091
11 29   0.00868091
11 30   0.00868091
11 31   0.00868091
11 32   0.00868091
11 33   0.00868091
11 34   0.00868091
11 35   0.00868091
11 36   0.00868091
11 37   0.00868091
11 38   0.00868091
11 39   0.00868091
11 40   0.00868091
12 1   0.0367413
12 2   0.0367413
12 3   0.0367413
12 4   0.0367413
12 5   0.0367413
12 6   0.0367413
12 7   0.0367413
12 8   0.0367413
12 9   0.0367413
12 10   0.0367413
12 11   0.0367413
12 12   0.0367413
12 13   0.0367413
12 14   0.0367413
12 15   0.0367413
12 16   0.0367413
12 17   0.0367413
12 18   0.0367413
12 19   0.0367413
12 20   0.0367413
12 21   0.0367413
12 22   0.0367413
12 23   0.0367413
12 24   0.0367413
12 25   0.0367413
12 26   0.0367413
12 27   0.0367413
12 28   0.0367413
12 29   0.0367413
12 30   0.0367413
12 31   0.0367413
12 32   0.0367413
12 33   0.0367413
12 34   0.0367413
12 35   0.0367413
12 36   0.0367413
12 37   0.0367413
12 38   0.0367413
12 39   0.0367413
12 40   0.0367413
13 1   0.0648245
13 2   0.0648245
13 3   0.0648245
13 4   0.0648245
13 5   0.0648245
13 6   0.0648245
13 7   0.0648245
13 8   0.0648245
13 9   0.0648245
13 10   0.0648245
13 11   0.0648245
13 12   0.0648245
13 13   0.0648245
13 14   0.0648245
13 15   0.0648245
13 16   0.0648245
13 17   0.0648245
13 18   0.0648245
13 19   0.0648245
13 20   0.0648245
13 21   0.0648245
13 22   0.0648245
13 23   0.0648245
13 24   0.0648245
13 25   0.0648245
13 26   0.0648245
13 27   0.0648245
13 28   0.0648245
13 29   0.0648245
13 30   0.0648245
13 31   0.0648245
13 32   0.0648245
13 33   0.0648245
13 34   0.0648245
13 35   0.0648245
13 36   0.0648245
13 37   0.0648245
13 38   0.0648245
13 39   0.0648245
13 40   0.0648245
14 1   0.084744
14 2   0.084744
14 3   0.084744
14 4   0.084744
14 5   0.084744
14 6   0.084744
14 7   0.084744
14 8   0.084744
14 9   0.084744
14 10   0.084744
14 11   0.084744
14 12   0.084744
14 13   0.084744
14 14   0.084744
14 15   0.084744
14 16   0.084744
14 17   0.084744
14 18   0.084744
14 19   0.084744
14 20   0.084744
14 21   0.084744
14 22   0.084744
14 23   0.084744
14 24   0.084744
14 25   0.084744
14 26   0.084744
14 27   0.084744
14 28   0.084744
14 29   0.084744
14 30   0.084744
14 31   0.084744
14 32   0.084744
14 33   0.084744
14 34   0.084744
14 35   0.084744
14 36   0.084744
14 37   0.084744
14 38   0.084744
14 39   0.084744
14 40   0.084744
15 1   0.0960338
15 2   0.0960338
15 3   0.0960338
15 4   0.0960338
15 5   0.0960338
15 6   0.0960338
15 7   0.0960338
15 8   0.0960338
15 9   0.0960338
15 10   0.0960338
15 11   0.0960338
15 12   0.0960338
15 13   0.0960338
15 14   0.0960338
15 15   0.0960338
15 16   0.0960338
15 17   0.0960338
15 18   0.0960338
15 19   0.0960338
15 20   0.0960338
15 21   0.0960338
15 22   0.0960338
15 23   0.0960338
15 24   0.0960338
15 25   0.0960338
15 26   0.0960338
15 27   0.0960338
15 28   0.0960338
15 29   0.0960338
15 30   0.0960338
15 31   0.0960338
15 32   0.0960338
15 33   0.0960338
15 34   0.0960338
15 35   0.0960338
15 36   0.0960338
15 37   0.0960338
15 38   0.0960338
15 39   0.0960338
15 40   0.0960338
16 1   0.106422
16 2   0.106422
16 3   0.106422
16 4   0.106422
16 5   0.106422
16 6   0.106422
16 7   0.106422
16 8   0.106422
16 9   0.106422
16 10   0.106422
16 11   0.106422
16 12   0.106422
16 13   0.106422
16 14   0.106422
16 15   0.106422
16 16   0.106422
16 17   0.106422
16 18   0.106422
16 19   0.106422
16 20   0.106422
16 21   0.106422
16 22   0.106422
16 23   0.106422
16 24   0.106422
16 25   0.106422
16 26   0.106422
16 27   0.106422
16 28   0.106422
16 29   0.106422
16 30   0.106422
16 31   0.106422
16 32   0.106422
16 33   0.106422
16 34   0.106422
16 35   0.106422
16 36   0.106422
16 37   0.106422
16 38   0.106422
16 39   0.106422
16 40   0.106422
17 1   0.127219
17 2   0.127219
17 3   0.127219
17 4   0.127219
17 5   0.127219
17 6   0.127219
17 7   0.127219
17 8   0.127219
17 9   0.127219
17 10   0.127219
17 11   0.127219
17 12   0.127219
17 13   0.127219
17 14   0.127219
17 15   0.127219
17 16   0.127219
17 17   0.127219
17 18   0.127219
17 19   0.127219
17 20   0.127219
17 21   0.127219
17 22   0.127219
17 23   0.127219
17 24   0.127219
17 25   0.127219
17 26   0.127219
17 27   0.127219
17 28   0.127219
17 29   0.127219
17 30   0.127219
17 31   0.127219
17 32   0.127219
17 33   0.127219
17 34   0.127219
17 35   0.127219
17 36   0.127219
17 37   0.127219
17 38   0.127219
17 39   0.127219
17 40   0.127219
18 1   0.16782
18 2   0.16782
18 3   0.16782
18 4   0.16782
18 5   0.16782
18 6   0.16782
18 7   0.16782
18 8   0.16782
18 9   0.16782
18 10   0.16782
18 11   0.16782
18 12   0.16782
18 13   0.16782
18 14   0.16782
18 15   0.16782
18 16   0.16782
18 17   0.16782
18 18   0.16782
18 19   0.16782
18 20   0.16782
18 21   0.16782
18 22   0.16782
18 23   0.16782
18 24   0.16782
18 25   0.16782
18 26   0.16782
18 27   0.16782
18 28   0.16782
18 29   0.16782
18 30   0.16782
18 31   0.16782
18 32   0.16782
18 33   0.16782
18 34   0.16782
18 35   0.16782
18 36   0.16782
18 37   0.16782
18 38   0.16782
18 39   0.16782
18 40   0.16782
19 1   0.233443
19 2   0.233443
19 3   0.233443
19 4   0.233443
19 5   0.233443
19 6   0.233443
19 7   0.233443
19 8   0.233443
19 9   0.233443
19 10   0.233443
19 11   0.233443
19 12   0.233443
19 13   0.233443
19 14   0.233443
19 15   0.233443
19 16   0.233443
19 17   0.233443
19 18   0.233443
19 19   0.233443
19 20   0.233443
19 21   0.233443
19 22   0.233443
19 23   0.233443
19 24   0.233443
19 25   0.233443
19 26   0.233443
19 27   0.233443
19 28   0.233443
19 29   0.233443
19 30   0.233443
19 31   0.233443
19 32   0.233443
19 33   0.233443
19 34   0.233443
19 35   0.233443
19 36   0.233443
19 37   0.233443
19 38   0.233443
19 39   0.233443
19 40   0.233443
20 1   0.325085
20 2   0.325085
20 3   0.325085
20 4   0.325085
20 5   0.325085
20 6   0.325085
20 7   0.325085
20 8   0.325085
20 9   0.325085
20 10   0.325085
20 11   0.325085
20 12   0.325085
20 13   0.325085
20 14   0.325085
20 15   0.325085
20 16   0.325085
20 17   0.325085
20 18   0.325085
20 19   0.325085
20 20   0.325085
20 21   0.325085
20 22   0.325085
20 23   0.325085
20 24   0.325085
20 25   0.325085
20 26   0.325085
20 27   0.325085
20 28   0.325085
20 29   0.325085
20 30   0.325085
20 31   0.325085
20 32   0.325085
20 33   0.325085
20 34   0.325085
20 35   0.325085
20 36   0.325085
20 37   0.325085
20 38   0.325085
20 39   0.325085
20 40   0.325085
21 1   0.438154
21 2   0.438154
21 3   0.438154
21 4   0.438154
21 5   0.438154
21 6   0.438154
21 7   0.438154
21 8   0.438154
21 9   0.438154
21 10   0.438154
21 11   0.438154
21 12   0.438154
21 13   0.438154
21 14   0.438154
21 15   0.438154
21 16   0.438154
21 17   0.438154
21 18   0.438154
21 19   0.438154
21 20   0.438154
21 21   0.438154
21 22   0.438154
21 23   0.438154
21 24   0.438154
21 25   0.438154
21 26   0.438154
21 27   0.438154
21 28   0.438154
21 29   0.438154
21 30   0.438154
21 31   0.438154
21 32   0.438154
21 33   0.438154
21 34   0.438154
21 35   0.438154
21 36   0.438154
21 37   0.438154
21 38   0.438154
21 39   0.438154
21 40   0.438154
22 1   0.560643
22 2   0.560643
22 3   0.560643
22 4   0.560643
22 5   0.560643
22 6   0.560643
22 7   0.560643
22 8   0.560643
22 9   0.560643
22 10   0.560643
22 11   0.560643
22 12   0.560643
22 13   0.560643
22 14   0.560643
22 15   0.560643
22 16   0.560643
22 17   0.560643
22 18   0.560643
22 19   0.560643
22 20   0.560643
22 21   0.560643
22 22   0.560643
22 23   0.560643
22 24   0.560643
22 25   0.560643
22 26   0.560643
22 27   0.560643
22 28   0.560643
22 29   0.560643
22 30   0.560643
22 31   0.560643
22 32   0.560643
22 33   0.560643
22 34   0.560643
22 35   0.560643
22 36   0.560643
22 37   0.560643
22 38   0.560643
22 39   0.560643
22 40   0.560643
23 1   0.675584
23 2   0.675584
23 3   0.675584
23 4   0.675584
23 5   0.675584
23 6   0.675584
23 7   0.675584
23 8   0.675584
23 9   0.675584
23 10   0.675584
23 11   0.675584
23 12   0.675584
23 13   0.675584
23 14   0.675584
23 15   0.675584
23 16   0.675584
23 17   0.675584
23 18   0.675584
23 19   0.675584
23 20   0.675584
23 21   0.675584
23 22   0.675584
23 23   0.675584
23 24   0.675584
23 25   0.675584
23 26   0.675584
23 27   0.675584
23 28   0.675584
23 29   0.675584
23 30   0.675584
23 31   0.675584
23 32   0.675584
23 33   0.675584
23 34   0.675584
23 35   0.675584
23 36   0.675584
23 37   0.675584
23 38   0.675584
23 39   0.675584
23 40   0.675584
24 1   0.768359
24 2   0.768359
24 3   0.768359
24 4   0.768359
24 5   0.768359
24 6   0.768359
24 7   0.768359
24 8   0.768359
24 9   0.768359
24 10   0.768359
24 11   0.768359
24 12   0.768359
24 13   0.768359
24 14   0.768359
24 15   0.768359
24 16   0.768359
24 17   0.768359
24 18   0.768359
24 19   0.768359
24 20   0.768359
24 21   0.768359
24 22   0.768359
24 23   0.768359
24 24   0.768359
24 25   0.768359
24 26   0.768359
24 27   0.768359
24 28   0.768359
24 29   0.768359
24 30   0.768359
24 31   0.768359
24 32   0.768359
24 33   0.768359
24 34   0.768359
24 35   0.768359
24 36   0.768359
24 37   0.768359
24 38   0.768359
24 39   0.768359
24 40   0.768359
25 1   0.832744
25 2   0.832744
25 3   0.832744
25 4   0.832744
25 5   0.832744
25 6   0.832744
25 7   0.832744
25 8   0.832744
25 9   0.832744
25 10   0.832744
25 11   0.832744
25 12   0.832744
25 13   0.832744
25 14   0.832744
25 15   0.832744
25 16   0.832744
25 17   0.832744
25 18   0.832744
25 19   0.832744
25 20   0.832744
25 21   0.832744
25 22   0.832744
25 23   0.832744
25 24   0.832744
25 25   0.832744
25 26   0.832744
25 27   0.832744
25 28   0.832744
25 29   0.832744
25 30   0.832744
25 31   0.832744
25 32   0.832744
25 33   0.832744
25 34   0.832744
25 35   0.832744
25 36   0.832744
25 37   0.832744
25 38   0.832744
25 39   0.832744
25 40   0.832744
26 1   0.871299
26 2   0.871299
26 3   0.871299
26 4   0.871299
26 5   0.871299
26 6   0.871299
26 7   0.871299
26 8   0.871299
26 9   0.871299
26 10   0.871299
26 11   0.871299
26 12   0.871299
26 13   0.871299
26 14   0.871299
26 15   0.871299
26 16   0.871299
26 17   0.871299
26 18   0.871299
26 19   0.871299
26 20   0.871299
26 21   0.871299
26 22   0.871299
26 23   0.871299
26 24   0.871299
26 25   0.871299
26 26   0.871299
26 27   0.871299
26 28   0.871299
26 29   0.871299
26 30   0.871299
26 31   0.871299
26 32   0.871299
26 33   0.871299
26 34   0.871299
26 35   0.871299
26 36   0.871299
26 37   0.871299
26 38   0.871299
26 39   0.871299
26 40   0.871299
27 1   0.892022
27 2   0.892022
27 3   0.892022
27 4   0.892022
27 5   0.892022
27 6   0.892022
27 7   0.892022
27 8   0.892022
27 9   0.892022
27 10   0.892022
27 11   0.892022
27 12   0.892022
27 13   0.892022
27 14   0.892022
27 15   0.892022
27 16   0.892022
27 17   0.892022
27 18   0.892022
27 19   0.892022
27 20   0.892022
27 21   0.892022
27 22   0.892022
27 23   0.892022
27 24   0.892022
27 25   0.892022
27 26   0.892022
27 27   0.892022
27 28   0.892022
27 29   0.892022
27 30   0.892022
27 31   0.892022
27 32   0.892022
27 33   0.892022
27 34   0.892022
27 35   0.892022
27 36   0.892022
27 37   0.892022
27 38   0.892022
27 39   0.892022
27 40   0.892022
28 1   0.904682
28 2   0.904682
28 3   0.904682
28 4   0.904682
28 5   0.904682
28 6   0.904682
28 7   0.904682
28 8   0.904682
28 9   0.904682
28 10   0.904682
28 11   0.904682
28 12   0.904682
28 13   0.904682
28 14   0.904682
28 15   0.904682
28 16   0.904682
28 17   0.904682
28 18   0.904682
28 19   0.904682
28 20   0.904682
28 21   0.904682
28 22   0.904682
28 23   0.904682
28 24   0.904682
28 25   0.904682
28 26   0.904682
28 27   0.904682
28 28   0.904682
28 29   0.904682
28 30   0.904682
28 31   0.904682
28 32   0.904682
28 33   0.904682
28 34   0.904682
28 35   0.904682
28 36   0.904682
28 37   0.904682
28 38   0.904682
28 39   0.904682
28 40   0.904682
29 1   0.917818
29 2   0.917818
29 3   0.917818
29 4   0.917818
29 5   0.917818
29 6   0.917818
29 7   0.917818
29 8   0.917818
29 9   0.917818
29 10   0.917818
29 11   0.917818
29 12   0.917818
29 13   0.917818
29 14   0.917818
29 15   0.917818
29 16   0.917818
29 17   0.917818
29 18   0.917818
29 19   0.917818
29 20   0.917818
29 21   0.917818
29 22   0.917818
29 23   0.917818
29 24   0.917818
29 25   0.917818
29 26   0.917818
29 27   0.917818
29 28   0.917818
29 29   0.917818
29 30   0.917818
29 31   0.917818
29 32   0.917818
29 33   0.917818
29 34   0.917818
29 35   0.917818
29 36   0.917818
29 37   0.917818
29 38   0.917818
29 39   0.917818
29 40   0.917818
30 1   0.936571
30 2   0.936571
30 3   0.936571
30 4   0.936571
30 5   0.936571
30 6   0.936571
30 7   0.936571
30 8   0.936571
30 9   0.936571
30 10   0.936571
30 11   0.936571
30 12   0.936571
30 13   0.936571
30 14   0.936571
30 15   0.936571
30 16   0.936571
30 17   0.936571
30 18   0.936571
30 19   0.936571
30 20   0.936571
30 21   0.936571
30 22   0.936571
30 23   0.936571
30 24   0.936571
30 25   0.936571
30 26   0.936571
30 27   0.936571
30 28   0.936571
30 29   0.936571
30 30   0.936571
30 31   0.936571
30 32   0.936571
30 33   0.936571
30 34   0.936571
30 35   0.936571
30 36   0.936571
30 37   0.936571
30 38   0.936571
30 39   0.936571
30 40   0.936571
31 1   0.961468
31 2   0.961468
31 3   0.961468
31 4   0.961468
31 5   0.961468
31 6   0.961468
31 7   0.961468
31 8   0.961468
31 9   0.961468
31 10   0.961468
31 11   0.961468
31 12   0.961468
31 13   0.961468
31 14   0.961468
31 15   0.961468
31 16   0.961468
31 17   0.961468
31 18   0.961468
31 19   0.961468
31 20   0.961468
31 21   0.961468
31 22   0.961468
31 23   0.961468
31 24   0.961468
31 25   0.961468
31 26   0.961468
31 27   0.961468
31 28   0.961468
31 29   0.961468
31 30   0.961468
31 31   0.961468
31 32   0.961468
31 33   0.961468
31 34   0.961468
31 35   0.961468
31 36   0.961468
31 37   0.961468
31 38   0.961468
31 39   0.961468
31 40   0.961468
32 1   0.988068
32 2   0.988068
32 3   0.988068
32 4   0.988068
32 5   0.988068
32 6   0.988068
32 7   0.988068
32 8   0.988068
32 9   0.988068
32 10   0.988068
32 11   0.988068
32 12   0.988068
32 13   0.988068
32 14   0.988068
32 15   0.988068
32 16   0.988068
32 17   0.988068
32 18   0.988068
32 19   0.988068
32 20   0.988068
32 21   0.988068
32 22   0.988068
32 23   0.988068
32 24   0.988068
32 25   0.988068
32 26   0.988068
32 27   0.988068
32 28   0.988068
32 29   0.988068
32 30   0.988068
32 31   0.988068
32 32   0.988068
32 33   0.988068
32 34   0.988068
32 35   0.988068
32 36   0.988068
32 37   0.988068
32 38   0.988068
32 39   0.988068
32 40   0.988068
33 1   1.0084
33 2   1.0084
33 3   1.0084
33 4   1.0084
33 5   1.0084
33 6   1.0084
33 7   1.0084
33 8   1.0084
33 9   1.0084
33 10   1.0084
33 11   1.0084
33 12   1.0084
33 13   1.0084
33 14   1.0084
33 15   1.0084
33 16   1.0084
33 17   1.0084
33 18   1.0084
33 19   1.0084
33 20   1.0084
33 21   1.0084
33 22   1.0084
33 23   1.0084
33 24   1.0084
33 25   1.0084
33 26   1.0084
33 27   1.0084
33 28   1.0084
33 29   1.0084
33 30   1.0084
33 31   1.0084
33 32   1.0084
33 33   1.0084
33 34   1.0084
33 35   1.0084
33 36   1.0084
33 37   1.0084
33 38   1.0084
33 39   1.0084
33 40   1.0084
34 1   1.01528
34 2   1.01528
34 3   1.01528
34 4   1.01528
34 5   1.01528
34 6   1.01528
34 7   1.01528
34 8   1.01528
34 9   1.01528
34 10   1.01528
34 11   1.01528
34 12   1.01528
34 13   1.01528
34 14   1.01528
34 15   1.01528
34 16   1.01528
34 17   1.01528
34 18   1.01528
34 19   1.01528
34 20   1.01528
34 21   1.01528
34 22   1.01528
34 23   1.01528
34 24   1.01528
34 25   1.01528
34 26   1.01528
34 27   1.01528
34 28   1.01528
34 29   1.01528
34 30   1.01528
34 31   1.01528
34 32   1.01528
34 33   1.01528
34 34   1.01528
34 35   1.01528
34 36   1.01528
34 37   1.01528
34 38   1.01528
34 39   1.01528
34 40   1.01528
35 1   1.00772
35 2   1.00772
35 3   1.00772
35 4   1.00772
35 5   1.00772
35 6   1.00772
35 7   1.00772
35 8   1.00772
35 9   1.00772
35 10   1.00772
35 11   1.00772
35 12   1.00772
35 13   1.00772
35 14   1.00772
35 15   1.00772
35 16   1.00772
35 17   1.00772
35 18   1.00772
35 19   1.00772
35 20   1.00772
35 21   1.00772
35 22   1.00772
35 23   1.00772
35 24   1.00772
35 25   1.00772
35 26   1.00772
35 27   1.00772
35 28   1.00772
35 29   1.00772
35 30   1.00772
35 31   1.00772
35 32   1.00772
35 33   1.00772
35 34   1.00772
35 35   1.00772
35 36   1.00772
35 37   1.00772
35 38   1.00772
35 39   1.00772
35 40   1.00772
36 1   0.993307
36 2   0.993307
36 3   0.993307
36 4   0.993307
36 5   0.993307
36 6   0.993307
36 7   0.993307
36 8   0.993307
36 9   0.993307
36 10   0.993307
36 11   0.993307
36 12   0.993307
36 13   0.993307
36 14   0.993307
36 15   0.993307
36 16   0.993307
36 17   0.993307
36 18   0.993307
36 19   0.993307
36 20   0.993307
36 21   0.993307
36 22   0.993307
36 23   0.993307
36 24   0.993307
36 25   0.993307
36 26   0.993307
36 27   0.993307
36 28   0.993307
36 29   0.993307
36 30   0.993307
36 31   0.993307
36 32   0.993307
36 33   0.993307
36 34   0.993307
36 35   0.993307
36 36   0.993307
36 37   0.993307
36 38   0.993307
36 39   0.993307
36 40   0.993307
37 1   0.984083
37 2   0.984083
37 3   0.984083
37 4   0.984083
37 5   0.984083
37 6   0.984083
37 7   0.984083
37 8   0.984083
37 9   0.984083
37 10   0.984083
37 11   0.984083
37 12   0.984083
37 13   0.984083
37 14   0.984083
37 15   0.984083
37 16   0.984083
37 17   0.984083
37 18   0.984083
37 19   0.984083
37 20   0.984083
37 21   0.984083
37 22   0.984083
37 23   0.984083
37 24   0.984083
37 25   0.984083
37 26   0.984083
37 27   0.984083
37 28   0.984083
37 29   0.984083
37 30   0.984083
37 31   0.984083
37 32   0.984083
37 33   0.984083
37 34   0.984083
37 35   0.984083
37 36   0.984083
37 37   0.984083
37 38   0.984083
37 39   0.984083
37 40   0.984083
38 1   0.987658
38 2   0.987658
38 3   0.987658
38 4   0.987658
38 5   0.987658
38 6   0.987658
38 7   0.987658
38 8   0.987658
38 9   0.987658
38 10   0.987658
38 11   0.987658
38 12   0.987658
38 13   0.987658
38 14   0.987658
38 15   0.987658
38 16   0.987658
38 17   0.987658
38 18   0.987658
38 19   0.987658
38 20   0.987658
38 21   0.987658
38 22   0.987658
38 23   0.987658
38 24   0.987658
38 25   0.987658
38 26   0.987658
38 27   0.987658
38 28   0.987658
38 29   0.987658
38 30   0.987658
38 31   0.987658
38 32   0.987658
38 33   0.987658
38 34   0.987658
38 35   0.987658
38 36   0.987658
38 37   0.987658
38 38   0.987658
38 39   0.987658
38 40   0.987658
39 1   1.00089
39 2   1.00089
39 3   1.00089
39 4   1.00089
39 5   1.00089
39 6   1.00089
39 7   1.00089
39 8   1.00089
39 9   1.00089
39 10   1.00089
39 11   1.00089
39 12   1.00089
39 13   1.00089
39 14   1.00089
39 15   1.00089
39 16   1.00089
39 17   1.00089
39 18   1.00089
39 19   1.00089
39 20   1.00089
39 21   1.00089
39 22   1.00089
39 23   1.00089
39 24   1.00089
39 25   1.00089
39 26   1.00089
39 27   1.00089
39 28   1.00089
39 29   1.00089
39 30   1.00089
39 31   1.00089
39 32   1.00089
39 33   1.00089
39 34   1.00089
39 35   1.00089
39 36   1.00089
39 37   1.00089
39 38   1.00089
39 39   1.00089
39 40   1.00089
40 1   1.01244
40 2   1.01244
40 3   1.01244
40 4   1.01244
40 5   1.01244
40 6   1.01244
40 7   1.01244
40 8   1.01244
40 9   1.01244
40 10   1.01244
40 11   1.01244
40 12   1.01244
40 13   1.01244
40 14   1.01244
40 15   1.01244
40 16   1.01244
40 17   1.01244
40 18   1.01244
40 19   1.01244
40 20   1.01244
40 21   1.01244
40 22   1.01244
40 23   1.01244
40 24   1.01244
40 25   1.01244
40 26   1.01244
40 27   1.01244
40 28   1.01244
40 29   1.01244
40 30   1.01244
40 31   1.01244
40 32   1.01244
40 33   1.01244
40 34   1.01244
40 35   1.01244
40 36   1.01244
40 37   1.01244
40 38   1.01244
40 39   1.01244
40 40   1.01244
