1 1   0.00617342
1 2   0.00617342
1 3   0.00617342
1 4   0.00617342
1 5   0.00617342
1 6   0.00617342
1 7   0.00617342
1 8   0.00617342
1 9   0.00617342
1 10   0.00617342
1 11   0.00617342
1 12   0.00617342
1 13   0.00617342
1 14   0.00617342
1 15   0.00617342
1 16   0.00617342
1 17   0.00617342
1 18   0.00617342
1 19   0.00617342
1 20   0.00617342
1 21   0.00617342
1 22   0.00617342
1 23   0.00617342
1 24   0.00617342
1 25   0.00617342
1 26   0.00617342
1 27   0.00617342
1 28   0.00617342
1 29   0.00617342
1 30   0.00617342
1 31   0.00617342
1 32   0.00617342
1 33   0.00617342
1 34   0.00617342
1 35   0.00617342
1 36   0.00617342
1 37   0.00617342
1 38   0.00617342
1 39   0.00617342
1 40   0.00617342
2 1   0.0115246
2 2   0.0115246
2 3   0.0115246
2 4   0.0115246
2 5   0.0115246
2 6   0.0115246
2 7   0.0115246
2 8   0.0115246
2 9   0.0115246
2 10   0.0115246
2 11   0.0115246
2 12   0.0115246
2 13   0.0115246
2 14   0.0115246
2 15   0.0115246
2 16   0.0115246
2 17   0.0115246
2 18   0.0115246
2 19   0.0115246
2 20   0.0115246
2 21   0.0115246
2 22   0.0115246
2 23   0.0115246
2 24   0.0115246
2 25   0.0115246
2 26   0.0115246
2 27   0.0115246
2 28   0.0115246
2 29   0.0115246
2 30   0.0115246
2 31   0.0115246
2 32   0.0115246
2 33   0.0115246
2 34   0.0115246
2 35   0.0115246
2 36   0.0115246
2 37   0.0115246
2 38   0.0115246
2 39   0.0115246
2 40   0.0115246
3 1   0.0202995
3 2   0.0202995
3 3   0.0202995
3 4   0.0202995
3 5   0.0202995
3 6   0.0202995
3 7   0.0202995
3 8   0.0202995
3 9   0.0202995
3 10   0.0202995
3 11   0.0202995
3 12   0.0202995
3 13   0.0202995
3 14   0.0202995
3 15   0.0202995
3 16   0.0202995
3 17   0.0202995
3 18   0.0202995
3 19   0.0202995
3 20   0.0202995
3 21   0.0202995
3 22   0.0202995
3 23   0.0202995
3 24   0.0202995
3 25   0.0202995
3 26   0.0202995
3 27   0.0202995
3 28   0.0202995
3 29   0.0202995
3 30   0.0202995
3 31   0.0202995
3 32   0.0202995
3 33   0.0202995
3 34   0.0202995
3 35   0.0202995
3 36   0.0202995
3 37   0.0202995
3 38   0.0202995
3 39   0.0202995
3 40   0.0202995
4 1   0.0305015
4 2   0.0305015
4 3   0.0305015
4 4   0.0305015
4 5   0.0305015
4 6   0.0305015
4 7   0.0305015
4 8   0.0305015
4 9   0.0305015
4 10   0.0305015
4 11   0.0305015
4 12   0.0305015
4 13   0.0305015
4 14   0.0305015
4 15   0.0305015
4 16   0.0305015
4 17   0.0305015
4 18   0.0305015
4 19   0.0305015
4 20   0.0305015
4 21   0.0305015
4 22   0.0305015
4 23   0.0305015
4 24   0.0305015
4 25   0.0305015
4 26   0.0305015
4 27   0.0305015
4 28   0.0305015
4 29   0.0305015
4 30   0.0305015
4 31   0.0305015
4 32   0.0305015
4 33   0.0305015
4 34   0.0305015
4 35   0.0305015
4 36   0.0305015
4 37   0.0305015
4 38   0.0305015
4 39   0.0305015
4 40   0.0305015
5 1   0.0421053
5 2   0.0421053
5 3   0.0421053
5 4   0.0421053
5 5   0.0421053
5 6   0.0421053
5 7   0.0421053
5 8   0.0421053
5 9   0.0421053
5 10   0.0421053
5 11   0.0421053
5 12   0.0421053
5 13   0.0421053
5 14   0.0421053
5 15   0.0421053
5 16   0.0421053
5 17   0.0421053
5 18   0.0421053
5 19   0.0421053
5 20   0.0421053
5 21   0.0421053
5 22   0.0421053
5 23   0.0421053
5 24   0.0421053
5 25   0.0421053
5 26   0.0421053
5 27   0.0421053
5 28   0.0421053
5 29   0.0421053
5 30   0.0421053
5 31   0.0421053
5 32   0.0421053
5 33   0.0421053
5 34   0.0421053
5 35   0.0421053
5 36   0.0421053
5 37   0.0421053
5 38   0.0421053
5 39   0.0421053
5 40   0.0421053
6 1   0.0575634
6 2   0.0575634
6 3   0.0575634
6 4   0.0575634
6 5   0.0575634
6 6   0.0575634
6 7   0.0575634
6 8   0.0575634
6 9   0.0575634
6 10   0.0575634
6 11   0.0575634
6 12   0.0575634
6 13   0.0575634
6 14   0.0575634
6 15   0.0575634
6 16   0.0575634
6 17   0.0575634
6 18   0.0575634
6 19   0.0575634
6 20   0.0575634
6 21   0.0575634
6 22   0.0575634
6 23   0.0575634
6 24   0.0575634
6 25   0.0575634
6 26   0.0575634
6 27   0.0575634
6 28   0.0575634
6 29   0.0575634
6 30   0.0575634
6 31   0.0575634
6 32   0.0575634
6 33   0.0575634
6 34   0.0575634
6 35   0.0575634
6 36   0.0575634
6 37   0.0575634
6 38   0.0575634
6 39   0.0575634
6 40   0.0575634
7 1   0.0805858
7 2   0.0805858
7 3   0.0805858
7 4   0.0805858
7 5   0.0805858
7 6   0.0805858
7 7   0.0805858
7 8   0.0805858
7 9   0.0805858
7 10   0.0805858
7 11   0.0805858
7 12   0.0805858
7 13   0.0805858
7 14   0.0805858
7 15   0.0805858
7 16   0.0805858
7 17   0.0805858
7 18   0.0805858
7 19   0.0805858
7 20   0.0805858
7 21   0.0805858
7 22   0.0805858
7 23   0.0805858
7 24   0.0805858
7 25   0.0805858
7 26   0.0805858
7 27   0.0805858
7 28   0.0805858
7 29   0.0805858
7 30   0.0805858
7 31   0.0805858
7 32   0.0805858
7 33   0.0805858
7 34   0.0805858
7 35   0.0805858
7 36   0.0805858
7 37   0.0805858
7 38   0.0805858
7 39   0.0805858
7 40   0.0805858
8 1   0.114366
8 2   0.114366
8 3   0.114366
8 4   0.114366
8 5   0.114366
8 6   0.114366
8 7   0.114366
8 8   0.114366
8 9   0.114366
8 10   0.114366
8 11   0.114366
8 12   0.114366
8 13   0.114366
8 14   0.114366
8 15   0.114366
8 16   0.114366
8 17   0.114366
8 18   0.114366
8 19   0.114366
8 20   0.114366
8 21   0.114366
8 22   0.114366
8 23   0.114366
8 24   0.114366
8 25   0.114366
8 26   0.114366
8 27   0.114366
8 28   0.114366
8 29   0.114366
8 30   0.114366
8 31   0.114366
8 32   0.114366
8 33   0.114366
8 34   0.114366
8 35   0.114366
8 36   0.114366
8 37   0.114366
8 38   0.114366
8 39   0.114366
8 40   0.114366
9 1   0.160291
9 2   0.160291
9 3   0.160291
9 4   0.160291
9 5   0.160291
9 6   0.160291
9 7   0.160291
9 8   0.160291
9 9   0.160291
9 10   0.160291
9 11   0.160291
9 12   0.160291
9 13   0.160291
9 14   0.160291
9 15   0.160291
9 16   0.160291
9 17   0.160291
9 18   0.160291
9 19   0.160291
9 20   0.160291
9 21   0.160291
9 22   0.160291
9 23   0.160291
9 24   0.160291
9 25   0.160291
9 26   0.160291
9 27   0.160291
9 28   0.160291
9 29   0.160291
9 30   0.160291
9 31   0.160291
9 32   0.160291
9 33   0.160291
9 34   0.160291
9 35   0.160291
9 36   0.160291
9 37   0.160291
9 38   0.160291
9 39   0.160291
9 40   0.160291
10 1   0.217224
10 2   0.217224
10 3   0.217224
10 4   0.217224
10 5   0.217224
10 6   0.217224
10 7   0.217224
10 8   0.217224
10 9   0.217224
10 10   0.217224
10 11   0.217224
10 12   0.217224
10 13   0.217224
10 14   0.217224
10 15   0.217224
10 16   0.217224
10 17   0.217224
10 18   0.217224
10 19   0.217224
10 20   0.217224
10 21   0.217224
10 22   0.217224
10 23   0.217224
10 24   0.217224
10 25   0.217224
10 26   0.217224
10 27   0.217224
10 28   0.217224
10 29   0.217224
10 30   0.217224
10 31   0.217224
10 32   0.217224
10 33   0.217224
10 34   0.217224
10 35   0.217224
10 36   0.217224
10 37   0.217224
10 38   0.217224
10 39   0.217224
10 40   0.217224
11 1   0.281265
11 2   0.281265
11 3   0.281265
11 4   0.281265
11 5   0.281265
11 6   0.281265
11 7   0.281265
11 8   0.281265
11 9   0.281265
11 10   0.281265
11 11   0.281265
11 12   0.281265
11 13   0.281265
11 14   0.281265
11 15   0.281265
11 16   0.281265
11 17   0.281265
11 18   0.281265
11 19   0.281265
11 20   0.281265
11 21   0.281265
11 22   0.281265
11 23   0.281265
11 24   0.281265
11 25   0.281265
11 26   0.281265
11 27   0.281265
11 28   0.281265
11 29   0.281265
11 30   0.281265
11 31   0.281265
11 32   0.281265
11 33   0.281265
11 34   0.281265
11 35   0.281265
11 36   0.281265
11 37   0.281265
11 38   0.281265
11 39   0.281265
11 40   0.281265
12 1   0.346424
12 2   0.346424
12 3   0.346424
12 4   0.346424
12 5   0.346424
12 6   0.346424
12 7   0.346424
12 8   0.346424
12 9   0.346424
12 10   0.346424
12 11   0.346424
12 12   0.346424
12 13   0.346424
12 14   0.346424
12 15   0.346424
12 16   0.346424
12 17   0.346424
12 18   0.346424
12 19   0.346424
12 20   0.346424
12 21   0.346424
12 22   0.346424
12 23   0.346424
12 24   0.346424
12 25   0.346424
12 26   0.346424
12 27   0.346424
12 28   0.346424
12 29   0.346424
12 30   0.346424
12 31   0.346424
12 32   0.346424
12 33   0.346424
12 34   0.346424
12 35   0.346424
12 36   0.346424
12 37   0.346424
12 38   0.346424
12 39   0.346424
12 40   0.346424
13 1   0.406573
13 2   0.406573
13 3   0.406573
13 4   0.406573
13 5   0.406573
13 6   0.406573
13 7   0.406573
13 8   0.406573
13 9   0.406573
13 10   0.406573
13 11   0.406573
13 12   0.406573
13 13   0.406573
13 14   0.406573
13 15   0.406573
13 16   0.406573
13 17   0.406573
13 18   0.406573
13 19   0.406573
13 20   0.406573
13 21   0.406573
13 22   0.406573
13 23   0.406573
13 24   0.406573
13 25   0.406573
13 26   0.406573
13 27   0.406573
13 28   0.406573
13 29   0.406573
13 30   0.406573
13 31   0.406573
13 32   0.406573
13 33   0.406573
13 34   0.406573
13 35   0.406573
13 36   0.406573
13 37   0.406573
13 38   0.406573
13 39   0.406573
13 40   0.406573
14 1   0.457784
14 2   0.457784
14 3   0.457784
14 4   0.457784
14 5   0.457784
14 6   0.457784
14 7   0.457784
14 8   0.457784
14 9   0.457784
14 10   0.457784
14 11   0.457784
14 12   0.457784
14 13   0.457784
14 14   0.457784
14 15   0.457784
14 16   0.457784
14 17   0.457784
14 18   0.457784
14 19   0.457784
14 20   0.457784
14 21   0.457784
14 22   0.457784
14 23   0.457784
14 24   0.457784
14 25   0.457784
14 26   0.457784
14 27   0.457784
14 28   0.457784
14 29   0.457784
14 30   0.457784
14 31   0.457784
14 32   0.457784
14 33   0.457784
14 34   0.457784
14 35   0.457784
14 36   0.457784
14 37   0.457784
14 38   0.457784
14 39   0.457784
14 40   0.457784
15 1   0.499224
15 2   0.499224
15 3   0.499224
15 4   0.499224
15 5   0.499224
15 6   0.499224
15 7   0.499224
15 8   0.499224
15 9   0.499224
15 10   0.499224
15 11   0.499224
15 12   0.499224
15 13   0.499224
15 14   0.499224
15 15   0.499224
15 16   0.499224
15 17   0.499224
15 18   0.499224
15 19   0.499224
15 20   0.499224
15 21   0.499224
15 22   0.499224
15 23   0.499224
15 24   0.499224
15 25   0.499224
15 26   0.499224
15 27   0.499224
15 28   0.499224
15 29   0.499224
15 30   0.499224
15 31   0.499224
15 32   0.499224
15 33   0.499224
15 34   0.499224
15 35   0.499224
15 36   0.499224
15 37   0.499224
15 38   0.499224
15 39   0.499224
15 40   0.499224
16 1   0.531582
16 2   0.531582
16 3   0.531582
16 4   0.531582
16 5   0.531582
16 6   0.531582
16 7   0.531582
16 8   0.531582
16 9   0.531582
16 10   0.531582
16 11   0.531582
16 12   0.531582
16 13   0.531582
16 14   0.531582
16 15   0.531582
16 16   0.531582
16 17   0.531582
16 18   0.531582
16 19   0.531582
16 20   0.531582
16 21   0.531582
16 22   0.531582
16 23   0.531582
16 24   0.531582
16 25   0.531582
16 26   0.531582
16 27   0.531582
16 28   0.531582
16 29   0.531582
16 30   0.531582
16 31   0.531582
16 32   0.531582
16 33   0.531582
16 34   0.531582
16 35   0.531582
16 36   0.531582
16 37   0.531582
16 38   0.531582
16 39   0.531582
16 40   0.531582
17 1   0.554445
17 2   0.554445
17 3   0.554445
17 4   0.554445
17 5   0.554445
17 6   0.554445
17 7   0.554445
17 8   0.554445
17 9   0.554445
17 10   0.554445
17 11   0.554445
17 12   0.554445
17 13   0.554445
17 14   0.554445
17 15   0.554445
17 16   0.554445
17 17   0.554445
17 18   0.554445
17 19   0.554445
17 20   0.554445
17 21   0.554445
17 22   0.554445
17 23   0.554445
17 24   0.554445
17 25   0.554445
17 26   0.554445
17 27   0.554445
17 28   0.554445
17 29   0.554445
17 30   0.554445
17 31   0.554445
17 32   0.554445
17 33   0.554445
17 34   0.554445
17 35   0.554445
17 36   0.554445
17 37   0.554445
17 38   0.554445
17 39   0.554445
17 40   0.554445
18 1   0.565385
18 2   0.565385
18 3   0.565385
18 4   0.565385
18 5   0.565385
18 6   0.565385
18 7   0.565385
18 8   0.565385
18 9   0.565385
18 10   0.565385
18 11   0.565385
18 12   0.565385
18 13   0.565385
18 14   0.565385
18 15   0.565385
18 16   0.565385
18 17   0.565385
18 18   0.565385
18 19   0.565385
18 20   0.565385
18 21   0.565385
18 22   0.565385
18 23   0.565385
18 24   0.565385
18 25   0.565385
18 26   0.565385
18 27   0.565385
18 28   0.565385
18 29   0.565385
18 30   0.565385
18 31   0.565385
18 32   0.565385
18 33   0.565385
18 34   0.565385
18 35   0.565385
18 36   0.565385
18 37   0.565385
18 38   0.565385
18 39   0.565385
18 40   0.565385
19 1   0.561846
19 2   0.561846
19 3   0.561846
19 4   0.561846
19 5   0.561846
19 6   0.561846
19 7   0.561846
19 8   0.561846
19 9   0.561846
19 10   0.561846
19 11   0.561846
19 12   0.561846
19 13   0.561846
19 14   0.561846
19 15   0.561846
19 16   0.561846
19 17   0.561846
19 18   0.561846
19 19   0.561846
19 20   0.561846
19 21   0.561846
19 22   0.561846
19 23   0.561846
19 24   0.561846
19 25   0.561846
19 26   0.561846
19 27   0.561846
19 28   0.561846
19 29   0.561846
19 30   0.561846
19 31   0.561846
19 32   0.561846
19 33   0.561846
19 34   0.561846
19 35   0.561846
19 36   0.561846
19 37   0.561846
19 38   0.561846
19 39   0.561846
19 40   0.561846
20 1   0.544004
20 2   0.544004
20 3   0.544004
20 4   0.544004
20 5   0.544004
20 6   0.544004
20 7   0.544004
20 8   0.544004
20 9   0.544004
20 10   0.544004
20 11   0.544004
20 12   0.544004
20 13   0.544004
20 14   0.544004
20 15   0.544004
20 16   0.544004
20 17   0.544004
20 18   0.544004
20 19   0.544004
20 20   0.544004
20 21   0.544004
20 22   0.544004
20 23   0.544004
20 24   0.544004
20 25   0.544004
20 26   0.544004
20 27   0.544004
20 28   0.544004
20 29   0.544004
20 30   0.544004
20 31   0.544004
20 32   0.544004
20 33   0.544004
20 34   0.544004
20 35   0.544004
20 36   0.544004
20 37   0.544004
20 38   0.544004
20 39   0.544004
20 40   0.544004
21 1   0.515895
21 2   0.515895
21 3   0.515895
21 4   0.515895
21 5   0.515895
21 6   0.515895
21 7   0.515895
21 8   0.515895
21 9   0.515895
21 10   0.515895
21 11   0.515895
21 12   0.515895
21 13   0.515895
21 14   0.515895
21 15   0.515895
21 16   0.515895
21 17   0.515895
21 18   0.515895
21 19   0.515895
21 20   0.515895
21 21   0.515895
21 22   0.515895
21 23   0.515895
21 24   0.515895
21 25   0.515895
21 26   0.515895
21 27   0.515895
21 28   0.515895
21 29   0.515895
21 30   0.515895
21 31   0.515895
21 32   0.515895
21 33   0.515895
21 34   0.515895
21 35   0.515895
21 36   0.515895
21 37   0.515895
21 38   0.515895
21 39   0.515895
21 40   0.515895
22 1   0.484217
22 2   0.484217
22 3   0.484217
22 4   0.484217
22 5   0.484217
22 6   0.484217
22 7   0.484217
22 8   0.484217
22 9   0.484217
22 10   0.484217
22 11   0.484217
22 12   0.484217
22 13   0.484217
22 14   0.484217
22 15   0.484217
22 16   0.484217
22 17   0.484217
22 18   0.484217
22 19   0.484217
22 20   0.484217
22 21   0.484217
22 22   0.484217
22 23   0.484217
22 24   0.484217
22 25   0.484217
22 26   0.484217
22 27   0.484217
22 28   0.484217
22 29   0.484217
22 30   0.484217
22 31   0.484217
22 32   0.484217
22 33   0.484217
22 34   0.484217
22 35   0.484217
22 36   0.484217
22 37   0.484217
22 38   0.484217
22 39   0.484217
22 40   0.484217
23 1   0.456268
23 2   0.456268
23 3   0.456268
23 4   0.456268
23 5   0.456268
23 6   0.456268
23 7   0.456268
23 8   0.456268
23 9   0.456268
23 10   0.456268
23 11   0.456268
23 12   0.456268
23 13   0.456268
23 14   0.456268
23 15   0.456268
23 16   0.456268
23 17   0.456268
23 18   0.456268
23 19   0.456268
23 20   0.456268
23 21   0.456268
23 22   0.456268
23 23   0.456268
23 24   0.456268
23 25   0.456268
23 26   0.456268
23 27   0.456268
23 28   0.456268
23 29   0.456268
23 30   0.456268
23 31   0.456268
23 32   0.456268
23 33   0.456268
23 34   0.456268
23 35   0.456268
23 36   0.456268
23 37   0.456268
23 38   0.456268
23 39   0.456268
23 40   0.456268
24 1   0.438319
24 2   0.438319
24 3   0.438319
24 4   0.438319
24 5   0.438319
24 6   0.438319
24 7   0.438319
24 8   0.438319
24 9   0.438319
24 10   0.438319
24 11   0.438319
24 12   0.438319
24 13   0.438319
24 14   0.438319
24 15   0.438319
24 16   0.438319
24 17   0.438319
24 18   0.438319
24 19   0.438319
24 20   0.438319
24 21   0.438319
24 22   0.438319
24 23   0.438319
24 24   0.438319
24 25   0.438319
24 26   0.438319
24 27   0.438319
24 28   0.438319
24 29   0.438319
24 30   0.438319
24 31   0.438319
24 32   0.438319
24 33   0.438319
24 34   0.438319
24 35   0.438319
24 36   0.438319
24 37   0.438319
24 38   0.438319
24 39   0.438319
24 40   0.438319
25 1   0.434371
25 2   0.434371
25 3   0.434371
25 4   0.434371
25 5   0.434371
25 6   0.434371
25 7   0.434371
25 8   0.434371
25 9   0.434371
25 10   0.434371
25 11   0.434371
25 12   0.434371
25 13   0.434371
25 14   0.434371
25 15   0.434371
25 16   0.434371
25 17   0.434371
25 18   0.434371
25 19   0.434371
25 20   0.434371
25 21   0.434371
25 22   0.434371
25 23   0.434371
25 24   0.434371
25 25   0.434371
25 26   0.434371
25 27   0.434371
25 28   0.434371
25 29   0.434371
25 30   0.434371
25 31   0.434371
25 32   0.434371
25 33   0.434371
25 34   0.434371
25 35   0.434371
25 36   0.434371
25 37   0.434371
25 38   0.434371
25 39   0.434371
25 40   0.434371
26 1   0.445212
26 2   0.445212
26 3   0.445212
26 4   0.445212
26 5   0.445212
26 6   0.445212
26 7   0.445212
26 8   0.445212
26 9   0.445212
26 10   0.445212
26 11   0.445212
26 12   0.445212
26 13   0.445212
26 14   0.445212
26 15   0.445212
26 16   0.445212
26 17   0.445212
26 18   0.445212
26 19   0.445212
26 20   0.445212
26 21   0.445212
26 22   0.445212
26 23   0.445212
26 24   0.445212
26 25   0.445212
26 26   0.445212
26 27   0.445212
26 28   0.445212
26 29   0.445212
26 30   0.445212
26 31   0.445212
26 32   0.445212
26 33   0.445212
26 34   0.445212
26 35   0.445212
26 36   0.445212
26 37   0.445212
26 38   0.445212
26 39   0.445212
26 40   0.445212
27 1   0.468676
27 2   0.468676
27 3   0.468676
27 4   0.468676
27 5   0.468676
27 6   0.468676
27 7   0.468676
27 8   0.468676
27 9   0.468676
27 10   0.468676
27 11   0.468676
27 12   0.468676
27 13   0.468676
27 14   0.468676
27 15   0.468676
27 16   0.468676
27 17   0.468676
27 18   0.468676
27 19   0.468676
27 20   0.468676
27 21   0.468676
27 22   0.468676
27 23   0.468676
27 24   0.468676
27 25   0.468676
27 26   0.468676
27 27   0.468676
27 28   0.468676
27 29   0.468676
27 30   0.468676
27 31   0.468676
27 32   0.468676
27 33   0.468676
27 34   0.468676
27 35   0.468676
27 36   0.468676
27 37   0.468676
27 38   0.468676
27 39   0.468676
27 40   0.468676
28 1   0.501694
28 2   0.501694
28 3   0.501694
28 4   0.501694
28 5   0.501694
28 6   0.501694
28 7   0.501694
28 8   0.501694
28 9   0.501694
28 10   0.501694
28 11   0.501694
28 12   0.501694
28 13   0.501694
28 14   0.501694
28 15   0.501694
28 16   0.501694
28 17   0.501694
28 18   0.501694
28 19   0.501694
28 20   0.501694
28 21   0.501694
28 22   0.501694
28 23   0.501694
28 24   0.501694
28 25   0.501694
28 26   0.501694
28 27   0.501694
28 28   0.501694
28 29   0.501694
28 30   0.501694
28 31   0.501694
28 32   0.501694
28 33   0.501694
28 34   0.501694
28 35   0.501694
28 36   0.501694
28 37   0.501694
28 38   0.501694
28 39   0.501694
28 40   0.501694
29 1   0.542833
29 2   0.542833
29 3   0.542833
29 4   0.542833
29 5   0.542833
29 6   0.542833
29 7   0.542833
29 8   0.542833
29 9   0.542833
29 10   0.542833
29 11   0.542833
29 12   0.542833
29 13   0.542833
29 14   0.542833
29 15   0.542833
29 16   0.542833
29 17   0.542833
29 18   0.542833
29 19   0.542833
29 20   0.542833
29 21   0.542833
29 22   0.542833
29 23   0.542833
29 24   0.542833
29 25   0.542833
29 26   0.542833
29 27   0.542833
29 28   0.542833
29 29   0.542833
29 30   0.542833
29 31   0.542833
29 32   0.542833
29 33   0.542833
29 34   0.542833
29 35   0.542833
29 36   0.542833
29 37   0.542833
29 38   0.542833
29 39   0.542833
29 40   0.542833
30 1   0.592832
30 2   0.592832
30 3   0.592832
30 4   0.592832
30 5   0.592832
30 6   0.592832
30 7   0.592832
30 8   0.592832
30 9   0.592832
30 10   0.592832
30 11   0.592832
30 12   0.592832
30 13   0.592832
30 14   0.592832
30 15   0.592832
30 16   0.592832
30 17   0.592832
30 18   0.592832
30 19   0.592832
30 20   0.592832
30 21   0.592832
30 22   0.592832
30 23   0.592832
30 24   0.592832
30 25   0.592832
30 26   0.592832
30 27   0.592832
30 28   0.592832
30 29   0.592832
30 30   0.592832
30 31   0.592832
30 32   0.592832
30 33   0.592832
30 34   0.592832
30 35   0.592832
30 36   0.592832
30 37   0.592832
30 38   0.592832
30 39   0.592832
30 40   0.592832
31 1   0.65227
31 2   0.65227
31 3   0.65227
31 4   0.65227
31 5   0.65227
31 6   0.65227
31 7   0.65227
31 8   0.65227
31 9   0.65227
31 10   0.65227
31 11   0.65227
31 12   0.65227
31 13   0.65227
31 14   0.65227
31 15   0.65227
31 16   0.65227
31 17   0.65227
31 18   0.65227
31 19   0.65227
31 20   0.65227
31 21   0.65227
31 22   0.65227
31 23   0.65227
31 24   0.65227
31 25   0.65227
31 26   0.65227
31 27   0.65227
31 28   0.65227
31 29   0.65227
31 30   0.65227
31 31   0.65227
31 32   0.65227
31 33   0.65227
31 34   0.65227
31 35   0.65227
31 36   0.65227
31 37   0.65227
31 38   0.65227
31 39   0.65227
31 40   0.65227
32 1   0.718355
32 2   0.718355
32 3   0.718355
32 4   0.718355
32 5   0.718355
32 6   0.718355
32 7   0.718355
32 8   0.718355
32 9   0.718355
32 10   0.718355
32 11   0.718355
32 12   0.718355
32 13   0.718355
32 14   0.718355
32 15   0.718355
32 16   0.718355
32 17   0.718355
32 18   0.718355
32 19   0.718355
32 20   0.718355
32 21   0.718355
32 22   0.718355
32 23   0.718355
32 24   0.718355
32 25   0.718355
32 26   0.718355
32 27   0.718355
32 28   0.718355
32 29   0.718355
32 30   0.718355
32 31   0.718355
32 32   0.718355
32 33   0.718355
32 34   0.718355
32 35   0.718355
32 36   0.718355
32 37   0.718355
32 38   0.718355
32 39   0.718355
32 40   0.718355
33 1   0.784128
33 2   0.784128
33 3   0.784128
33 4   0.784128
33 5   0.784128
33 6   0.784128
33 7   0.784128
33 8   0.784128
33 9   0.784128
33 10   0.784128
33 11   0.784128
33 12   0.784128
33 13   0.784128
33 14   0.784128
33 15   0.784128
33 16   0.784128
33 17   0.784128
33 18   0.784128
33 19   0.784128
33 20   0.784128
33 21   0.784128
33 22   0.784128
33 23   0.784128
33 24   0.784128
33 25   0.784128
33 26   0.784128
33 27   0.784128
33 28   0.784128
33 29   0.784128
33 30   0.784128
33 31   0.784128
33 32   0.784128
33 33   0.784128
33 34   0.784128
33 35   0.784128
33 36   0.784128
33 37   0.784128
33 38   0.784128
33 39   0.784128
33 40   0.784128
34 1   0.841413
34 2   0.841413
34 3   0.841413
34 4   0.841413
34 5   0.841413
34 6   0.841413
34 7   0.841413
34 8   0.841413
34 9   0.841413
34 10   0.841413
34 11   0.841413
34 12   0.841413
34 13   0.841413
34 14   0.841413
34 15   0.841413
34 16   0.841413
34 17   0.841413
34 18   0.841413
34 19   0.841413
34 20   0.841413
34 21   0.841413
34 22   0.841413
34 23   0.841413
34 24   0.841413
34 25   0.841413
34 26   0.841413
34 27   0.841413
34 28   0.841413
34 29   0.841413
34 30   0.841413
34 31   0.841413
34 32   0.841413
34 33   0.841413
34 34   0.841413
34 35   0.841413
34 36   0.841413
34 37   0.841413
34 38   0.841413
34 39   0.841413
34 40   0.841413
35 1   0.885267
35 2   0.885267
35 3   0.885267
35 4   0.885267
35 5   0.885267
35 6   0.885267
35 7   0.885267
35 8   0.885267
35 9   0.885267
35 10   0.885267
35 11   0.885267
35 12   0.885267
35 13   0.885267
35 14   0.885267
35 15   0.885267
35 16   0.885267
35 17   0.885267
35 18   0.885267
35 19   0.885267
35 20   0.885267
35 21   0.885267
35 22   0.885267
35 23   0.885267
35 24   0.885267
35 25   0.885267
35 26   0.885267
35 27   0.885267
35 28   0.885267
35 29   0.885267
35 30   0.885267
35 31   0.885267
35 32   0.885267
35 33   0.885267
35 34   0.885267
35 35   0.885267
35 36   0.885267
35 37   0.885267
35 38   0.885267
35 39   0.885267
35 40   0.885267
36 1   0.916117
36 2   0.916117
36 3   0.916117
36 4   0.916117
36 5   0.916117
36 6   0.916117
36 7   0.916117
36 8   0.916117
36 9   0.916117
36 10   0.916117
36 11   0.916117
36 12   0.916117
36 13   0.916117
36 14   0.916117
36 15   0.916117
36 16   0.916117
36 17   0.916117
36 18   0.916117
36 19   0.916117
36 20   0.916117
36 21   0.916117
36 22   0.916117
36 23   0.916117
36 24   0.916117
36 25   0.916117
36 26   0.916117
36 27   0.916117
36 28   0.916117
36 29   0.916117
36 30   0.916117
36 31   0.916117
36 32   0.916117
36 33   0.916117
36 34   0.916117
36 35   0.916117
36 36   0.916117
36 37   0.916117
36 38   0.916117
36 39   0.916117
36 40   0.916117
37 1   0.938001
37 2   0.938001
37 3   0.938001
37 4   0.938001
37 5   0.938001
37 6   0.938001
37 7   0.938001
37 8   0.938001
37 9   0.938001
37 10   0.938001
37 11   0.938001
37 12   0.938001
37 13   0.938001
37 14   0.938001
37 15   0.938001
37 16   0.938001
37 17   0.938001
37 18   0.938001
37 19   0.938001
37 20   0.938001
37 21   0.938001
37 22   0.938001
37 23   0.938001
37 24   0.938001
37 25   0.938001
37 26   0.938001
37 27   0.938001
37 28   0.938001
37 29   0.938001
37 30   0.938001
37 31   0.938001
37 32   0.938001
37 33   0.938001
37 34   0.938001
37 35   0.938001
37 36   0.938001
37 37   0.938001
37 38   0.938001
37 39   0.938001
37 40   0.938001
38 1   0.954777
38 2   0.954777
38 3   0.954777
38 4   0.954777
38 5   0.954777
38 6   0.954777
38 7   0.954777
38 8   0.954777
38 9   0.954777
38 10   0.954777
38 11   0.954777
38 12   0.954777
38 13   0.954777
38 14   0.954777
38 15   0.954777
38 16   0.954777
38 17   0.954777
38 18   0.954777
38 19   0.954777
38 20   0.954777
38 21   0.954777
38 22   0.954777
38 23   0.954777
38 24   0.954777
38 25   0.954777
38 26   0.954777
38 27   0.954777
38 28   0.954777
38 29   0.954777
38 30   0.954777
38 31   0.954777
38 32   0.954777
38 33   0.954777
38 34   0.954777
38 35   0.954777
38 36   0.954777
38 37   0.954777
38 38   0.954777
38 39   0.954777
38 40   0.954777
39 1   0.967522
39 2   0.967522
39 3   0.967522
39 4   0.967522
39 5   0.967522
39 6   0.967522
39 7   0.967522
39 8   0.967522
39 9   0.967522
39 10   0.967522
39 11   0.967522
39 12   0.967522
39 13   0.967522
39 14   0.967522
39 15   0.967522
39 16   0.967522
39 17   0.967522
39 18   0.967522
39 19   0.967522
39 20   0.967522
39 21   0.967522
39 22   0.967522
39 23   0.967522
39 24   0.967522
39 25   0.967522
39 26   0.967522
39 27   0.967522
39 28   0.967522
39 29   0.967522
39 30   0.967522
39 31   0.967522
39 32   0.967522
39 33   0.967522
39 34   0.967522
39 35   0.967522
39 36   0.967522
39 37   0.967522
39 38   0.967522
39 39   0.967522
39 40   0.967522
40 1   0.974768
40 2   0.974768
40 3   0.974768
40 4   0.974768
40 5   0.974768
40 6   0.974768
40 7   0.974768
40 8   0.974768
40 9   0.974768
40 10   0.974768
40 11   0.974768
40 12   0.974768
40 13   0.974768
40 14   0.974768
40 15   0.974768
40 16   0.974768
40 17   0.974768
40 18   0.974768
40 19   0.974768
40 20   0.974768
40 21   0.974768
40 22   0.974768
40 23   0.974768
40 24   0.974768
40 25   0.974768
40 26   0.974768
40 27   0.974768
40 28   0.974768
40 29   0.974768
40 30   0.974768
40 31   0.974768
40 32   0.974768
40 33   0.974768
40 34   0.974768
40 35   0.974768
40 36   0.974768
40 37   0.974768
40 38   0.974768
40 39   0.974768
40 40   0.974768
