1 1   0.110535
1 2   0.110535
1 3   0.110535
1 4   0.110535
1 5   0.110535
1 6   0.110535
1 7   0.110535
1 8   0.110535
1 9   0.110535
1 10   0.110535
1 11   0.110535
1 12   0.110535
1 13   0.110535
1 14   0.110535
1 15   0.110535
1 16   0.110535
1 17   0.110535
1 18   0.110535
1 19   0.110535
1 20   0.110535
1 21   0.110535
1 22   0.110535
1 23   0.110535
1 24   0.110535
1 25   0.110535
1 26   0.110535
1 27   0.110535
1 28   0.110535
1 29   0.110535
1 30   0.110535
1 31   0.110535
1 32   0.110535
1 33   0.110535
1 34   0.110535
1 35   0.110535
1 36   0.110535
1 37   0.110535
1 38   0.110535
1 39   0.110535
1 40   0.110535
2 1   0.128301
2 2   0.128301
2 3   0.128301
2 4   0.128301
2 5   0.128301
2 6   0.128301
2 7   0.128301
2 8   0.128301
2 9   0.128301
2 10   0.128301
2 11   0.128301
2 12   0.128301
2 13   0.128301
2 14   0.128301
2 15   0.128301
2 16   0.128301
2 17   0.128301
2 18   0.128301
2 19   0.128301
2 20   0.128301
2 21   0.128301
2 22   0.128301
2 23   0.128301
2 24   0.128301
2 25   0.128301
2 26   0.128301
2 27   0.128301
2 28   0.128301
2 29   0.128301
2 30   0.128301
2 31   0.128301
2 32   0.128301
2 33   0.128301
2 34   0.128301
2 35   0.128301
2 36   0.128301
2 37   0.128301
2 38   0.128301
2 39   0.128301
2 40   0.128301
3 1   0.161328
3 2   0.161328
3 3   0.161328
3 4   0.161328
3 5   0.161328
3 6   0.161328
3 7   0.161328
3 8   0.161328
3 9   0.161328
3 10   0.161328
3 11   0.161328
3 12   0.161328
3 13   0.161328
3 14   0.161328
3 15   0.161328
3 16   0.161328
3 17   0.161328
3 18   0.161328
3 19   0.161328
3 20   0.161328
3 21   0.161328
3 22   0.161328
3 23   0.161328
3 24   0.161328
3 25   0.161328
3 26   0.161328
3 27   0.161328
3 28   0.161328
3 29   0.161328
3 30   0.161328
3 31   0.161328
3 32   0.161328
3 33   0.161328
3 34   0.161328
3 35   0.161328
3 36   0.161328
3 37   0.161328
3 38   0.161328
3 39   0.161328
3 40   0.161328
4 1   0.206175
4 2   0.206175
4 3   0.206175
4 4   0.206175
4 5   0.206175
4 6   0.206175
4 7   0.206175
4 8   0.206175
4 9   0.206175
4 10   0.206175
4 11   0.206175
4 12   0.206175
4 13   0.206175
4 14   0.206175
4 15   0.206175
4 16   0.206175
4 17   0.206175
4 18   0.206175
4 19   0.206175
4 20   0.206175
4 21   0.206175
4 22   0.206175
4 23   0.206175
4 24   0.206175
4 25   0.206175
4 26   0.206175
4 27   0.206175
4 28   0.206175
4 29   0.206175
4 30   0.206175
4 31   0.206175
4 32   0.206175
4 33   0.206175
4 34   0.206175
4 35   0.206175
4 36   0.206175
4 37   0.206175
4 38   0.206175
4 39   0.206175
4 40   0.206175
5 1   0.259761
5 2   0.259761
5 3   0.259761
5 4   0.259761
5 5   0.259761
5 6   0.259761
5 7   0.259761
5 8   0.259761
5 9   0.259761
5 10   0.259761
5 11   0.259761
5 12   0.259761
5 13   0.259761
5 14   0.259761
5 15   0.259761
5 16   0.259761
5 17   0.259761
5 18   0.259761
5 19   0.259761
5 20   0.259761
5 21   0.259761
5 22   0.259761
5 23   0.259761
5 24   0.259761
5 25   0.259761
5 26   0.259761
5 27   0.259761
5 28   0.259761
5 29   0.259761
5 30   0.259761
5 31   0.259761
5 32   0.259761
5 33   0.259761
5 34   0.259761
5 35   0.259761
5 36   0.259761
5 37   0.259761
5 38   0.259761
5 39   0.259761
5 40   0.259761
6 1   0.31889
6 2   0.31889
6 3   0.31889
6 4   0.31889
6 5   0.31889
6 6   0.31889
6 7   0.31889
6 8   0.31889
6 9   0.31889
6 10   0.31889
6 11   0.31889
6 12   0.31889
6 13   0.31889
6 14   0.31889
6 15   0.31889
6 16   0.31889
6 17   0.31889
6 18   0.31889
6 19   0.31889
6 20   0.31889
6 21   0.31889
6 22   0.31889
6 23   0.31889
6 24   0.31889
6 25   0.31889
6 26   0.31889
6 27   0.31889
6 28   0.31889
6 29   0.31889
6 30   0.31889
6 31   0.31889
6 32   0.31889
6 33   0.31889
6 34   0.31889
6 35   0.31889
6 36   0.31889
6 37   0.31889
6 38   0.31889
6 39   0.31889
6 40   0.31889
7 1   0.378696
7 2   0.378696
7 3   0.378696
7 4   0.378696
7 5   0.378696
7 6   0.378696
7 7   0.378696
7 8   0.378696
7 9   0.378696
7 10   0.378696
7 11   0.378696
7 12   0.378696
7 13   0.378696
7 14   0.378696
7 15   0.378696
7 16   0.378696
7 17   0.378696
7 18   0.378696
7 19   0.378696
7 20   0.378696
7 21   0.378696
7 22   0.378696
7 23   0.378696
7 24   0.378696
7 25   0.378696
7 26   0.378696
7 27   0.378696
7 28   0.378696
7 29   0.378696
7 30   0.378696
7 31   0.378696
7 32   0.378696
7 33   0.378696
7 34   0.378696
7 35   0.378696
7 36   0.378696
7 37   0.378696
7 38   0.378696
7 39   0.378696
7 40   0.378696
8 1   0.432143
8 2   0.432143
8 3   0.432143
8 4   0.432143
8 5   0.432143
8 6   0.432143
8 7   0.432143
8 8   0.432143
8 9   0.432143
8 10   0.432143
8 11   0.432143
8 12   0.432143
8 13   0.432143
8 14   0.432143
8 15   0.432143
8 16   0.432143
8 17   0.432143
8 18   0.432143
8 19   0.432143
8 20   0.432143
8 21   0.432143
8 22   0.432143
8 23   0.432143
8 24   0.432143
8 25   0.432143
8 26   0.432143
8 27   0.432143
8 28   0.432143
8 29   0.432143
8 30   0.432143
8 31   0.432143
8 32   0.432143
8 33   0.432143
8 34   0.432143
8 35   0.432143
8 36   0.432143
8 37   0.432143
8 38   0.432143
8 39   0.432143
8 40   0.432143
9 1   0.47189
9 2   0.47189
9 3   0.47189
9 4   0.47189
9 5   0.47189
9 6   0.47189
9 7   0.47189
9 8   0.47189
9 9   0.47189
9 10   0.47189
9 11   0.47189
9 12   0.47189
9 13   0.47189
9 14   0.47189
9 15   0.47189
9 16   0.47189
9 17   0.47189
9 18   0.47189
9 19   0.47189
9 20   0.47189
9 21   0.47189
9 22   0.47189
9 23   0.47189
9 24   0.47189
9 25   0.47189
9 26   0.47189
9 27   0.47189
9 28   0.47189
9 29   0.47189
9 30   0.47189
9 31   0.47189
9 32   0.47189
9 33   0.47189
9 34   0.47189
9 35   0.47189
9 36   0.47189
9 37   0.47189
9 38   0.47189
9 39   0.47189
9 40   0.47189
10 1   0.493601
10 2   0.493601
10 3   0.493601
10 4   0.493601
10 5   0.493601
10 6   0.493601
10 7   0.493601
10 8   0.493601
10 9   0.493601
10 10   0.493601
10 11   0.493601
10 12   0.493601
10 13   0.493601
10 14   0.493601
10 15   0.493601
10 16   0.493601
10 17   0.493601
10 18   0.493601
10 19   0.493601
10 20   0.493601
10 21   0.493601
10 22   0.493601
10 23   0.493601
10 24   0.493601
10 25   0.493601
10 26   0.493601
10 27   0.493601
10 28   0.493601
10 29   0.493601
10 30   0.493601
10 31   0.493601
10 32   0.493601
10 33   0.493601
10 34   0.493601
10 35   0.493601
10 36   0.493601
10 37   0.493601
10 38   0.493601
10 39   0.493601
10 40   0.493601
11 1   0.498439
11 2   0.498439
11 3   0.498439
11 4   0.498439
11 5   0.498439
11 6   0.498439
11 7   0.498439
11 8   0.498439
11 9   0.498439
11 10   0.498439
11 11   0.498439
11 12   0.498439
11 13   0.498439
11 14   0.498439
11 15   0.498439
11 16   0.498439
11 17   0.498439
11 18   0.498439
11 19   0.498439
11 20   0.498439
11 21   0.498439
11 22   0.498439
11 23   0.498439
11 24   0.498439
11 25   0.498439
11 26   0.498439
11 27   0.498439
11 28   0.498439
11 29   0.498439
11 30   0.498439
11 31   0.498439
11 32   0.498439
11 33   0.498439
11 34   0.498439
11 35   0.498439
11 36   0.498439
11 37   0.498439
11 38   0.498439
11 39   0.498439
11 40   0.498439
12 1   0.492813
12 2   0.492813
12 3   0.492813
12 4   0.492813
12 5   0.492813
12 6   0.492813
12 7   0.492813
12 8   0.492813
12 9   0.492813
12 10   0.492813
12 11   0.492813
12 12   0.492813
12 13   0.492813
12 14   0.492813
12 15   0.492813
12 16   0.492813
12 17   0.492813
12 18   0.492813
12 19   0.492813
12 20   0.492813
12 21   0.492813
12 22   0.492813
12 23   0.492813
12 24   0.492813
12 25   0.492813
12 26   0.492813
12 27   0.492813
12 28   0.492813
12 29   0.492813
12 30   0.492813
12 31   0.492813
12 32   0.492813
12 33   0.492813
12 34   0.492813
12 35   0.492813
12 36   0.492813
12 37   0.492813
12 38   0.492813
12 39   0.492813
12 40   0.492813
13 1   0.485288
13 2   0.485288
13 3   0.485288
13 4   0.485288
13 5   0.485288
13 6   0.485288
13 7   0.485288
13 8   0.485288
13 9   0.485288
13 10   0.485288
13 11   0.485288
13 12   0.485288
13 13   0.485288
13 14   0.485288
13 15   0.485288
13 16   0.485288
13 17   0.485288
13 18   0.485288
13 19   0.485288
13 20   0.485288
13 21   0.485288
13 22   0.485288
13 23   0.485288
13 24   0.485288
13 25   0.485288
13 26   0.485288
13 27   0.485288
13 28   0.485288
13 29   0.485288
13 30   0.485288
13 31   0.485288
13 32   0.485288
13 33   0.485288
13 34   0.485288
13 35   0.485288
13 36   0.485288
13 37   0.485288
13 38   0.485288
13 39   0.485288
13 40   0.485288
14 1   0.482463
14 2   0.482463
14 3   0.482463
14 4   0.482463
14 5   0.482463
14 6   0.482463
14 7   0.482463
14 8   0.482463
14 9   0.482463
14 10   0.482463
14 11   0.482463
14 12   0.482463
14 13   0.482463
14 14   0.482463
14 15   0.482463
14 16   0.482463
14 17   0.482463
14 18   0.482463
14 19   0.482463
14 20   0.482463
14 21   0.482463
14 22   0.482463
14 23   0.482463
14 24   0.482463
14 25   0.482463
14 26   0.482463
14 27   0.482463
14 28   0.482463
14 29   0.482463
14 30   0.482463
14 31   0.482463
14 32   0.482463
14 33   0.482463
14 34   0.482463
14 35   0.482463
14 36   0.482463
14 37   0.482463
14 38   0.482463
14 39   0.482463
14 40   0.482463
15 1   0.486281
15 2   0.486281
15 3   0.486281
15 4   0.486281
15 5   0.486281
15 6   0.486281
15 7   0.486281
15 8   0.486281
15 9   0.486281
15 10   0.486281
15 11   0.486281
15 12   0.486281
15 13   0.486281
15 14   0.486281
15 15   0.486281
15 16   0.486281
15 17   0.486281
15 18   0.486281
15 19   0.486281
15 20   0.486281
15 21   0.486281
15 22   0.486281
15 23   0.486281
15 24   0.486281
15 25   0.486281
15 26   0.486281
15 27   0.486281
15 28   0.486281
15 29   0.486281
15 30   0.486281
15 31   0.486281
15 32   0.486281
15 33   0.486281
15 34   0.486281
15 35   0.486281
15 36   0.486281
15 37   0.486281
15 38   0.486281
15 39   0.486281
15 40   0.486281
16 1   0.494148
16 2   0.494148
16 3   0.494148
16 4   0.494148
16 5   0.494148
16 6   0.494148
16 7   0.494148
16 8   0.494148
16 9   0.494148
16 10   0.494148
16 11   0.494148
16 12   0.494148
16 13   0.494148
16 14   0.494148
16 15   0.494148
16 16   0.494148
16 17   0.494148
16 18   0.494148
16 19   0.494148
16 20   0.494148
16 21   0.494148
16 22   0.494148
16 23   0.494148
16 24   0.494148
16 25   0.494148
16 26   0.494148
16 27   0.494148
16 28   0.494148
16 29   0.494148
16 30   0.494148
16 31   0.494148
16 32   0.494148
16 33   0.494148
16 34   0.494148
16 35   0.494148
16 36   0.494148
16 37   0.494148
16 38   0.494148
16 39   0.494148
16 40   0.494148
17 1   0.501373
17 2   0.501373
17 3   0.501373
17 4   0.501373
17 5   0.501373
17 6   0.501373
17 7   0.501373
17 8   0.501373
17 9   0.501373
17 10   0.501373
17 11   0.501373
17 12   0.501373
17 13   0.501373
17 14   0.501373
17 15   0.501373
17 16   0.501373
17 17   0.501373
17 18   0.501373
17 19   0.501373
17 20   0.501373
17 21   0.501373
17 22   0.501373
17 23   0.501373
17 24   0.501373
17 25   0.501373
17 26   0.501373
17 27   0.501373
17 28   0.501373
17 29   0.501373
17 30   0.501373
17 31   0.501373
17 32   0.501373
17 33   0.501373
17 34   0.501373
17 35   0.501373
17 36   0.501373
17 37   0.501373
17 38   0.501373
17 39   0.501373
17 40   0.501373
18 1   0.50424
18 2   0.50424
18 3   0.50424
18 4   0.50424
18 5   0.50424
18 6   0.50424
18 7   0.50424
18 8   0.50424
18 9   0.50424
18 10   0.50424
18 11   0.50424
18 12   0.50424
18 13   0.50424
18 14   0.50424
18 15   0.50424
18 16   0.50424
18 17   0.50424
18 18   0.50424
18 19   0.50424
18 20   0.50424
18 21   0.50424
18 22   0.50424
18 23   0.50424
18 24   0.50424
18 25   0.50424
18 26   0.50424
18 27   0.50424
18 28   0.50424
18 29   0.50424
18 30   0.50424
18 31   0.50424
18 32   0.50424
18 33   0.50424
18 34   0.50424
18 35   0.50424
18 36   0.50424
18 37   0.50424
18 38   0.50424
18 39   0.50424
18 40   0.50424
19 1   0.502119
19 2   0.502119
19 3   0.502119
19 4   0.502119
19 5   0.502119
19 6   0.502119
19 7   0.502119
19 8   0.502119
19 9   0.502119
19 10   0.502119
19 11   0.502119
19 12   0.502119
19 13   0.502119
19 14   0.502119
19 15   0.502119
19 16   0.502119
19 17   0.502119
19 18   0.502119
19 19   0.502119
19 20   0.502119
19 21   0.502119
19 22   0.502119
19 23   0.502119
19 24   0.502119
19 25   0.502119
19 26   0.502119
19 27   0.502119
19 28   0.502119
19 29   0.502119
19 30   0.502119
19 31   0.502119
19 32   0.502119
19 33   0.502119
19 34   0.502119
19 35   0.502119
19 36   0.502119
19 37   0.502119
19 38   0.502119
19 39   0.502119
19 40   0.502119
20 1   0.49767
20 2   0.49767
20 3   0.49767
20 4   0.49767
20 5   0.49767
20 6   0.49767
20 7   0.49767
20 8   0.49767
20 9   0.49767
20 10   0.49767
20 11   0.49767
20 12   0.49767
20 13   0.49767
20 14   0.49767
20 15   0.49767
20 16   0.49767
20 17   0.49767
20 18   0.49767
20 19   0.49767
20 20   0.49767
20 21   0.49767
20 22   0.49767
20 23   0.49767
20 24   0.49767
20 25   0.49767
20 26   0.49767
20 27   0.49767
20 28   0.49767
20 29   0.49767
20 30   0.49767
20 31   0.49767
20 32   0.49767
20 33   0.49767
20 34   0.49767
20 35   0.49767
20 36   0.49767
20 37   0.49767
20 38   0.49767
20 39   0.49767
20 40   0.49767
21 1   0.495101
21 2   0.495101
21 3   0.495101
21 4   0.495101
21 5   0.495101
21 6   0.495101
21 7   0.495101
21 8   0.495101
21 9   0.495101
21 10   0.495101
21 11   0.495101
21 12   0.495101
21 13   0.495101
21 14   0.495101
21 15   0.495101
21 16   0.495101
21 17   0.495101
21 18   0.495101
21 19   0.495101
21 20   0.495101
21 21   0.495101
21 22   0.495101
21 23   0.495101
21 24   0.495101
21 25   0.495101
21 26   0.495101
21 27   0.495101
21 28   0.495101
21 29   0.495101
21 30   0.495101
21 31   0.495101
21 32   0.495101
21 33   0.495101
21 34   0.495101
21 35   0.495101
21 36   0.495101
21 37   0.495101
21 38   0.495101
21 39   0.495101
21 40   0.495101
22 1   0.497378
22 2   0.497378
22 3   0.497378
22 4   0.497378
22 5   0.497378
22 6   0.497378
22 7   0.497378
22 8   0.497378
22 9   0.497378
22 10   0.497378
22 11   0.497378
22 12   0.497378
22 13   0.497378
22 14   0.497378
22 15   0.497378
22 16   0.497378
22 17   0.497378
22 18   0.497378
22 19   0.497378
22 20   0.497378
22 21   0.497378
22 22   0.497378
22 23   0.497378
22 24   0.497378
22 25   0.497378
22 26   0.497378
22 27   0.497378
22 28   0.497378
22 29   0.497378
22 30   0.497378
22 31   0.497378
22 32   0.497378
22 33   0.497378
22 34   0.497378
22 35   0.497378
22 36   0.497378
22 37   0.497378
22 38   0.497378
22 39   0.497378
22 40   0.497378
23 1   0.504028
23 2   0.504028
23 3   0.504028
23 4   0.504028
23 5   0.504028
23 6   0.504028
23 7   0.504028
23 8   0.504028
23 9   0.504028
23 10   0.504028
23 11   0.504028
23 12   0.504028
23 13   0.504028
23 14   0.504028
23 15   0.504028
23 16   0.504028
23 17   0.504028
23 18   0.504028
23 19   0.504028
23 20   0.504028
23 21   0.504028
23 22   0.504028
23 23   0.504028
23 24   0.504028
23 25   0.504028
23 26   0.504028
23 27   0.504028
23 28   0.504028
23 29   0.504028
23 30   0.504028
23 31   0.504028
23 32   0.504028
23 33   0.504028
23 34   0.504028
23 35   0.504028
23 36   0.504028
23 37   0.504028
23 38   0.504028
23 39   0.504028
23 40   0.504028
24 1   0.510994
24 2   0.510994
24 3   0.510994
24 4   0.510994
24 5   0.510994
24 6   0.510994
24 7   0.510994
24 8   0.510994
24 9   0.510994
24 10   0.510994
24 11   0.510994
24 12   0.510994
24 13   0.510994
24 14   0.510994
24 15   0.510994
24 16   0.510994
24 17   0.510994
24 18   0.510994
24 19   0.510994
24 20   0.510994
24 21   0.510994
24 22   0.510994
24 23   0.510994
24 24   0.510994
24 25   0.510994
24 26   0.510994
24 27   0.510994
24 28   0.510994
24 29   0.510994
24 30   0.510994
24 31   0.510994
24 32   0.510994
24 33   0.510994
24 34   0.510994
24 35   0.510994
24 36   0.510994
24 37   0.510994
24 38   0.510994
24 39   0.510994
24 40   0.510994
25 1   0.512942
25 2   0.512942
25 3   0.512942
25 4   0.512942
25 5   0.512942
25 6   0.512942
25 7   0.512942
25 8   0.512942
25 9   0.512942
25 10   0.512942
25 11   0.512942
25 12   0.512942
25 13   0.512942
25 14   0.512942
25 15   0.512942
25 16   0.512942
25 17   0.512942
25 18   0.512942
25 19   0.512942
25 20   0.512942
25 21   0.512942
25 22   0.512942
25 23   0.512942
25 24   0.512942
25 25   0.512942
25 26   0.512942
25 27   0.512942
25 28   0.512942
25 29   0.512942
25 30   0.512942
25 31   0.512942
25 32   0.512942
25 33   0.512942
25 34   0.512942
25 35   0.512942
25 36   0.512942
25 37   0.512942
25 38   0.512942
25 39   0.512942
25 40   0.512942
26 1   0.506827
26 2   0.506827
26 3   0.506827
26 4   0.506827
26 5   0.506827
26 6   0.506827
26 7   0.506827
26 8   0.506827
26 9   0.506827
26 10   0.506827
26 11   0.506827
26 12   0.506827
26 13   0.506827
26 14   0.506827
26 15   0.506827
26 16   0.506827
26 17   0.506827
26 18   0.506827
26 19   0.506827
26 20   0.506827
26 21   0.506827
26 22   0.506827
26 23   0.506827
26 24   0.506827
26 25   0.506827
26 26   0.506827
26 27   0.506827
26 28   0.506827
26 29   0.506827
26 30   0.506827
26 31   0.506827
26 32   0.506827
26 33   0.506827
26 34   0.506827
26 35   0.506827
26 36   0.506827
26 37   0.506827
26 38   0.506827
26 39   0.506827
26 40   0.506827
27 1   0.494487
27 2   0.494487
27 3   0.494487
27 4   0.494487
27 5   0.494487
27 6   0.494487
27 7   0.494487
27 8   0.494487
27 9   0.494487
27 10   0.494487
27 11   0.494487
27 12   0.494487
27 13   0.494487
27 14   0.494487
27 15   0.494487
27 16   0.494487
27 17   0.494487
27 18   0.494487
27 19   0.494487
27 20   0.494487
27 21   0.494487
27 22   0.494487
27 23   0.494487
27 24   0.494487
27 25   0.494487
27 26   0.494487
27 27   0.494487
27 28   0.494487
27 29   0.494487
27 30   0.494487
27 31   0.494487
27 32   0.494487
27 33   0.494487
27 34   0.494487
27 35   0.494487
27 36   0.494487
27 37   0.494487
27 38   0.494487
27 39   0.494487
27 40   0.494487
28 1   0.482362
28 2   0.482362
28 3   0.482362
28 4   0.482362
28 5   0.482362
28 6   0.482362
28 7   0.482362
28 8   0.482362
28 9   0.482362
28 10   0.482362
28 11   0.482362
28 12   0.482362
28 13   0.482362
28 14   0.482362
28 15   0.482362
28 16   0.482362
28 17   0.482362
28 18   0.482362
28 19   0.482362
28 20   0.482362
28 21   0.482362
28 22   0.482362
28 23   0.482362
28 24   0.482362
28 25   0.482362
28 26   0.482362
28 27   0.482362
28 28   0.482362
28 29   0.482362
28 30   0.482362
28 31   0.482362
28 32   0.482362
28 33   0.482362
28 34   0.482362
28 35   0.482362
28 36   0.482362
28 37   0.482362
28 38   0.482362
28 39   0.482362
28 40   0.482362
29 1   0.478321
29 2   0.478321
29 3   0.478321
29 4   0.478321
29 5   0.478321
29 6   0.478321
29 7   0.478321
29 8   0.478321
29 9   0.478321
29 10   0.478321
29 11   0.478321
29 12   0.478321
29 13   0.478321
29 14   0.478321
29 15   0.478321
29 16   0.478321
29 17   0.478321
29 18   0.478321
29 19   0.478321
29 20   0.478321
29 21   0.478321
29 22   0.478321
29 23   0.478321
29 24   0.478321
29 25   0.478321
29 26   0.478321
29 27   0.478321
29 28   0.478321
29 29   0.478321
29 30   0.478321
29 31   0.478321
29 32   0.478321
29 33   0.478321
29 34   0.478321
29 35   0.478321
29 36   0.478321
29 37   0.478321
29 38   0.478321
29 39   0.478321
29 40   0.478321
30 1   0.487585
30 2   0.487585
30 3   0.487585
30 4   0.487585
30 5   0.487585
30 6   0.487585
30 7   0.487585
30 8   0.487585
30 9   0.487585
30 10   0.487585
30 11   0.487585
30 12   0.487585
30 13   0.487585
30 14   0.487585
30 15   0.487585
30 16   0.487585
30 17   0.487585
30 18   0.487585
30 19   0.487585
30 20   0.487585
30 21   0.487585
30 22   0.487585
30 23   0.487585
30 24   0.487585
30 25   0.487585
30 26   0.487585
30 27   0.487585
30 28   0.487585
30 29   0.487585
30 30   0.487585
30 31   0.487585
30 32   0.487585
30 33   0.487585
30 34   0.487585
30 35   0.487585
30 36   0.487585
30 37   0.487585
30 38   0.487585
30 39   0.487585
30 40   0.487585
31 1   0.510326
31 2   0.510326
31 3   0.510326
31 4   0.510326
31 5   0.510326
31 6   0.510326
31 7   0.510326
31 8   0.510326
31 9   0.510326
31 10   0.510326
31 11   0.510326
31 12   0.510326
31 13   0.510326
31 14   0.510326
31 15   0.510326
31 16   0.510326
31 17   0.510326
31 18   0.510326
31 19   0.510326
31 20   0.510326
31 21   0.510326
31 22   0.510326
31 23   0.510326
31 24   0.510326
31 25   0.510326
31 26   0.510326
31 27   0.510326
31 28   0.510326
31 29   0.510326
31 30   0.510326
31 31   0.510326
31 32   0.510326
31 33   0.510326
31 34   0.510326
31 35   0.510326
31 36   0.510326
31 37   0.510326
31 38   0.510326
31 39   0.510326
31 40   0.510326
32 1   0.542106
32 2   0.542106
32 3   0.542106
32 4   0.542106
32 5   0.542106
32 6   0.542106
32 7   0.542106
32 8   0.542106
32 9   0.542106
32 10   0.542106
32 11   0.542106
32 12   0.542106
32 13   0.542106
32 14   0.542106
32 15   0.542106
32 16   0.542106
32 17   0.542106
32 18   0.542106
32 19   0.542106
32 20   0.542106
32 21   0.542106
32 22   0.542106
32 23   0.542106
32 24   0.542106
32 25   0.542106
32 26   0.542106
32 27   0.542106
32 28   0.542106
32 29   0.542106
32 30   0.542106
32 31   0.542106
32 32   0.542106
32 33   0.542106
32 34   0.542106
32 35   0.542106
32 36   0.542106
32 37   0.542106
32 38   0.542106
32 39   0.542106
32 40   0.542106
33 1   0.576384
33 2   0.576384
33 3   0.576384
33 4   0.576384
33 5   0.576384
33 6   0.576384
33 7   0.576384
33 8   0.576384
33 9   0.576384
33 10   0.576384
33 11   0.576384
33 12   0.576384
33 13   0.576384
33 14   0.576384
33 15   0.576384
33 16   0.576384
33 17   0.576384
33 18   0.576384
33 19   0.576384
33 20   0.576384
33 21   0.576384
33 22   0.576384
33 23   0.576384
33 24   0.576384
33 25   0.576384
33 26   0.576384
33 27   0.576384
33 28   0.576384
33 29   0.576384
33 30   0.576384
33 31   0.576384
33 32   0.576384
33 33   0.576384
33 34   0.576384
33 35   0.576384
33 36   0.576384
33 37   0.576384
33 38   0.576384
33 39   0.576384
33 40   0.576384
34 1   0.607274
34 2   0.607274
34 3   0.607274
34 4   0.607274
34 5   0.607274
34 6   0.607274
34 7   0.607274
34 8   0.607274
34 9   0.607274
34 10   0.607274
34 11   0.607274
34 12   0.607274
34 13   0.607274
34 14   0.607274
34 15   0.607274
34 16   0.607274
34 17   0.607274
34 18   0.607274
34 19   0.607274
34 20   0.607274
34 21   0.607274
34 22   0.607274
34 23   0.607274
34 24   0.607274
34 25   0.607274
34 26   0.607274
34 27   0.607274
34 28   0.607274
34 29   0.607274
34 30   0.607274
34 31   0.607274
34 32   0.607274
34 33   0.607274
34 34   0.607274
34 35   0.607274
34 36   0.607274
34 37   0.607274
34 38   0.607274
34 39   0.607274
34 40   0.607274
35 1   0.6311
35 2   0.6311
35 3   0.6311
35 4   0.6311
35 5   0.6311
35 6   0.6311
35 7   0.6311
35 8   0.6311
35 9   0.6311
35 10   0.6311
35 11   0.6311
35 12   0.6311
35 13   0.6311
35 14   0.6311
35 15   0.6311
35 16   0.6311
35 17   0.6311
35 18   0.6311
35 19   0.6311
35 20   0.6311
35 21   0.6311
35 22   0.6311
35 23   0.6311
35 24   0.6311
35 25   0.6311
35 26   0.6311
35 27   0.6311
35 28   0.6311
35 29   0.6311
35 30   0.6311
35 31   0.6311
35 32   0.6311
35 33   0.6311
35 34   0.6311
35 35   0.6311
35 36   0.6311
35 37   0.6311
35 38   0.6311
35 39   0.6311
35 40   0.6311
36 1   0.646504
36 2   0.646504
36 3   0.646504
36 4   0.646504
36 5   0.646504
36 6   0.646504
36 7   0.646504
36 8   0.646504
36 9   0.646504
36 10   0.646504
36 11   0.646504
36 12   0.646504
36 13   0.646504
36 14   0.646504
36 15   0.646504
36 16   0.646504
36 17   0.646504
36 18   0.646504
36 19   0.646504
36 20   0.646504
36 21   0.646504
36 22   0.646504
36 23   0.646504
36 24   0.646504
36 25   0.646504
36 26   0.646504
36 27   0.646504
36 28   0.646504
36 29   0.646504
36 30   0.646504
36 31   0.646504
36 32   0.646504
36 33   0.646504
36 34   0.646504
36 35   0.646504
36 36   0.646504
36 37   0.646504
36 38   0.646504
36 39   0.646504
36 40   0.646504
37 1   0.65388
37 2   0.65388
37 3   0.65388
37 4   0.65388
37 5   0.65388
37 6   0.65388
37 7   0.65388
37 8   0.65388
37 9   0.65388
37 10   0.65388
37 11   0.65388
37 12   0.65388
37 13   0.65388
37 14   0.65388
37 15   0.65388
37 16   0.65388
37 17   0.65388
37 18   0.65388
37 19   0.65388
37 20   0.65388
37 21   0.65388
37 22   0.65388
37 23   0.65388
37 24   0.65388
37 25   0.65388
37 26   0.65388
37 27   0.65388
37 28   0.65388
37 29   0.65388
37 30   0.65388
37 31   0.65388
37 32   0.65388
37 33   0.65388
37 34   0.65388
37 35   0.65388
37 36   0.65388
37 37   0.65388
37 38   0.65388
37 39   0.65388
37 40   0.65388
38 1   0.655003
38 2   0.655003
38 3   0.655003
38 4   0.655003
38 5   0.655003
38 6   0.655003
38 7   0.655003
38 8   0.655003
38 9   0.655003
38 10   0.655003
38 11   0.655003
38 12   0.655003
38 13   0.655003
38 14   0.655003
38 15   0.655003
38 16   0.655003
38 17   0.655003
38 18   0.655003
38 19   0.655003
38 20   0.655003
38 21   0.655003
38 22   0.655003
38 23   0.655003
38 24   0.655003
38 25   0.655003
38 26   0.655003
38 27   0.655003
38 28   0.655003
38 29   0.655003
38 30   0.655003
38 31   0.655003
38 32   0.655003
38 33   0.655003
38 34   0.655003
38 35   0.655003
38 36   0.655003
38 37   0.655003
38 38   0.655003
38 39   0.655003
38 40   0.655003
39 1   0.652791
39 2   0.652791
39 3   0.652791
39 4   0.652791
39 5   0.652791
39 6   0.652791
39 7   0.652791
39 8   0.652791
39 9   0.652791
39 10   0.652791
39 11   0.652791
39 12   0.652791
39 13   0.652791
39 14   0.652791
39 15   0.652791
39 16   0.652791
39 17   0.652791
39 18   0.652791
39 19   0.652791
39 20   0.652791
39 21   0.652791
39 22   0.652791
39 23   0.652791
39 24   0.652791
39 25   0.652791
39 26   0.652791
39 27   0.652791
39 28   0.652791
39 29   0.652791
39 30   0.652791
39 31   0.652791
39 32   0.652791
39 33   0.652791
39 34   0.652791
39 35   0.652791
39 36   0.652791
39 37   0.652791
39 38   0.652791
39 39   0.652791
39 40   0.652791
40 1   0.650553
40 2   0.650553
40 3   0.650553
40 4   0.650553
40 5   0.650553
40 6   0.650553
40 7   0.650553
40 8   0.650553
40 9   0.650553
40 10   0.650553
40 11   0.650553
40 12   0.650553
40 13   0.650553
40 14   0.650553
40 15   0.650553
40 16   0.650553
40 17   0.650553
40 18   0.650553
40 19   0.650553
40 20   0.650553
40 21   0.650553
40 22   0.650553
40 23   0.650553
40 24   0.650553
40 25   0.650553
40 26   0.650553
40 27   0.650553
40 28   0.650553
40 29   0.650553
40 30   0.650553
40 31   0.650553
40 32   0.650553
40 33   0.650553
40 34   0.650553
40 35   0.650553
40 36   0.650553
40 37   0.650553
40 38   0.650553
40 39   0.650553
40 40   0.650553
