1 1   0.0834167
1 2   0.0834167
1 3   0.0834167
1 4   0.0834167
1 5   0.0834167
1 6   0.0834167
1 7   0.0834167
1 8   0.0834167
1 9   0.0834167
1 10   0.0834167
1 11   0.0834167
1 12   0.0834167
1 13   0.0834167
1 14   0.0834167
1 15   0.0834167
1 16   0.0834167
1 17   0.0834167
1 18   0.0834167
1 19   0.0834167
1 20   0.0834167
1 21   0.0834167
1 22   0.0834167
1 23   0.0834167
1 24   0.0834167
1 25   0.0834167
1 26   0.0834167
1 27   0.0834167
1 28   0.0834167
1 29   0.0834167
1 30   0.0834167
1 31   0.0834167
1 32   0.0834167
1 33   0.0834167
1 34   0.0834167
1 35   0.0834167
1 36   0.0834167
1 37   0.0834167
1 38   0.0834167
1 39   0.0834167
1 40   0.0834167
2 1   0.0943653
2 2   0.0943653
2 3   0.0943653
2 4   0.0943653
2 5   0.0943653
2 6   0.0943653
2 7   0.0943653
2 8   0.0943653
2 9   0.0943653
2 10   0.0943653
2 11   0.0943653
2 12   0.0943653
2 13   0.0943653
2 14   0.0943653
2 15   0.0943653
2 16   0.0943653
2 17   0.0943653
2 18   0.0943653
2 19   0.0943653
2 20   0.0943653
2 21   0.0943653
2 22   0.0943653
2 23   0.0943653
2 24   0.0943653
2 25   0.0943653
2 26   0.0943653
2 27   0.0943653
2 28   0.0943653
2 29   0.0943653
2 30   0.0943653
2 31   0.0943653
2 32   0.0943653
2 33   0.0943653
2 34   0.0943653
2 35   0.0943653
2 36   0.0943653
2 37   0.0943653
2 38   0.0943653
2 39   0.0943653
2 40   0.0943653
3 1   0.114931
3 2   0.114931
3 3   0.114931
3 4   0.114931
3 5   0.114931
3 6   0.114931
3 7   0.114931
3 8   0.114931
3 9   0.114931
3 10   0.114931
3 11   0.114931
3 12   0.114931
3 13   0.114931
3 14   0.114931
3 15   0.114931
3 16   0.114931
3 17   0.114931
3 18   0.114931
3 19   0.114931
3 20   0.114931
3 21   0.114931
3 22   0.114931
3 23   0.114931
3 24   0.114931
3 25   0.114931
3 26   0.114931
3 27   0.114931
3 28   0.114931
3 29   0.114931
3 30   0.114931
3 31   0.114931
3 32   0.114931
3 33   0.114931
3 34   0.114931
3 35   0.114931
3 36   0.114931
3 37   0.114931
3 38   0.114931
3 39   0.114931
3 40   0.114931
4 1   0.14327
4 2   0.14327
4 3   0.14327
4 4   0.14327
4 5   0.14327
4 6   0.14327
4 7   0.14327
4 8   0.14327
4 9   0.14327
4 10   0.14327
4 11   0.14327
4 12   0.14327
4 13   0.14327
4 14   0.14327
4 15   0.14327
4 16   0.14327
4 17   0.14327
4 18   0.14327
4 19   0.14327
4 20   0.14327
4 21   0.14327
4 22   0.14327
4 23   0.14327
4 24   0.14327
4 25   0.14327
4 26   0.14327
4 27   0.14327
4 28   0.14327
4 29   0.14327
4 30   0.14327
4 31   0.14327
4 32   0.14327
4 33   0.14327
4 34   0.14327
4 35   0.14327
4 36   0.14327
4 37   0.14327
4 38   0.14327
4 39   0.14327
4 40   0.14327
5 1   0.178028
5 2   0.178028
5 3   0.178028
5 4   0.178028
5 5   0.178028
5 6   0.178028
5 7   0.178028
5 8   0.178028
5 9   0.178028
5 10   0.178028
5 11   0.178028
5 12   0.178028
5 13   0.178028
5 14   0.178028
5 15   0.178028
5 16   0.178028
5 17   0.178028
5 18   0.178028
5 19   0.178028
5 20   0.178028
5 21   0.178028
5 22   0.178028
5 23   0.178028
5 24   0.178028
5 25   0.178028
5 26   0.178028
5 27   0.178028
5 28   0.178028
5 29   0.178028
5 30   0.178028
5 31   0.178028
5 32   0.178028
5 33   0.178028
5 34   0.178028
5 35   0.178028
5 36   0.178028
5 37   0.178028
5 38   0.178028
5 39   0.178028
5 40   0.178028
6 1   0.218761
6 2   0.218761
6 3   0.218761
6 4   0.218761
6 5   0.218761
6 6   0.218761
6 7   0.218761
6 8   0.218761
6 9   0.218761
6 10   0.218761
6 11   0.218761
6 12   0.218761
6 13   0.218761
6 14   0.218761
6 15   0.218761
6 16   0.218761
6 17   0.218761
6 18   0.218761
6 19   0.218761
6 20   0.218761
6 21   0.218761
6 22   0.218761
6 23   0.218761
6 24   0.218761
6 25   0.218761
6 26   0.218761
6 27   0.218761
6 28   0.218761
6 29   0.218761
6 30   0.218761
6 31   0.218761
6 32   0.218761
6 33   0.218761
6 34   0.218761
6 35   0.218761
6 36   0.218761
6 37   0.218761
6 38   0.218761
6 39   0.218761
6 40   0.218761
7 1   0.265493
7 2   0.265493
7 3   0.265493
7 4   0.265493
7 5   0.265493
7 6   0.265493
7 7   0.265493
7 8   0.265493
7 9   0.265493
7 10   0.265493
7 11   0.265493
7 12   0.265493
7 13   0.265493
7 14   0.265493
7 15   0.265493
7 16   0.265493
7 17   0.265493
7 18   0.265493
7 19   0.265493
7 20   0.265493
7 21   0.265493
7 22   0.265493
7 23   0.265493
7 24   0.265493
7 25   0.265493
7 26   0.265493
7 27   0.265493
7 28   0.265493
7 29   0.265493
7 30   0.265493
7 31   0.265493
7 32   0.265493
7 33   0.265493
7 34   0.265493
7 35   0.265493
7 36   0.265493
7 37   0.265493
7 38   0.265493
7 39   0.265493
7 40   0.265493
8 1   0.317742
8 2   0.317742
8 3   0.317742
8 4   0.317742
8 5   0.317742
8 6   0.317742
8 7   0.317742
8 8   0.317742
8 9   0.317742
8 10   0.317742
8 11   0.317742
8 12   0.317742
8 13   0.317742
8 14   0.317742
8 15   0.317742
8 16   0.317742
8 17   0.317742
8 18   0.317742
8 19   0.317742
8 20   0.317742
8 21   0.317742
8 22   0.317742
8 23   0.317742
8 24   0.317742
8 25   0.317742
8 26   0.317742
8 27   0.317742
8 28   0.317742
8 29   0.317742
8 30   0.317742
8 31   0.317742
8 32   0.317742
8 33   0.317742
8 34   0.317742
8 35   0.317742
8 36   0.317742
8 37   0.317742
8 38   0.317742
8 39   0.317742
8 40   0.317742
9 1   0.373633
9 2   0.373633
9 3   0.373633
9 4   0.373633
9 5   0.373633
9 6   0.373633
9 7   0.373633
9 8   0.373633
9 9   0.373633
9 10   0.373633
9 11   0.373633
9 12   0.373633
9 13   0.373633
9 14   0.373633
9 15   0.373633
9 16   0.373633
9 17   0.373633
9 18   0.373633
9 19   0.373633
9 20   0.373633
9 21   0.373633
9 22   0.373633
9 23   0.373633
9 24   0.373633
9 25   0.373633
9 26   0.373633
9 27   0.373633
9 28   0.373633
9 29   0.373633
9 30   0.373633
9 31   0.373633
9 32   0.373633
9 33   0.373633
9 34   0.373633
9 35   0.373633
9 36   0.373633
9 37   0.373633
9 38   0.373633
9 39   0.373633
9 40   0.373633
10 1   0.429585
10 2   0.429585
10 3   0.429585
10 4   0.429585
10 5   0.429585
10 6   0.429585
10 7   0.429585
10 8   0.429585
10 9   0.429585
10 10   0.429585
10 11   0.429585
10 12   0.429585
10 13   0.429585
10 14   0.429585
10 15   0.429585
10 16   0.429585
10 17   0.429585
10 18   0.429585
10 19   0.429585
10 20   0.429585
10 21   0.429585
10 22   0.429585
10 23   0.429585
10 24   0.429585
10 25   0.429585
10 26   0.429585
10 27   0.429585
10 28   0.429585
10 29   0.429585
10 30   0.429585
10 31   0.429585
10 32   0.429585
10 33   0.429585
10 34   0.429585
10 35   0.429585
10 36   0.429585
10 37   0.429585
10 38   0.429585
10 39   0.429585
10 40   0.429585
11 1   0.480706
11 2   0.480706
11 3   0.480706
11 4   0.480706
11 5   0.480706
11 6   0.480706
11 7   0.480706
11 8   0.480706
11 9   0.480706
11 10   0.480706
11 11   0.480706
11 12   0.480706
11 13   0.480706
11 14   0.480706
11 15   0.480706
11 16   0.480706
11 17   0.480706
11 18   0.480706
11 19   0.480706
11 20   0.480706
11 21   0.480706
11 22   0.480706
11 23   0.480706
11 24   0.480706
11 25   0.480706
11 26   0.480706
11 27   0.480706
11 28   0.480706
11 29   0.480706
11 30   0.480706
11 31   0.480706
11 32   0.480706
11 33   0.480706
11 34   0.480706
11 35   0.480706
11 36   0.480706
11 37   0.480706
11 38   0.480706
11 39   0.480706
11 40   0.480706
12 1   0.521728
12 2   0.521728
12 3   0.521728
12 4   0.521728
12 5   0.521728
12 6   0.521728
12 7   0.521728
12 8   0.521728
12 9   0.521728
12 10   0.521728
12 11   0.521728
12 12   0.521728
12 13   0.521728
12 14   0.521728
12 15   0.521728
12 16   0.521728
12 17   0.521728
12 18   0.521728
12 19   0.521728
12 20   0.521728
12 21   0.521728
12 22   0.521728
12 23   0.521728
12 24   0.521728
12 25   0.521728
12 26   0.521728
12 27   0.521728
12 28   0.521728
12 29   0.521728
12 30   0.521728
12 31   0.521728
12 32   0.521728
12 33   0.521728
12 34   0.521728
12 35   0.521728
12 36   0.521728
12 37   0.521728
12 38   0.521728
12 39   0.521728
12 40   0.521728
13 1   0.548241
13 2   0.548241
13 3   0.548241
13 4   0.548241
13 5   0.548241
13 6   0.548241
13 7   0.548241
13 8   0.548241
13 9   0.548241
13 10   0.548241
13 11   0.548241
13 12   0.548241
13 13   0.548241
13 14   0.548241
13 15   0.548241
13 16   0.548241
13 17   0.548241
13 18   0.548241
13 19   0.548241
13 20   0.548241
13 21   0.548241
13 22   0.548241
13 23   0.548241
13 24   0.548241
13 25   0.548241
13 26   0.548241
13 27   0.548241
13 28   0.548241
13 29   0.548241
13 30   0.548241
13 31   0.548241
13 32   0.548241
13 33   0.548241
13 34   0.548241
13 35   0.548241
13 36   0.548241
13 37   0.548241
13 38   0.548241
13 39   0.548241
13 40   0.548241
14 1   0.557991
14 2   0.557991
14 3   0.557991
14 4   0.557991
14 5   0.557991
14 6   0.557991
14 7   0.557991
14 8   0.557991
14 9   0.557991
14 10   0.557991
14 11   0.557991
14 12   0.557991
14 13   0.557991
14 14   0.557991
14 15   0.557991
14 16   0.557991
14 17   0.557991
14 18   0.557991
14 19   0.557991
14 20   0.557991
14 21   0.557991
14 22   0.557991
14 23   0.557991
14 24   0.557991
14 25   0.557991
14 26   0.557991
14 27   0.557991
14 28   0.557991
14 29   0.557991
14 30   0.557991
14 31   0.557991
14 32   0.557991
14 33   0.557991
14 34   0.557991
14 35   0.557991
14 36   0.557991
14 37   0.557991
14 38   0.557991
14 39   0.557991
14 40   0.557991
15 1   0.551937
15 2   0.551937
15 3   0.551937
15 4   0.551937
15 5   0.551937
15 6   0.551937
15 7   0.551937
15 8   0.551937
15 9   0.551937
15 10   0.551937
15 11   0.551937
15 12   0.551937
15 13   0.551937
15 14   0.551937
15 15   0.551937
15 16   0.551937
15 17   0.551937
15 18   0.551937
15 19   0.551937
15 20   0.551937
15 21   0.551937
15 22   0.551937
15 23   0.551937
15 24   0.551937
15 25   0.551937
15 26   0.551937
15 27   0.551937
15 28   0.551937
15 29   0.551937
15 30   0.551937
15 31   0.551937
15 32   0.551937
15 33   0.551937
15 34   0.551937
15 35   0.551937
15 36   0.551937
15 37   0.551937
15 38   0.551937
15 39   0.551937
15 40   0.551937
16 1   0.534569
16 2   0.534569
16 3   0.534569
16 4   0.534569
16 5   0.534569
16 6   0.534569
16 7   0.534569
16 8   0.534569
16 9   0.534569
16 10   0.534569
16 11   0.534569
16 12   0.534569
16 13   0.534569
16 14   0.534569
16 15   0.534569
16 16   0.534569
16 17   0.534569
16 18   0.534569
16 19   0.534569
16 20   0.534569
16 21   0.534569
16 22   0.534569
16 23   0.534569
16 24   0.534569
16 25   0.534569
16 26   0.534569
16 27   0.534569
16 28   0.534569
16 29   0.534569
16 30   0.534569
16 31   0.534569
16 32   0.534569
16 33   0.534569
16 34   0.534569
16 35   0.534569
16 36   0.534569
16 37   0.534569
16 38   0.534569
16 39   0.534569
16 40   0.534569
17 1   0.512975
17 2   0.512975
17 3   0.512975
17 4   0.512975
17 5   0.512975
17 6   0.512975
17 7   0.512975
17 8   0.512975
17 9   0.512975
17 10   0.512975
17 11   0.512975
17 12   0.512975
17 13   0.512975
17 14   0.512975
17 15   0.512975
17 16   0.512975
17 17   0.512975
17 18   0.512975
17 19   0.512975
17 20   0.512975
17 21   0.512975
17 22   0.512975
17 23   0.512975
17 24   0.512975
17 25   0.512975
17 26   0.512975
17 27   0.512975
17 28   0.512975
17 29   0.512975
17 30   0.512975
17 31   0.512975
17 32   0.512975
17 33   0.512975
17 34   0.512975
17 35   0.512975
17 36   0.512975
17 37   0.512975
17 38   0.512975
17 39   0.512975
17 40   0.512975
18 1   0.494694
18 2   0.494694
18 3   0.494694
18 4   0.494694
18 5   0.494694
18 6   0.494694
18 7   0.494694
18 8   0.494694
18 9   0.494694
18 10   0.494694
18 11   0.494694
18 12   0.494694
18 13   0.494694
18 14   0.494694
18 15   0.494694
18 16   0.494694
18 17   0.494694
18 18   0.494694
18 19   0.494694
18 20   0.494694
18 21   0.494694
18 22   0.494694
18 23   0.494694
18 24   0.494694
18 25   0.494694
18 26   0.494694
18 27   0.494694
18 28   0.494694
18 29   0.494694
18 30   0.494694
18 31   0.494694
18 32   0.494694
18 33   0.494694
18 34   0.494694
18 35   0.494694
18 36   0.494694
18 37   0.494694
18 38   0.494694
18 39   0.494694
18 40   0.494694
19 1   0.485147
19 2   0.485147
19 3   0.485147
19 4   0.485147
19 5   0.485147
19 6   0.485147
19 7   0.485147
19 8   0.485147
19 9   0.485147
19 10   0.485147
19 11   0.485147
19 12   0.485147
19 13   0.485147
19 14   0.485147
19 15   0.485147
19 16   0.485147
19 17   0.485147
19 18   0.485147
19 19   0.485147
19 20   0.485147
19 21   0.485147
19 22   0.485147
19 23   0.485147
19 24   0.485147
19 25   0.485147
19 26   0.485147
19 27   0.485147
19 28   0.485147
19 29   0.485147
19 30   0.485147
19 31   0.485147
19 32   0.485147
19 33   0.485147
19 34   0.485147
19 35   0.485147
19 36   0.485147
19 37   0.485147
19 38   0.485147
19 39   0.485147
19 40   0.485147
20 1   0.48589
20 2   0.48589
20 3   0.48589
20 4   0.48589
20 5   0.48589
20 6   0.48589
20 7   0.48589
20 8   0.48589
20 9   0.48589
20 10   0.48589
20 11   0.48589
20 12   0.48589
20 13   0.48589
20 14   0.48589
20 15   0.48589
20 16   0.48589
20 17   0.48589
20 18   0.48589
20 19   0.48589
20 20   0.48589
20 21   0.48589
20 22   0.48589
20 23   0.48589
20 24   0.48589
20 25   0.48589
20 26   0.48589
20 27   0.48589
20 28   0.48589
20 29   0.48589
20 30   0.48589
20 31   0.48589
20 32   0.48589
20 33   0.48589
20 34   0.48589
20 35   0.48589
20 36   0.48589
20 37   0.48589
20 38   0.48589
20 39   0.48589
20 40   0.48589
21 1   0.494477
21 2   0.494477
21 3   0.494477
21 4   0.494477
21 5   0.494477
21 6   0.494477
21 7   0.494477
21 8   0.494477
21 9   0.494477
21 10   0.494477
21 11   0.494477
21 12   0.494477
21 13   0.494477
21 14   0.494477
21 15   0.494477
21 16   0.494477
21 17   0.494477
21 18   0.494477
21 19   0.494477
21 20   0.494477
21 21   0.494477
21 22   0.494477
21 23   0.494477
21 24   0.494477
21 25   0.494477
21 26   0.494477
21 27   0.494477
21 28   0.494477
21 29   0.494477
21 30   0.494477
21 31   0.494477
21 32   0.494477
21 33   0.494477
21 34   0.494477
21 35   0.494477
21 36   0.494477
21 37   0.494477
21 38   0.494477
21 39   0.494477
21 40   0.494477
22 1   0.505798
22 2   0.505798
22 3   0.505798
22 4   0.505798
22 5   0.505798
22 6   0.505798
22 7   0.505798
22 8   0.505798
22 9   0.505798
22 10   0.505798
22 11   0.505798
22 12   0.505798
22 13   0.505798
22 14   0.505798
22 15   0.505798
22 16   0.505798
22 17   0.505798
22 18   0.505798
22 19   0.505798
22 20   0.505798
22 21   0.505798
22 22   0.505798
22 23   0.505798
22 24   0.505798
22 25   0.505798
22 26   0.505798
22 27   0.505798
22 28   0.505798
22 29   0.505798
22 30   0.505798
22 31   0.505798
22 32   0.505798
22 33   0.505798
22 34   0.505798
22 35   0.505798
22 36   0.505798
22 37   0.505798
22 38   0.505798
22 39   0.505798
22 40   0.505798
23 1   0.51405
23 2   0.51405
23 3   0.51405
23 4   0.51405
23 5   0.51405
23 6   0.51405
23 7   0.51405
23 8   0.51405
23 9   0.51405
23 10   0.51405
23 11   0.51405
23 12   0.51405
23 13   0.51405
23 14   0.51405
23 15   0.51405
23 16   0.51405
23 17   0.51405
23 18   0.51405
23 19   0.51405
23 20   0.51405
23 21   0.51405
23 22   0.51405
23 23   0.51405
23 24   0.51405
23 25   0.51405
23 26   0.51405
23 27   0.51405
23 28   0.51405
23 29   0.51405
23 30   0.51405
23 31   0.51405
23 32   0.51405
23 33   0.51405
23 34   0.51405
23 35   0.51405
23 36   0.51405
23 37   0.51405
23 38   0.51405
23 39   0.51405
23 40   0.51405
24 1   0.514582
24 2   0.514582
24 3   0.514582
24 4   0.514582
24 5   0.514582
24 6   0.514582
24 7   0.514582
24 8   0.514582
24 9   0.514582
24 10   0.514582
24 11   0.514582
24 12   0.514582
24 13   0.514582
24 14   0.514582
24 15   0.514582
24 16   0.514582
24 17   0.514582
24 18   0.514582
24 19   0.514582
24 20   0.514582
24 21   0.514582
24 22   0.514582
24 23   0.514582
24 24   0.514582
24 25   0.514582
24 26   0.514582
24 27   0.514582
24 28   0.514582
24 29   0.514582
24 30   0.514582
24 31   0.514582
24 32   0.514582
24 33   0.514582
24 34   0.514582
24 35   0.514582
24 36   0.514582
24 37   0.514582
24 38   0.514582
24 39   0.514582
24 40   0.514582
25 1   0.505287
25 2   0.505287
25 3   0.505287
25 4   0.505287
25 5   0.505287
25 6   0.505287
25 7   0.505287
25 8   0.505287
25 9   0.505287
25 10   0.505287
25 11   0.505287
25 12   0.505287
25 13   0.505287
25 14   0.505287
25 15   0.505287
25 16   0.505287
25 17   0.505287
25 18   0.505287
25 19   0.505287
25 20   0.505287
25 21   0.505287
25 22   0.505287
25 23   0.505287
25 24   0.505287
25 25   0.505287
25 26   0.505287
25 27   0.505287
25 28   0.505287
25 29   0.505287
25 30   0.505287
25 31   0.505287
25 32   0.505287
25 33   0.505287
25 34   0.505287
25 35   0.505287
25 36   0.505287
25 37   0.505287
25 38   0.505287
25 39   0.505287
25 40   0.505287
26 1   0.487461
26 2   0.487461
26 3   0.487461
26 4   0.487461
26 5   0.487461
26 6   0.487461
26 7   0.487461
26 8   0.487461
26 9   0.487461
26 10   0.487461
26 11   0.487461
26 12   0.487461
26 13   0.487461
26 14   0.487461
26 15   0.487461
26 16   0.487461
26 17   0.487461
26 18   0.487461
26 19   0.487461
26 20   0.487461
26 21   0.487461
26 22   0.487461
26 23   0.487461
26 24   0.487461
26 25   0.487461
26 26   0.487461
26 27   0.487461
26 28   0.487461
26 29   0.487461
26 30   0.487461
26 31   0.487461
26 32   0.487461
26 33   0.487461
26 34   0.487461
26 35   0.487461
26 36   0.487461
26 37   0.487461
26 38   0.487461
26 39   0.487461
26 40   0.487461
27 1   0.465891
27 2   0.465891
27 3   0.465891
27 4   0.465891
27 5   0.465891
27 6   0.465891
27 7   0.465891
27 8   0.465891
27 9   0.465891
27 10   0.465891
27 11   0.465891
27 12   0.465891
27 13   0.465891
27 14   0.465891
27 15   0.465891
27 16   0.465891
27 17   0.465891
27 18   0.465891
27 19   0.465891
27 20   0.465891
27 21   0.465891
27 22   0.465891
27 23   0.465891
27 24   0.465891
27 25   0.465891
27 26   0.465891
27 27   0.465891
27 28   0.465891
27 29   0.465891
27 30   0.465891
27 31   0.465891
27 32   0.465891
27 33   0.465891
27 34   0.465891
27 35   0.465891
27 36   0.465891
27 37   0.465891
27 38   0.465891
27 39   0.465891
27 40   0.465891
28 1   0.447823
28 2   0.447823
28 3   0.447823
28 4   0.447823
28 5   0.447823
28 6   0.447823
28 7   0.447823
28 8   0.447823
28 9   0.447823
28 10   0.447823
28 11   0.447823
28 12   0.447823
28 13   0.447823
28 14   0.447823
28 15   0.447823
28 16   0.447823
28 17   0.447823
28 18   0.447823
28 19   0.447823
28 20   0.447823
28 21   0.447823
28 22   0.447823
28 23   0.447823
28 24   0.447823
28 25   0.447823
28 26   0.447823
28 27   0.447823
28 28   0.447823
28 29   0.447823
28 30   0.447823
28 31   0.447823
28 32   0.447823
28 33   0.447823
28 34   0.447823
28 35   0.447823
28 36   0.447823
28 37   0.447823
28 38   0.447823
28 39   0.447823
28 40   0.447823
29 1   0.440809
29 2   0.440809
29 3   0.440809
29 4   0.440809
29 5   0.440809
29 6   0.440809
29 7   0.440809
29 8   0.440809
29 9   0.440809
29 10   0.440809
29 11   0.440809
29 12   0.440809
29 13   0.440809
29 14   0.440809
29 15   0.440809
29 16   0.440809
29 17   0.440809
29 18   0.440809
29 19   0.440809
29 20   0.440809
29 21   0.440809
29 22   0.440809
29 23   0.440809
29 24   0.440809
29 25   0.440809
29 26   0.440809
29 27   0.440809
29 28   0.440809
29 29   0.440809
29 30   0.440809
29 31   0.440809
29 32   0.440809
29 33   0.440809
29 34   0.440809
29 35   0.440809
29 36   0.440809
29 37   0.440809
29 38   0.440809
29 39   0.440809
29 40   0.440809
30 1   0.450119
30 2   0.450119
30 3   0.450119
30 4   0.450119
30 5   0.450119
30 6   0.450119
30 7   0.450119
30 8   0.450119
30 9   0.450119
30 10   0.450119
30 11   0.450119
30 12   0.450119
30 13   0.450119
30 14   0.450119
30 15   0.450119
30 16   0.450119
30 17   0.450119
30 18   0.450119
30 19   0.450119
30 20   0.450119
30 21   0.450119
30 22   0.450119
30 23   0.450119
30 24   0.450119
30 25   0.450119
30 26   0.450119
30 27   0.450119
30 28   0.450119
30 29   0.450119
30 30   0.450119
30 31   0.450119
30 32   0.450119
30 33   0.450119
30 34   0.450119
30 35   0.450119
30 36   0.450119
30 37   0.450119
30 38   0.450119
30 39   0.450119
30 40   0.450119
31 1   0.476914
31 2   0.476914
31 3   0.476914
31 4   0.476914
31 5   0.476914
31 6   0.476914
31 7   0.476914
31 8   0.476914
31 9   0.476914
31 10   0.476914
31 11   0.476914
31 12   0.476914
31 13   0.476914
31 14   0.476914
31 15   0.476914
31 16   0.476914
31 17   0.476914
31 18   0.476914
31 19   0.476914
31 20   0.476914
31 21   0.476914
31 22   0.476914
31 23   0.476914
31 24   0.476914
31 25   0.476914
31 26   0.476914
31 27   0.476914
31 28   0.476914
31 29   0.476914
31 30   0.476914
31 31   0.476914
31 32   0.476914
31 33   0.476914
31 34   0.476914
31 35   0.476914
31 36   0.476914
31 37   0.476914
31 38   0.476914
31 39   0.476914
31 40   0.476914
32 1   0.518111
32 2   0.518111
32 3   0.518111
32 4   0.518111
32 5   0.518111
32 6   0.518111
32 7   0.518111
32 8   0.518111
32 9   0.518111
32 10   0.518111
32 11   0.518111
32 12   0.518111
32 13   0.518111
32 14   0.518111
32 15   0.518111
32 16   0.518111
32 17   0.518111
32 18   0.518111
32 19   0.518111
32 20   0.518111
32 21   0.518111
32 22   0.518111
32 23   0.518111
32 24   0.518111
32 25   0.518111
32 26   0.518111
32 27   0.518111
32 28   0.518111
32 29   0.518111
32 30   0.518111
32 31   0.518111
32 32   0.518111
32 33   0.518111
32 34   0.518111
32 35   0.518111
32 36   0.518111
32 37   0.518111
32 38   0.518111
32 39   0.518111
32 40   0.518111
33 1   0.568014
33 2   0.568014
33 3   0.568014
33 4   0.568014
33 5   0.568014
33 6   0.568014
33 7   0.568014
33 8   0.568014
33 9   0.568014
33 10   0.568014
33 11   0.568014
33 12   0.568014
33 13   0.568014
33 14   0.568014
33 15   0.568014
33 16   0.568014
33 17   0.568014
33 18   0.568014
33 19   0.568014
33 20   0.568014
33 21   0.568014
33 22   0.568014
33 23   0.568014
33 24   0.568014
33 25   0.568014
33 26   0.568014
33 27   0.568014
33 28   0.568014
33 29   0.568014
33 30   0.568014
33 31   0.568014
33 32   0.568014
33 33   0.568014
33 34   0.568014
33 35   0.568014
33 36   0.568014
33 37   0.568014
33 38   0.568014
33 39   0.568014
33 40   0.568014
34 1   0.620712
34 2   0.620712
34 3   0.620712
34 4   0.620712
34 5   0.620712
34 6   0.620712
34 7   0.620712
34 8   0.620712
34 9   0.620712
34 10   0.620712
34 11   0.620712
34 12   0.620712
34 13   0.620712
34 14   0.620712
34 15   0.620712
34 16   0.620712
34 17   0.620712
34 18   0.620712
34 19   0.620712
34 20   0.620712
34 21   0.620712
34 22   0.620712
34 23   0.620712
34 24   0.620712
34 25   0.620712
34 26   0.620712
34 27   0.620712
34 28   0.620712
34 29   0.620712
34 30   0.620712
34 31   0.620712
34 32   0.620712
34 33   0.620712
34 34   0.620712
34 35   0.620712
34 36   0.620712
34 37   0.620712
34 38   0.620712
34 39   0.620712
34 40   0.620712
35 1   0.671851
35 2   0.671851
35 3   0.671851
35 4   0.671851
35 5   0.671851
35 6   0.671851
35 7   0.671851
35 8   0.671851
35 9   0.671851
35 10   0.671851
35 11   0.671851
35 12   0.671851
35 13   0.671851
35 14   0.671851
35 15   0.671851
35 16   0.671851
35 17   0.671851
35 18   0.671851
35 19   0.671851
35 20   0.671851
35 21   0.671851
35 22   0.671851
35 23   0.671851
35 24   0.671851
35 25   0.671851
35 26   0.671851
35 27   0.671851
35 28   0.671851
35 29   0.671851
35 30   0.671851
35 31   0.671851
35 32   0.671851
35 33   0.671851
35 34   0.671851
35 35   0.671851
35 36   0.671851
35 37   0.671851
35 38   0.671851
35 39   0.671851
35 40   0.671851
36 1   0.718952
36 2   0.718952
36 3   0.718952
36 4   0.718952
36 5   0.718952
36 6   0.718952
36 7   0.718952
36 8   0.718952
36 9   0.718952
36 10   0.718952
36 11   0.718952
36 12   0.718952
36 13   0.718952
36 14   0.718952
36 15   0.718952
36 16   0.718952
36 17   0.718952
36 18   0.718952
36 19   0.718952
36 20   0.718952
36 21   0.718952
36 22   0.718952
36 23   0.718952
36 24   0.718952
36 25   0.718952
36 26   0.718952
36 27   0.718952
36 28   0.718952
36 29   0.718952
36 30   0.718952
36 31   0.718952
36 32   0.718952
36 33   0.718952
36 34   0.718952
36 35   0.718952
36 36   0.718952
36 37   0.718952
36 38   0.718952
36 39   0.718952
36 40   0.718952
37 1   0.760506
37 2   0.760506
37 3   0.760506
37 4   0.760506
37 5   0.760506
37 6   0.760506
37 7   0.760506
37 8   0.760506
37 9   0.760506
37 10   0.760506
37 11   0.760506
37 12   0.760506
37 13   0.760506
37 14   0.760506
37 15   0.760506
37 16   0.760506
37 17   0.760506
37 18   0.760506
37 19   0.760506
37 20   0.760506
37 21   0.760506
37 22   0.760506
37 23   0.760506
37 24   0.760506
37 25   0.760506
37 26   0.760506
37 27   0.760506
37 28   0.760506
37 29   0.760506
37 30   0.760506
37 31   0.760506
37 32   0.760506
37 33   0.760506
37 34   0.760506
37 35   0.760506
37 36   0.760506
37 37   0.760506
37 38   0.760506
37 39   0.760506
37 40   0.760506
38 1   0.794859
38 2   0.794859
38 3   0.794859
38 4   0.794859
38 5   0.794859
38 6   0.794859
38 7   0.794859
38 8   0.794859
38 9   0.794859
38 10   0.794859
38 11   0.794859
38 12   0.794859
38 13   0.794859
38 14   0.794859
38 15   0.794859
38 16   0.794859
38 17   0.794859
38 18   0.794859
38 19   0.794859
38 20   0.794859
38 21   0.794859
38 22   0.794859
38 23   0.794859
38 24   0.794859
38 25   0.794859
38 26   0.794859
38 27   0.794859
38 28   0.794859
38 29   0.794859
38 30   0.794859
38 31   0.794859
38 32   0.794859
38 33   0.794859
38 34   0.794859
38 35   0.794859
38 36   0.794859
38 37   0.794859
38 38   0.794859
38 39   0.794859
38 40   0.794859
39 1   0.819789
39 2   0.819789
39 3   0.819789
39 4   0.819789
39 5   0.819789
39 6   0.819789
39 7   0.819789
39 8   0.819789
39 9   0.819789
39 10   0.819789
39 11   0.819789
39 12   0.819789
39 13   0.819789
39 14   0.819789
39 15   0.819789
39 16   0.819789
39 17   0.819789
39 18   0.819789
39 19   0.819789
39 20   0.819789
39 21   0.819789
39 22   0.819789
39 23   0.819789
39 24   0.819789
39 25   0.819789
39 26   0.819789
39 27   0.819789
39 28   0.819789
39 29   0.819789
39 30   0.819789
39 31   0.819789
39 32   0.819789
39 33   0.819789
39 34   0.819789
39 35   0.819789
39 36   0.819789
39 37   0.819789
39 38   0.819789
39 39   0.819789
39 40   0.819789
40 1   0.832995
40 2   0.832995
40 3   0.832995
40 4   0.832995
40 5   0.832995
40 6   0.832995
40 7   0.832995
40 8   0.832995
40 9   0.832995
40 10   0.832995
40 11   0.832995
40 12   0.832995
40 13   0.832995
40 14   0.832995
40 15   0.832995
40 16   0.832995
40 17   0.832995
40 18   0.832995
40 19   0.832995
40 20   0.832995
40 21   0.832995
40 22   0.832995
40 23   0.832995
40 24   0.832995
40 25   0.832995
40 26   0.832995
40 27   0.832995
40 28   0.832995
40 29   0.832995
40 30   0.832995
40 31   0.832995
40 32   0.832995
40 33   0.832995
40 34   0.832995
40 35   0.832995
40 36   0.832995
40 37   0.832995
40 38   0.832995
40 39   0.832995
40 40   0.832995
