1 1   1.01719
1 2   1.01719
1 3   1.01719
1 4   1.01719
1 5   1.01719
1 6   1.01719
1 7   1.01719
1 8   1.01719
1 9   1.01719
1 10   1.01719
1 11   1.01719
1 12   1.01719
1 13   1.01719
1 14   1.01719
1 15   1.01719
1 16   1.01719
1 17   1.01719
1 18   1.01719
1 19   1.01719
1 20   1.01719
1 21   1.01719
1 22   1.01719
1 23   1.01719
1 24   1.01719
1 25   1.01719
1 26   1.01719
1 27   1.01719
1 28   1.01719
1 29   1.01719
1 30   1.01719
1 31   1.01719
1 32   1.01719
1 33   1.01719
1 34   1.01719
1 35   1.01719
1 36   1.01719
1 37   1.01719
1 38   1.01719
1 39   1.01719
1 40   1.01719
2 1   0.995181
2 2   0.995181
2 3   0.995181
2 4   0.995181
2 5   0.995181
2 6   0.995181
2 7   0.995181
2 8   0.995181
2 9   0.995181
2 10   0.995181
2 11   0.995181
2 12   0.995181
2 13   0.995181
2 14   0.995181
2 15   0.995181
2 16   0.995181
2 17   0.995181
2 18   0.995181
2 19   0.995181
2 20   0.995181
2 21   0.995181
2 22   0.995181
2 23   0.995181
2 24   0.995181
2 25   0.995181
2 26   0.995181
2 27   0.995181
2 28   0.995181
2 29   0.995181
2 30   0.995181
2 31   0.995181
2 32   0.995181
2 33   0.995181
2 34   0.995181
2 35   0.995181
2 36   0.995181
2 37   0.995181
2 38   0.995181
2 39   0.995181
2 40   0.995181
3 1   0.977192
3 2   0.977192
3 3   0.977192
3 4   0.977192
3 5   0.977192
3 6   0.977192
3 7   0.977192
3 8   0.977192
3 9   0.977192
3 10   0.977192
3 11   0.977192
3 12   0.977192
3 13   0.977192
3 14   0.977192
3 15   0.977192
3 16   0.977192
3 17   0.977192
3 18   0.977192
3 19   0.977192
3 20   0.977192
3 21   0.977192
3 22   0.977192
3 23   0.977192
3 24   0.977192
3 25   0.977192
3 26   0.977192
3 27   0.977192
3 28   0.977192
3 29   0.977192
3 30   0.977192
3 31   0.977192
3 32   0.977192
3 33   0.977192
3 34   0.977192
3 35   0.977192
3 36   0.977192
3 37   0.977192
3 38   0.977192
3 39   0.977192
3 40   0.977192
4 1   0.986718
4 2   0.986718
4 3   0.986718
4 4   0.986718
4 5   0.986718
4 6   0.986718
4 7   0.986718
4 8   0.986718
4 9   0.986718
4 10   0.986718
4 11   0.986718
4 12   0.986718
4 13   0.986718
4 14   0.986718
4 15   0.986718
4 16   0.986718
4 17   0.986718
4 18   0.986718
4 19   0.986718
4 20   0.986718
4 21   0.986718
4 22   0.986718
4 23   0.986718
4 24   0.986718
4 25   0.986718
4 26   0.986718
4 27   0.986718
4 28   0.986718
4 29   0.986718
4 30   0.986718
4 31   0.986718
4 32   0.986718
4 33   0.986718
4 34   0.986718
4 35   0.986718
4 36   0.986718
4 37   0.986718
4 38   0.986718
4 39   0.986718
4 40   0.986718
5 1   1.01416
5 2   1.01416
5 3   1.01416
5 4   1.01416
5 5   1.01416
5 6   1.01416
5 7   1.01416
5 8   1.01416
5 9   1.01416
5 10   1.01416
5 11   1.01416
5 12   1.01416
5 13   1.01416
5 14   1.01416
5 15   1.01416
5 16   1.01416
5 17   1.01416
5 18   1.01416
5 19   1.01416
5 20   1.01416
5 21   1.01416
5 22   1.01416
5 23   1.01416
5 24   1.01416
5 25   1.01416
5 26   1.01416
5 27   1.01416
5 28   1.01416
5 29   1.01416
5 30   1.01416
5 31   1.01416
5 32   1.01416
5 33   1.01416
5 34   1.01416
5 35   1.01416
5 36   1.01416
5 37   1.01416
5 38   1.01416
5 39   1.01416
5 40   1.01416
6 1   1.02856
6 2   1.02856
6 3   1.02856
6 4   1.02856
6 5   1.02856
6 6   1.02856
6 7   1.02856
6 8   1.02856
6 9   1.02856
6 10   1.02856
6 11   1.02856
6 12   1.02856
6 13   1.02856
6 14   1.02856
6 15   1.02856
6 16   1.02856
6 17   1.02856
6 18   1.02856
6 19   1.02856
6 20   1.02856
6 21   1.02856
6 22   1.02856
6 23   1.02856
6 24   1.02856
6 25   1.02856
6 26   1.02856
6 27   1.02856
6 28   1.02856
6 29   1.02856
6 30   1.02856
6 31   1.02856
6 32   1.02856
6 33   1.02856
6 34   1.02856
6 35   1.02856
6 36   1.02856
6 37   1.02856
6 38   1.02856
6 39   1.02856
6 40   1.02856
7 1   1.0145
7 2   1.0145
7 3   1.0145
7 4   1.0145
7 5   1.0145
7 6   1.0145
7 7   1.0145
7 8   1.0145
7 9   1.0145
7 10   1.0145
7 11   1.0145
7 12   1.0145
7 13   1.0145
7 14   1.0145
7 15   1.0145
7 16   1.0145
7 17   1.0145
7 18   1.0145
7 19   1.0145
7 20   1.0145
7 21   1.0145
7 22   1.0145
7 23   1.0145
7 24   1.0145
7 25   1.0145
7 26   1.0145
7 27   1.0145
7 28   1.0145
7 29   1.0145
7 30   1.0145
7 31   1.0145
7 32   1.0145
7 33   1.0145
7 34   1.0145
7 35   1.0145
7 36   1.0145
7 37   1.0145
7 38   1.0145
7 39   1.0145
7 40   1.0145
8 1   0.984829
8 2   0.984829
8 3   0.984829
8 4   0.984829
8 5   0.984829
8 6   0.984829
8 7   0.984829
8 8   0.984829
8 9   0.984829
8 10   0.984829
8 11   0.984829
8 12   0.984829
8 13   0.984829
8 14   0.984829
8 15   0.984829
8 16   0.984829
8 17   0.984829
8 18   0.984829
8 19   0.984829
8 20   0.984829
8 21   0.984829
8 22   0.984829
8 23   0.984829
8 24   0.984829
8 25   0.984829
8 26   0.984829
8 27   0.984829
8 28   0.984829
8 29   0.984829
8 30   0.984829
8 31   0.984829
8 32   0.984829
8 33   0.984829
8 34   0.984829
8 35   0.984829
8 36   0.984829
8 37   0.984829
8 38   0.984829
8 39   0.984829
8 40   0.984829
9 1   0.963894
9 2   0.963894
9 3   0.963894
9 4   0.963894
9 5   0.963894
9 6   0.963894
9 7   0.963894
9 8   0.963894
9 9   0.963894
9 10   0.963894
9 11   0.963894
9 12   0.963894
9 13   0.963894
9 14   0.963894
9 15   0.963894
9 16   0.963894
9 17   0.963894
9 18   0.963894
9 19   0.963894
9 20   0.963894
9 21   0.963894
9 22   0.963894
9 23   0.963894
9 24   0.963894
9 25   0.963894
9 26   0.963894
9 27   0.963894
9 28   0.963894
9 29   0.963894
9 30   0.963894
9 31   0.963894
9 32   0.963894
9 33   0.963894
9 34   0.963894
9 35   0.963894
9 36   0.963894
9 37   0.963894
9 38   0.963894
9 39   0.963894
9 40   0.963894
10 1   0.966836
10 2   0.966836
10 3   0.966836
10 4   0.966836
10 5   0.966836
10 6   0.966836
10 7   0.966836
10 8   0.966836
10 9   0.966836
10 10   0.966836
10 11   0.966836
10 12   0.966836
10 13   0.966836
10 14   0.966836
10 15   0.966836
10 16   0.966836
10 17   0.966836
10 18   0.966836
10 19   0.966836
10 20   0.966836
10 21   0.966836
10 22   0.966836
10 23   0.966836
10 24   0.966836
10 25   0.966836
10 26   0.966836
10 27   0.966836
10 28   0.966836
10 29   0.966836
10 30   0.966836
10 31   0.966836
10 32   0.966836
10 33   0.966836
10 34   0.966836
10 35   0.966836
10 36   0.966836
10 37   0.966836
10 38   0.966836
10 39   0.966836
10 40   0.966836
11 1   0.992731
11 2   0.992731
11 3   0.992731
11 4   0.992731
11 5   0.992731
11 6   0.992731
11 7   0.992731
11 8   0.992731
11 9   0.992731
11 10   0.992731
11 11   0.992731
11 12   0.992731
11 13   0.992731
11 14   0.992731
11 15   0.992731
11 16   0.992731
11 17   0.992731
11 18   0.992731
11 19   0.992731
11 20   0.992731
11 21   0.992731
11 22   0.992731
11 23   0.992731
11 24   0.992731
11 25   0.992731
11 26   0.992731
11 27   0.992731
11 28   0.992731
11 29   0.992731
11 30   0.992731
11 31   0.992731
11 32   0.992731
11 33   0.992731
11 34   0.992731
11 35   0.992731
11 36   0.992731
11 37   0.992731
11 38   0.992731
11 39   0.992731
11 40   0.992731
12 1   1.02861
12 2   1.02861
12 3   1.02861
12 4   1.02861
12 5   1.02861
12 6   1.02861
12 7   1.02861
12 8   1.02861
12 9   1.02861
12 10   1.02861
12 11   1.02861
12 12   1.02861
12 13   1.02861
12 14   1.02861
12 15   1.02861
12 16   1.02861
12 17   1.02861
12 18   1.02861
12 19   1.02861
12 20   1.02861
12 21   1.02861
12 22   1.02861
12 23   1.02861
12 24   1.02861
12 25   1.02861
12 26   1.02861
12 27   1.02861
12 28   1.02861
12 29   1.02861
12 30   1.02861
12 31   1.02861
12 32   1.02861
12 33   1.02861
12 34   1.02861
12 35   1.02861
12 36   1.02861
12 37   1.02861
12 38   1.02861
12 39   1.02861
12 40   1.02861
13 1   1.05924
13 2   1.05924
13 3   1.05924
13 4   1.05924
13 5   1.05924
13 6   1.05924
13 7   1.05924
13 8   1.05924
13 9   1.05924
13 10   1.05924
13 11   1.05924
13 12   1.05924
13 13   1.05924
13 14   1.05924
13 15   1.05924
13 16   1.05924
13 17   1.05924
13 18   1.05924
13 19   1.05924
13 20   1.05924
13 21   1.05924
13 22   1.05924
13 23   1.05924
13 24   1.05924
13 25   1.05924
13 26   1.05924
13 27   1.05924
13 28   1.05924
13 29   1.05924
13 30   1.05924
13 31   1.05924
13 32   1.05924
13 33   1.05924
13 34   1.05924
13 35   1.05924
13 36   1.05924
13 37   1.05924
13 38   1.05924
13 39   1.05924
13 40   1.05924
14 1   1.06691
14 2   1.06691
14 3   1.06691
14 4   1.06691
14 5   1.06691
14 6   1.06691
14 7   1.06691
14 8   1.06691
14 9   1.06691
14 10   1.06691
14 11   1.06691
14 12   1.06691
14 13   1.06691
14 14   1.06691
14 15   1.06691
14 16   1.06691
14 17   1.06691
14 18   1.06691
14 19   1.06691
14 20   1.06691
14 21   1.06691
14 22   1.06691
14 23   1.06691
14 24   1.06691
14 25   1.06691
14 26   1.06691
14 27   1.06691
14 28   1.06691
14 29   1.06691
14 30   1.06691
14 31   1.06691
14 32   1.06691
14 33   1.06691
14 34   1.06691
14 35   1.06691
14 36   1.06691
14 37   1.06691
14 38   1.06691
14 39   1.06691
14 40   1.06691
15 1   1.03109
15 2   1.03109
15 3   1.03109
15 4   1.03109
15 5   1.03109
15 6   1.03109
15 7   1.03109
15 8   1.03109
15 9   1.03109
15 10   1.03109
15 11   1.03109
15 12   1.03109
15 13   1.03109
15 14   1.03109
15 15   1.03109
15 16   1.03109
15 17   1.03109
15 18   1.03109
15 19   1.03109
15 20   1.03109
15 21   1.03109
15 22   1.03109
15 23   1.03109
15 24   1.03109
15 25   1.03109
15 26   1.03109
15 27   1.03109
15 28   1.03109
15 29   1.03109
15 30   1.03109
15 31   1.03109
15 32   1.03109
15 33   1.03109
15 34   1.03109
15 35   1.03109
15 36   1.03109
15 37   1.03109
15 38   1.03109
15 39   1.03109
15 40   1.03109
16 1   0.948767
16 2   0.948767
16 3   0.948767
16 4   0.948767
16 5   0.948767
16 6   0.948767
16 7   0.948767
16 8   0.948767
16 9   0.948767
16 10   0.948767
16 11   0.948767
16 12   0.948767
16 13   0.948767
16 14   0.948767
16 15   0.948767
16 16   0.948767
16 17   0.948767
16 18   0.948767
16 19   0.948767
16 20   0.948767
16 21   0.948767
16 22   0.948767
16 23   0.948767
16 24   0.948767
16 25   0.948767
16 26   0.948767
16 27   0.948767
16 28   0.948767
16 29   0.948767
16 30   0.948767
16 31   0.948767
16 32   0.948767
16 33   0.948767
16 34   0.948767
16 35   0.948767
16 36   0.948767
16 37   0.948767
16 38   0.948767
16 39   0.948767
16 40   0.948767
17 1   0.837757
17 2   0.837757
17 3   0.837757
17 4   0.837757
17 5   0.837757
17 6   0.837757
17 7   0.837757
17 8   0.837757
17 9   0.837757
17 10   0.837757
17 11   0.837757
17 12   0.837757
17 13   0.837757
17 14   0.837757
17 15   0.837757
17 16   0.837757
17 17   0.837757
17 18   0.837757
17 19   0.837757
17 20   0.837757
17 21   0.837757
17 22   0.837757
17 23   0.837757
17 24   0.837757
17 25   0.837757
17 26   0.837757
17 27   0.837757
17 28   0.837757
17 29   0.837757
17 30   0.837757
17 31   0.837757
17 32   0.837757
17 33   0.837757
17 34   0.837757
17 35   0.837757
17 36   0.837757
17 37   0.837757
17 38   0.837757
17 39   0.837757
17 40   0.837757
18 1   0.711943
18 2   0.711943
18 3   0.711943
18 4   0.711943
18 5   0.711943
18 6   0.711943
18 7   0.711943
18 8   0.711943
18 9   0.711943
18 10   0.711943
18 11   0.711943
18 12   0.711943
18 13   0.711943
18 14   0.711943
18 15   0.711943
18 16   0.711943
18 17   0.711943
18 18   0.711943
18 19   0.711943
18 20   0.711943
18 21   0.711943
18 22   0.711943
18 23   0.711943
18 24   0.711943
18 25   0.711943
18 26   0.711943
18 27   0.711943
18 28   0.711943
18 29   0.711943
18 30   0.711943
18 31   0.711943
18 32   0.711943
18 33   0.711943
18 34   0.711943
18 35   0.711943
18 36   0.711943
18 37   0.711943
18 38   0.711943
18 39   0.711943
18 40   0.711943
19 1   0.573358
19 2   0.573358
19 3   0.573358
19 4   0.573358
19 5   0.573358
19 6   0.573358
19 7   0.573358
19 8   0.573358
19 9   0.573358
19 10   0.573358
19 11   0.573358
19 12   0.573358
19 13   0.573358
19 14   0.573358
19 15   0.573358
19 16   0.573358
19 17   0.573358
19 18   0.573358
19 19   0.573358
19 20   0.573358
19 21   0.573358
19 22   0.573358
19 23   0.573358
19 24   0.573358
19 25   0.573358
19 26   0.573358
19 27   0.573358
19 28   0.573358
19 29   0.573358
19 30   0.573358
19 31   0.573358
19 32   0.573358
19 33   0.573358
19 34   0.573358
19 35   0.573358
19 36   0.573358
19 37   0.573358
19 38   0.573358
19 39   0.573358
19 40   0.573358
20 1   0.427495
20 2   0.427495
20 3   0.427495
20 4   0.427495
20 5   0.427495
20 6   0.427495
20 7   0.427495
20 8   0.427495
20 9   0.427495
20 10   0.427495
20 11   0.427495
20 12   0.427495
20 13   0.427495
20 14   0.427495
20 15   0.427495
20 16   0.427495
20 17   0.427495
20 18   0.427495
20 19   0.427495
20 20   0.427495
20 21   0.427495
20 22   0.427495
20 23   0.427495
20 24   0.427495
20 25   0.427495
20 26   0.427495
20 27   0.427495
20 28   0.427495
20 29   0.427495
20 30   0.427495
20 31   0.427495
20 32   0.427495
20 33   0.427495
20 34   0.427495
20 35   0.427495
20 36   0.427495
20 37   0.427495
20 38   0.427495
20 39   0.427495
20 40   0.427495
21 1   0.287513
21 2   0.287513
21 3   0.287513
21 4   0.287513
21 5   0.287513
21 6   0.287513
21 7   0.287513
21 8   0.287513
21 9   0.287513
21 10   0.287513
21 11   0.287513
21 12   0.287513
21 13   0.287513
21 14   0.287513
21 15   0.287513
21 16   0.287513
21 17   0.287513
21 18   0.287513
21 19   0.287513
21 20   0.287513
21 21   0.287513
21 22   0.287513
21 23   0.287513
21 24   0.287513
21 25   0.287513
21 26   0.287513
21 27   0.287513
21 28   0.287513
21 29   0.287513
21 30   0.287513
21 31   0.287513
21 32   0.287513
21 33   0.287513
21 34   0.287513
21 35   0.287513
21 36   0.287513
21 37   0.287513
21 38   0.287513
21 39   0.287513
21 40   0.287513
22 1   0.161524
22 2   0.161524
22 3   0.161524
22 4   0.161524
22 5   0.161524
22 6   0.161524
22 7   0.161524
22 8   0.161524
22 9   0.161524
22 10   0.161524
22 11   0.161524
22 12   0.161524
22 13   0.161524
22 14   0.161524
22 15   0.161524
22 16   0.161524
22 17   0.161524
22 18   0.161524
22 19   0.161524
22 20   0.161524
22 21   0.161524
22 22   0.161524
22 23   0.161524
22 24   0.161524
22 25   0.161524
22 26   0.161524
22 27   0.161524
22 28   0.161524
22 29   0.161524
22 30   0.161524
22 31   0.161524
22 32   0.161524
22 33   0.161524
22 34   0.161524
22 35   0.161524
22 36   0.161524
22 37   0.161524
22 38   0.161524
22 39   0.161524
22 40   0.161524
23 1   0.0518429
23 2   0.0518429
23 3   0.0518429
23 4   0.0518429
23 5   0.0518429
23 6   0.0518429
23 7   0.0518429
23 8   0.0518429
23 9   0.0518429
23 10   0.0518429
23 11   0.0518429
23 12   0.0518429
23 13   0.0518429
23 14   0.0518429
23 15   0.0518429
23 16   0.0518429
23 17   0.0518429
23 18   0.0518429
23 19   0.0518429
23 20   0.0518429
23 21   0.0518429
23 22   0.0518429
23 23   0.0518429
23 24   0.0518429
23 25   0.0518429
23 26   0.0518429
23 27   0.0518429
23 28   0.0518429
23 29   0.0518429
23 30   0.0518429
23 31   0.0518429
23 32   0.0518429
23 33   0.0518429
23 34   0.0518429
23 35   0.0518429
23 36   0.0518429
23 37   0.0518429
23 38   0.0518429
23 39   0.0518429
23 40   0.0518429
24 1   -0.0303046
24 2   -0.0303046
24 3   -0.0303046
24 4   -0.0303046
24 5   -0.0303046
24 6   -0.0303046
24 7   -0.0303046
24 8   -0.0303046
24 9   -0.0303046
24 10   -0.0303046
24 11   -0.0303046
24 12   -0.0303046
24 13   -0.0303046
24 14   -0.0303046
24 15   -0.0303046
24 16   -0.0303046
24 17   -0.0303046
24 18   -0.0303046
24 19   -0.0303046
24 20   -0.0303046
24 21   -0.0303046
24 22   -0.0303046
24 23   -0.0303046
24 24   -0.0303046
24 25   -0.0303046
24 26   -0.0303046
24 27   -0.0303046
24 28   -0.0303046
24 29   -0.0303046
24 30   -0.0303046
24 31   -0.0303046
24 32   -0.0303046
24 33   -0.0303046
24 34   -0.0303046
24 35   -0.0303046
24 36   -0.0303046
24 37   -0.0303046
24 38   -0.0303046
24 39   -0.0303046
24 40   -0.0303046
25 1   -0.0668534
25 2   -0.0668534
25 3   -0.0668534
25 4   -0.0668534
25 5   -0.0668534
25 6   -0.0668534
25 7   -0.0668534
25 8   -0.0668534
25 9   -0.0668534
25 10   -0.0668534
25 11   -0.0668534
25 12   -0.0668534
25 13   -0.0668534
25 14   -0.0668534
25 15   -0.0668534
25 16   -0.0668534
25 17   -0.0668534
25 18   -0.0668534
25 19   -0.0668534
25 20   -0.0668534
25 21   -0.0668534
25 22   -0.0668534
25 23   -0.0668534
25 24   -0.0668534
25 25   -0.0668534
25 26   -0.0668534
25 27   -0.0668534
25 28   -0.0668534
25 29   -0.0668534
25 30   -0.0668534
25 31   -0.0668534
25 32   -0.0668534
25 33   -0.0668534
25 34   -0.0668534
25 35   -0.0668534
25 36   -0.0668534
25 37   -0.0668534
25 38   -0.0668534
25 39   -0.0668534
25 40   -0.0668534
26 1   -0.0596892
26 2   -0.0596892
26 3   -0.0596892
26 4   -0.0596892
26 5   -0.0596892
26 6   -0.0596892
26 7   -0.0596892
26 8   -0.0596892
26 9   -0.0596892
26 10   -0.0596892
26 11   -0.0596892
26 12   -0.0596892
26 13   -0.0596892
26 14   -0.0596892
26 15   -0.0596892
26 16   -0.0596892
26 17   -0.0596892
26 18   -0.0596892
26 19   -0.0596892
26 20   -0.0596892
26 21   -0.0596892
26 22   -0.0596892
26 23   -0.0596892
26 24   -0.0596892
26 25   -0.0596892
26 26   -0.0596892
26 27   -0.0596892
26 28   -0.0596892
26 29   -0.0596892
26 30   -0.0596892
26 31   -0.0596892
26 32   -0.0596892
26 33   -0.0596892
26 34   -0.0596892
26 35   -0.0596892
26 36   -0.0596892
26 37   -0.0596892
26 38   -0.0596892
26 39   -0.0596892
26 40   -0.0596892
27 1   -0.0290874
27 2   -0.0290874
27 3   -0.0290874
27 4   -0.0290874
27 5   -0.0290874
27 6   -0.0290874
27 7   -0.0290874
27 8   -0.0290874
27 9   -0.0290874
27 10   -0.0290874
27 11   -0.0290874
27 12   -0.0290874
27 13   -0.0290874
27 14   -0.0290874
27 15   -0.0290874
27 16   -0.0290874
27 17   -0.0290874
27 18   -0.0290874
27 19   -0.0290874
27 20   -0.0290874
27 21   -0.0290874
27 22   -0.0290874
27 23   -0.0290874
27 24   -0.0290874
27 25   -0.0290874
27 26   -0.0290874
27 27   -0.0290874
27 28   -0.0290874
27 29   -0.0290874
27 30   -0.0290874
27 31   -0.0290874
27 32   -0.0290874
27 33   -0.0290874
27 34   -0.0290874
27 35   -0.0290874
27 36   -0.0290874
27 37   -0.0290874
27 38   -0.0290874
27 39   -0.0290874
27 40   -0.0290874
28 1   0.00744823
28 2   0.00744823
28 3   0.00744823
28 4   0.00744823
28 5   0.00744823
28 6   0.00744823
28 7   0.00744823
28 8   0.00744823
28 9   0.00744823
28 10   0.00744823
28 11   0.00744823
28 12   0.00744823
28 13   0.00744823
28 14   0.00744823
28 15   0.00744823
28 16   0.00744823
28 17   0.00744823
28 18   0.00744823
28 19   0.00744823
28 20   0.00744823
28 21   0.00744823
28 22   0.00744823
28 23   0.00744823
28 24   0.00744823
28 25   0.00744823
28 26   0.00744823
28 27   0.00744823
28 28   0.00744823
28 29   0.00744823
28 30   0.00744823
28 31   0.00744823
28 32   0.00744823
28 33   0.00744823
28 34   0.00744823
28 35   0.00744823
28 36   0.00744823
28 37   0.00744823
28 38   0.00744823
28 39   0.00744823
28 40   0.00744823
29 1   0.034762
29 2   0.034762
29 3   0.034762
29 4   0.034762
29 5   0.034762
29 6   0.034762
29 7   0.034762
29 8   0.034762
29 9   0.034762
29 10   0.034762
29 11   0.034762
29 12   0.034762
29 13   0.034762
29 14   0.034762
29 15   0.034762
29 16   0.034762
29 17   0.034762
29 18   0.034762
29 19   0.034762
29 20   0.034762
29 21   0.034762
29 22   0.034762
29 23   0.034762
29 24   0.034762
29 25   0.034762
29 26   0.034762
29 27   0.034762
29 28   0.034762
29 29   0.034762
29 30   0.034762
29 31   0.034762
29 32   0.034762
29 33   0.034762
29 34   0.034762
29 35   0.034762
29 36   0.034762
29 37   0.034762
29 38   0.034762
29 39   0.034762
29 40   0.034762
30 1   0.0371779
30 2   0.0371779
30 3   0.0371779
30 4   0.0371779
30 5   0.0371779
30 6   0.0371779
30 7   0.0371779
30 8   0.0371779
30 9   0.0371779
30 10   0.0371779
30 11   0.0371779
30 12   0.0371779
30 13   0.0371779
30 14   0.0371779
30 15   0.0371779
30 16   0.0371779
30 17   0.0371779
30 18   0.0371779
30 19   0.0371779
30 20   0.0371779
30 21   0.0371779
30 22   0.0371779
30 23   0.0371779
30 24   0.0371779
30 25   0.0371779
30 26   0.0371779
30 27   0.0371779
30 28   0.0371779
30 29   0.0371779
30 30   0.0371779
30 31   0.0371779
30 32   0.0371779
30 33   0.0371779
30 34   0.0371779
30 35   0.0371779
30 36   0.0371779
30 37   0.0371779
30 38   0.0371779
30 39   0.0371779
30 40   0.0371779
31 1   0.0126549
31 2   0.0126549
31 3   0.0126549
31 4   0.0126549
31 5   0.0126549
31 6   0.0126549
31 7   0.0126549
31 8   0.0126549
31 9   0.0126549
31 10   0.0126549
31 11   0.0126549
31 12   0.0126549
31 13   0.0126549
31 14   0.0126549
31 15   0.0126549
31 16   0.0126549
31 17   0.0126549
31 18   0.0126549
31 19   0.0126549
31 20   0.0126549
31 21   0.0126549
31 22   0.0126549
31 23   0.0126549
31 24   0.0126549
31 25   0.0126549
31 26   0.0126549
31 27   0.0126549
31 28   0.0126549
31 29   0.0126549
31 30   0.0126549
31 31   0.0126549
31 32   0.0126549
31 33   0.0126549
31 34   0.0126549
31 35   0.0126549
31 36   0.0126549
31 37   0.0126549
31 38   0.0126549
31 39   0.0126549
31 40   0.0126549
32 1   -0.0170667
32 2   -0.0170667
32 3   -0.0170667
32 4   -0.0170667
32 5   -0.0170667
32 6   -0.0170667
32 7   -0.0170667
32 8   -0.0170667
32 9   -0.0170667
32 10   -0.0170667
32 11   -0.0170667
32 12   -0.0170667
32 13   -0.0170667
32 14   -0.0170667
32 15   -0.0170667
32 16   -0.0170667
32 17   -0.0170667
32 18   -0.0170667
32 19   -0.0170667
32 20   -0.0170667
32 21   -0.0170667
32 22   -0.0170667
32 23   -0.0170667
32 24   -0.0170667
32 25   -0.0170667
32 26   -0.0170667
32 27   -0.0170667
32 28   -0.0170667
32 29   -0.0170667
32 30   -0.0170667
32 31   -0.0170667
32 32   -0.0170667
32 33   -0.0170667
32 34   -0.0170667
32 35   -0.0170667
32 36   -0.0170667
32 37   -0.0170667
32 38   -0.0170667
32 39   -0.0170667
32 40   -0.0170667
33 1   -0.0255197
33 2   -0.0255197
33 3   -0.0255197
33 4   -0.0255197
33 5   -0.0255197
33 6   -0.0255197
33 7   -0.0255197
33 8   -0.0255197
33 9   -0.0255197
33 10   -0.0255197
33 11   -0.0255197
33 12   -0.0255197
33 13   -0.0255197
33 14   -0.0255197
33 15   -0.0255197
33 16   -0.0255197
33 17   -0.0255197
33 18   -0.0255197
33 19   -0.0255197
33 20   -0.0255197
33 21   -0.0255197
33 22   -0.0255197
33 23   -0.0255197
33 24   -0.0255197
33 25   -0.0255197
33 26   -0.0255197
33 27   -0.0255197
33 28   -0.0255197
33 29   -0.0255197
33 30   -0.0255197
33 31   -0.0255197
33 32   -0.0255197
33 33   -0.0255197
33 34   -0.0255197
33 35   -0.0255197
33 36   -0.0255197
33 37   -0.0255197
33 38   -0.0255197
33 39   -0.0255197
33 40   -0.0255197
34 1   -0.00872584
34 2   -0.00872584
34 3   -0.00872584
34 4   -0.00872584
34 5   -0.00872584
34 6   -0.00872584
34 7   -0.00872584
34 8   -0.00872584
34 9   -0.00872584
34 10   -0.00872584
34 11   -0.00872584
34 12   -0.00872584
34 13   -0.00872584
34 14   -0.00872584
34 15   -0.00872584
34 16   -0.00872584
34 17   -0.00872584
34 18   -0.00872584
34 19   -0.00872584
34 20   -0.00872584
34 21   -0.00872584
34 22   -0.00872584
34 23   -0.00872584
34 24   -0.00872584
34 25   -0.00872584
34 26   -0.00872584
34 27   -0.00872584
34 28   -0.00872584
34 29   -0.00872584
34 30   -0.00872584
34 31   -0.00872584
34 32   -0.00872584
34 33   -0.00872584
34 34   -0.00872584
34 35   -0.00872584
34 36   -0.00872584
34 37   -0.00872584
34 38   -0.00872584
34 39   -0.00872584
34 40   -0.00872584
35 1   0.012111
35 2   0.012111
35 3   0.012111
35 4   0.012111
35 5   0.012111
35 6   0.012111
35 7   0.012111
35 8   0.012111
35 9   0.012111
35 10   0.012111
35 11   0.012111
35 12   0.012111
35 13   0.012111
35 14   0.012111
35 15   0.012111
35 16   0.012111
35 17   0.012111
35 18   0.012111
35 19   0.012111
35 20   0.012111
35 21   0.012111
35 22   0.012111
35 23   0.012111
35 24   0.012111
35 25   0.012111
35 26   0.012111
35 27   0.012111
35 28   0.012111
35 29   0.012111
35 30   0.012111
35 31   0.012111
35 32   0.012111
35 33   0.012111
35 34   0.012111
35 35   0.012111
35 36   0.012111
35 37   0.012111
35 38   0.012111
35 39   0.012111
35 40   0.012111
36 1   0.0149616
36 2   0.0149616
36 3   0.0149616
36 4   0.0149616
36 5   0.0149616
36 6   0.0149616
36 7   0.0149616
36 8   0.0149616
36 9   0.0149616
36 10   0.0149616
36 11   0.0149616
36 12   0.0149616
36 13   0.0149616
36 14   0.0149616
36 15   0.0149616
36 16   0.0149616
36 17   0.0149616
36 18   0.0149616
36 19   0.0149616
36 20   0.0149616
36 21   0.0149616
36 22   0.0149616
36 23   0.0149616
36 24   0.0149616
36 25   0.0149616
36 26   0.0149616
36 27   0.0149616
36 28   0.0149616
36 29   0.0149616
36 30   0.0149616
36 31   0.0149616
36 32   0.0149616
36 33   0.0149616
36 34   0.0149616
36 35   0.0149616
36 36   0.0149616
36 37   0.0149616
36 38   0.0149616
36 39   0.0149616
36 40   0.0149616
37 1   0.00102736
37 2   0.00102736
37 3   0.00102736
37 4   0.00102736
37 5   0.00102736
37 6   0.00102736
37 7   0.00102736
37 8   0.00102736
37 9   0.00102736
37 10   0.00102736
37 11   0.00102736
37 12   0.00102736
37 13   0.00102736
37 14   0.00102736
37 15   0.00102736
37 16   0.00102736
37 17   0.00102736
37 18   0.00102736
37 19   0.00102736
37 20   0.00102736
37 21   0.00102736
37 22   0.00102736
37 23   0.00102736
37 24   0.00102736
37 25   0.00102736
37 26   0.00102736
37 27   0.00102736
37 28   0.00102736
37 29   0.00102736
37 30   0.00102736
37 31   0.00102736
37 32   0.00102736
37 33   0.00102736
37 34   0.00102736
37 35   0.00102736
37 36   0.00102736
37 37   0.00102736
37 38   0.00102736
37 39   0.00102736
37 40   0.00102736
38 1   -0.00975266
38 2   -0.00975266
38 3   -0.00975266
38 4   -0.00975266
38 5   -0.00975266
38 6   -0.00975266
38 7   -0.00975266
38 8   -0.00975266
38 9   -0.00975266
38 10   -0.00975266
38 11   -0.00975266
38 12   -0.00975266
38 13   -0.00975266
38 14   -0.00975266
38 15   -0.00975266
38 16   -0.00975266
38 17   -0.00975266
38 18   -0.00975266
38 19   -0.00975266
38 20   -0.00975266
38 21   -0.00975266
38 22   -0.00975266
38 23   -0.00975266
38 24   -0.00975266
38 25   -0.00975266
38 26   -0.00975266
38 27   -0.00975266
38 28   -0.00975266
38 29   -0.00975266
38 30   -0.00975266
38 31   -0.00975266
38 32   -0.00975266
38 33   -0.00975266
38 34   -0.00975266
38 35   -0.00975266
38 36   -0.00975266
38 37   -0.00975266
38 38   -0.00975266
38 39   -0.00975266
38 40   -0.00975266
39 1   -0.00490795
39 2   -0.00490795
39 3   -0.00490795
39 4   -0.00490795
39 5   -0.00490795
39 6   -0.00490795
39 7   -0.00490795
39 8   -0.00490795
39 9   -0.00490795
39 10   -0.00490795
39 11   -0.00490795
39 12   -0.00490795
39 13   -0.00490795
39 14   -0.00490795
39 15   -0.00490795
39 16   -0.00490795
39 17   -0.00490795
39 18   -0.00490795
39 19   -0.00490795
39 20   -0.00490795
39 21   -0.00490795
39 22   -0.00490795
39 23   -0.00490795
39 24   -0.00490795
39 25   -0.00490795
39 26   -0.00490795
39 27   -0.00490795
39 28   -0.00490795
39 29   -0.00490795
39 30   -0.00490795
39 31   -0.00490795
39 32   -0.00490795
39 33   -0.00490795
39 34   -0.00490795
39 35   -0.00490795
39 36   -0.00490795
39 37   -0.00490795
39 38   -0.00490795
39 39   -0.00490795
39 40   -0.00490795
40 1   0.00602969
40 2   0.00602969
40 3   0.00602969
40 4   0.00602969
40 5   0.00602969
40 6   0.00602969
40 7   0.00602969
40 8   0.00602969
40 9   0.00602969
40 10   0.00602969
40 11   0.00602969
40 12   0.00602969
40 13   0.00602969
40 14   0.00602969
40 15   0.00602969
40 16   0.00602969
40 17   0.00602969
40 18   0.00602969
40 19   0.00602969
40 20   0.00602969
40 21   0.00602969
40 22   0.00602969
40 23   0.00602969
40 24   0.00602969
40 25   0.00602969
40 26   0.00602969
40 27   0.00602969
40 28   0.00602969
40 29   0.00602969
40 30   0.00602969
40 31   0.00602969
40 32   0.00602969
40 33   0.00602969
40 34   0.00602969
40 35   0.00602969
40 36   0.00602969
40 37   0.00602969
40 38   0.00602969
40 39   0.00602969
40 40   0.00602969
