1 1   0.000325415
1 2   0.000325415
1 3   0.000325415
1 4   0.000325415
1 5   0.000325415
1 6   0.000325415
1 7   0.000325415
1 8   0.000325415
1 9   0.000325415
1 10   0.000325415
1 11   0.000325415
1 12   0.000325415
1 13   0.000325415
1 14   0.000325415
1 15   0.000325415
1 16   0.000325415
1 17   0.000325415
1 18   0.000325415
1 19   0.000325415
1 20   0.000325415
1 21   0.000325415
1 22   0.000325415
1 23   0.000325415
1 24   0.000325415
1 25   0.000325415
1 26   0.000325415
1 27   0.000325415
1 28   0.000325415
1 29   0.000325415
1 30   0.000325415
1 31   0.000325415
1 32   0.000325415
1 33   0.000325415
1 34   0.000325415
1 35   0.000325415
1 36   0.000325415
1 37   0.000325415
1 38   0.000325415
1 39   0.000325415
1 40   0.000325415
2 1   -0.00235233
2 2   -0.00235233
2 3   -0.00235233
2 4   -0.00235233
2 5   -0.00235233
2 6   -0.00235233
2 7   -0.00235233
2 8   -0.00235233
2 9   -0.00235233
2 10   -0.00235233
2 11   -0.00235233
2 12   -0.00235233
2 13   -0.00235233
2 14   -0.00235233
2 15   -0.00235233
2 16   -0.00235233
2 17   -0.00235233
2 18   -0.00235233
2 19   -0.00235233
2 20   -0.00235233
2 21   -0.00235233
2 22   -0.00235233
2 23   -0.00235233
2 24   -0.00235233
2 25   -0.00235233
2 26   -0.00235233
2 27   -0.00235233
2 28   -0.00235233
2 29   -0.00235233
2 30   -0.00235233
2 31   -0.00235233
2 32   -0.00235233
2 33   -0.00235233
2 34   -0.00235233
2 35   -0.00235233
2 36   -0.00235233
2 37   -0.00235233
2 38   -0.00235233
2 39   -0.00235233
2 40   -0.00235233
3 1   -0.000212379
3 2   -0.000212379
3 3   -0.000212379
3 4   -0.000212379
3 5   -0.000212379
3 6   -0.000212379
3 7   -0.000212379
3 8   -0.000212379
3 9   -0.000212379
3 10   -0.000212379
3 11   -0.000212379
3 12   -0.000212379
3 13   -0.000212379
3 14   -0.000212379
3 15   -0.000212379
3 16   -0.000212379
3 17   -0.000212379
3 18   -0.000212379
3 19   -0.000212379
3 20   -0.000212379
3 21   -0.000212379
3 22   -0.000212379
3 23   -0.000212379
3 24   -0.000212379
3 25   -0.000212379
3 26   -0.000212379
3 27   -0.000212379
3 28   -0.000212379
3 29   -0.000212379
3 30   -0.000212379
3 31   -0.000212379
3 32   -0.000212379
3 33   -0.000212379
3 34   -0.000212379
3 35   -0.000212379
3 36   -0.000212379
3 37   -0.000212379
3 38   -0.000212379
3 39   -0.000212379
3 40   -0.000212379
4 1   0.00606275
4 2   0.00606275
4 3   0.00606275
4 4   0.00606275
4 5   0.00606275
4 6   0.00606275
4 7   0.00606275
4 8   0.00606275
4 9   0.00606275
4 10   0.00606275
4 11   0.00606275
4 12   0.00606275
4 13   0.00606275
4 14   0.00606275
4 15   0.00606275
4 16   0.00606275
4 17   0.00606275
4 18   0.00606275
4 19   0.00606275
4 20   0.00606275
4 21   0.00606275
4 22   0.00606275
4 23   0.00606275
4 24   0.00606275
4 25   0.00606275
4 26   0.00606275
4 27   0.00606275
4 28   0.00606275
4 29   0.00606275
4 30   0.00606275
4 31   0.00606275
4 32   0.00606275
4 33   0.00606275
4 34   0.00606275
4 35   0.00606275
4 36   0.00606275
4 37   0.00606275
4 38   0.00606275
4 39   0.00606275
4 40   0.00606275
5 1   0.00364933
5 2   0.00364933
5 3   0.00364933
5 4   0.00364933
5 5   0.00364933
5 6   0.00364933
5 7   0.00364933
5 8   0.00364933
5 9   0.00364933
5 10   0.00364933
5 11   0.00364933
5 12   0.00364933
5 13   0.00364933
5 14   0.00364933
5 15   0.00364933
5 16   0.00364933
5 17   0.00364933
5 18   0.00364933
5 19   0.00364933
5 20   0.00364933
5 21   0.00364933
5 22   0.00364933
5 23   0.00364933
5 24   0.00364933
5 25   0.00364933
5 26   0.00364933
5 27   0.00364933
5 28   0.00364933
5 29   0.00364933
5 30   0.00364933
5 31   0.00364933
5 32   0.00364933
5 33   0.00364933
5 34   0.00364933
5 35   0.00364933
5 36   0.00364933
5 37   0.00364933
5 38   0.00364933
5 39   0.00364933
5 40   0.00364933
6 1   -0.00815121
6 2   -0.00815121
6 3   -0.00815121
6 4   -0.00815121
6 5   -0.00815121
6 6   -0.00815121
6 7   -0.00815121
6 8   -0.00815121
6 9   -0.00815121
6 10   -0.00815121
6 11   -0.00815121
6 12   -0.00815121
6 13   -0.00815121
6 14   -0.00815121
6 15   -0.00815121
6 16   -0.00815121
6 17   -0.00815121
6 18   -0.00815121
6 19   -0.00815121
6 20   -0.00815121
6 21   -0.00815121
6 22   -0.00815121
6 23   -0.00815121
6 24   -0.00815121
6 25   -0.00815121
6 26   -0.00815121
6 27   -0.00815121
6 28   -0.00815121
6 29   -0.00815121
6 30   -0.00815121
6 31   -0.00815121
6 32   -0.00815121
6 33   -0.00815121
6 34   -0.00815121
6 35   -0.00815121
6 36   -0.00815121
6 37   -0.00815121
6 38   -0.00815121
6 39   -0.00815121
6 40   -0.00815121
7 1   -0.0113182
7 2   -0.0113182
7 3   -0.0113182
7 4   -0.0113182
7 5   -0.0113182
7 6   -0.0113182
7 7   -0.0113182
7 8   -0.0113182
7 9   -0.0113182
7 10   -0.0113182
7 11   -0.0113182
7 12   -0.0113182
7 13   -0.0113182
7 14   -0.0113182
7 15   -0.0113182
7 16   -0.0113182
7 17   -0.0113182
7 18   -0.0113182
7 19   -0.0113182
7 20   -0.0113182
7 21   -0.0113182
7 22   -0.0113182
7 23   -0.0113182
7 24   -0.0113182
7 25   -0.0113182
7 26   -0.0113182
7 27   -0.0113182
7 28   -0.0113182
7 29   -0.0113182
7 30   -0.0113182
7 31   -0.0113182
7 32   -0.0113182
7 33   -0.0113182
7 34   -0.0113182
7 35   -0.0113182
7 36   -0.0113182
7 37   -0.0113182
7 38   -0.0113182
7 39   -0.0113182
7 40   -0.0113182
8 1   0.00670064
8 2   0.00670064
8 3   0.00670064
8 4   0.00670064
8 5   0.00670064
8 6   0.00670064
8 7   0.00670064
8 8   0.00670064
8 9   0.00670064
8 10   0.00670064
8 11   0.00670064
8 12   0.00670064
8 13   0.00670064
8 14   0.00670064
8 15   0.00670064
8 16   0.00670064
8 17   0.00670064
8 18   0.00670064
8 19   0.00670064
8 20   0.00670064
8 21   0.00670064
8 22   0.00670064
8 23   0.00670064
8 24   0.00670064
8 25   0.00670064
8 26   0.00670064
8 27   0.00670064
8 28   0.00670064
8 29   0.00670064
8 30   0.00670064
8 31   0.00670064
8 32   0.00670064
8 33   0.00670064
8 34   0.00670064
8 35   0.00670064
8 36   0.00670064
8 37   0.00670064
8 38   0.00670064
8 39   0.00670064
8 40   0.00670064
9 1   0.0203615
9 2   0.0203615
9 3   0.0203615
9 4   0.0203615
9 5   0.0203615
9 6   0.0203615
9 7   0.0203615
9 8   0.0203615
9 9   0.0203615
9 10   0.0203615
9 11   0.0203615
9 12   0.0203615
9 13   0.0203615
9 14   0.0203615
9 15   0.0203615
9 16   0.0203615
9 17   0.0203615
9 18   0.0203615
9 19   0.0203615
9 20   0.0203615
9 21   0.0203615
9 22   0.0203615
9 23   0.0203615
9 24   0.0203615
9 25   0.0203615
9 26   0.0203615
9 27   0.0203615
9 28   0.0203615
9 29   0.0203615
9 30   0.0203615
9 31   0.0203615
9 32   0.0203615
9 33   0.0203615
9 34   0.0203615
9 35   0.0203615
9 36   0.0203615
9 37   0.0203615
9 38   0.0203615
9 39   0.0203615
9 40   0.0203615
10 1   0.00569402
10 2   0.00569402
10 3   0.00569402
10 4   0.00569402
10 5   0.00569402
10 6   0.00569402
10 7   0.00569402
10 8   0.00569402
10 9   0.00569402
10 10   0.00569402
10 11   0.00569402
10 12   0.00569402
10 13   0.00569402
10 14   0.00569402
10 15   0.00569402
10 16   0.00569402
10 17   0.00569402
10 18   0.00569402
10 19   0.00569402
10 20   0.00569402
10 21   0.00569402
10 22   0.00569402
10 23   0.00569402
10 24   0.00569402
10 25   0.00569402
10 26   0.00569402
10 27   0.00569402
10 28   0.00569402
10 29   0.00569402
10 30   0.00569402
10 31   0.00569402
10 32   0.00569402
10 33   0.00569402
10 34   0.00569402
10 35   0.00569402
10 36   0.00569402
10 37   0.00569402
10 38   0.00569402
10 39   0.00569402
10 40   0.00569402
11 1   -0.0196066
11 2   -0.0196066
11 3   -0.0196066
11 4   -0.0196066
11 5   -0.0196066
11 6   -0.0196066
11 7   -0.0196066
11 8   -0.0196066
11 9   -0.0196066
11 10   -0.0196066
11 11   -0.0196066
11 12   -0.0196066
11 13   -0.0196066
11 14   -0.0196066
11 15   -0.0196066
11 16   -0.0196066
11 17   -0.0196066
11 18   -0.0196066
11 19   -0.0196066
11 20   -0.0196066
11 21   -0.0196066
11 22   -0.0196066
11 23   -0.0196066
11 24   -0.0196066
11 25   -0.0196066
11 26   -0.0196066
11 27   -0.0196066
11 28   -0.0196066
11 29   -0.0196066
11 30   -0.0196066
11 31   -0.0196066
11 32   -0.0196066
11 33   -0.0196066
11 34   -0.0196066
11 35   -0.0196066
11 36   -0.0196066
11 37   -0.0196066
11 38   -0.0196066
11 39   -0.0196066
11 40   -0.0196066
12 1   -0.0231046
12 2   -0.0231046
12 3   -0.0231046
12 4   -0.0231046
12 5   -0.0231046
12 6   -0.0231046
12 7   -0.0231046
12 8   -0.0231046
12 9   -0.0231046
12 10   -0.0231046
12 11   -0.0231046
12 12   -0.0231046
12 13   -0.0231046
12 14   -0.0231046
12 15   -0.0231046
12 16   -0.0231046
12 17   -0.0231046
12 18   -0.0231046
12 19   -0.0231046
12 20   -0.0231046
12 21   -0.0231046
12 22   -0.0231046
12 23   -0.0231046
12 24   -0.0231046
12 25   -0.0231046
12 26   -0.0231046
12 27   -0.0231046
12 28   -0.0231046
12 29   -0.0231046
12 30   -0.0231046
12 31   -0.0231046
12 32   -0.0231046
12 33   -0.0231046
12 34   -0.0231046
12 35   -0.0231046
12 36   -0.0231046
12 37   -0.0231046
12 38   -0.0231046
12 39   -0.0231046
12 40   -0.0231046
13 1   0.00243669
13 2   0.00243669
13 3   0.00243669
13 4   0.00243669
13 5   0.00243669
13 6   0.00243669
13 7   0.00243669
13 8   0.00243669
13 9   0.00243669
13 10   0.00243669
13 11   0.00243669
13 12   0.00243669
13 13   0.00243669
13 14   0.00243669
13 15   0.00243669
13 16   0.00243669
13 17   0.00243669
13 18   0.00243669
13 19   0.00243669
13 20   0.00243669
13 21   0.00243669
13 22   0.00243669
13 23   0.00243669
13 24   0.00243669
13 25   0.00243669
13 26   0.00243669
13 27   0.00243669
13 28   0.00243669
13 29   0.00243669
13 30   0.00243669
13 31   0.00243669
13 32   0.00243669
13 33   0.00243669
13 34   0.00243669
13 35   0.00243669
13 36   0.00243669
13 37   0.00243669
13 38   0.00243669
13 39   0.00243669
13 40   0.00243669
14 1   0.0385945
14 2   0.0385945
14 3   0.0385945
14 4   0.0385945
14 5   0.0385945
14 6   0.0385945
14 7   0.0385945
14 8   0.0385945
14 9   0.0385945
14 10   0.0385945
14 11   0.0385945
14 12   0.0385945
14 13   0.0385945
14 14   0.0385945
14 15   0.0385945
14 16   0.0385945
14 17   0.0385945
14 18   0.0385945
14 19   0.0385945
14 20   0.0385945
14 21   0.0385945
14 22   0.0385945
14 23   0.0385945
14 24   0.0385945
14 25   0.0385945
14 26   0.0385945
14 27   0.0385945
14 28   0.0385945
14 29   0.0385945
14 30   0.0385945
14 31   0.0385945
14 32   0.0385945
14 33   0.0385945
14 34   0.0385945
14 35   0.0385945
14 36   0.0385945
14 37   0.0385945
14 38   0.0385945
14 39   0.0385945
14 40   0.0385945
15 1   0.0593101
15 2   0.0593101
15 3   0.0593101
15 4   0.0593101
15 5   0.0593101
15 6   0.0593101
15 7   0.0593101
15 8   0.0593101
15 9   0.0593101
15 10   0.0593101
15 11   0.0593101
15 12   0.0593101
15 13   0.0593101
15 14   0.0593101
15 15   0.0593101
15 16   0.0593101
15 17   0.0593101
15 18   0.0593101
15 19   0.0593101
15 20   0.0593101
15 21   0.0593101
15 22   0.0593101
15 23   0.0593101
15 24   0.0593101
15 25   0.0593101
15 26   0.0593101
15 27   0.0593101
15 28   0.0593101
15 29   0.0593101
15 30   0.0593101
15 31   0.0593101
15 32   0.0593101
15 33   0.0593101
15 34   0.0593101
15 35   0.0593101
15 36   0.0593101
15 37   0.0593101
15 38   0.0593101
15 39   0.0593101
15 40   0.0593101
16 1   0.0555602
16 2   0.0555602
16 3   0.0555602
16 4   0.0555602
16 5   0.0555602
16 6   0.0555602
16 7   0.0555602
16 8   0.0555602
16 9   0.0555602
16 10   0.0555602
16 11   0.0555602
16 12   0.0555602
16 13   0.0555602
16 14   0.0555602
16 15   0.0555602
16 16   0.0555602
16 17   0.0555602
16 18   0.0555602
16 19   0.0555602
16 20   0.0555602
16 21   0.0555602
16 22   0.0555602
16 23   0.0555602
16 24   0.0555602
16 25   0.0555602
16 26   0.0555602
16 27   0.0555602
16 28   0.0555602
16 29   0.0555602
16 30   0.0555602
16 31   0.0555602
16 32   0.0555602
16 33   0.0555602
16 34   0.0555602
16 35   0.0555602
16 36   0.0555602
16 37   0.0555602
16 38   0.0555602
16 39   0.0555602
16 40   0.0555602
17 1   0.0399877
17 2   0.0399877
17 3   0.0399877
17 4   0.0399877
17 5   0.0399877
17 6   0.0399877
17 7   0.0399877
17 8   0.0399877
17 9   0.0399877
17 10   0.0399877
17 11   0.0399877
17 12   0.0399877
17 13   0.0399877
17 14   0.0399877
17 15   0.0399877
17 16   0.0399877
17 17   0.0399877
17 18   0.0399877
17 19   0.0399877
17 20   0.0399877
17 21   0.0399877
17 22   0.0399877
17 23   0.0399877
17 24   0.0399877
17 25   0.0399877
17 26   0.0399877
17 27   0.0399877
17 28   0.0399877
17 29   0.0399877
17 30   0.0399877
17 31   0.0399877
17 32   0.0399877
17 33   0.0399877
17 34   0.0399877
17 35   0.0399877
17 36   0.0399877
17 37   0.0399877
17 38   0.0399877
17 39   0.0399877
17 40   0.0399877
18 1   0.0425403
18 2   0.0425403
18 3   0.0425403
18 4   0.0425403
18 5   0.0425403
18 6   0.0425403
18 7   0.0425403
18 8   0.0425403
18 9   0.0425403
18 10   0.0425403
18 11   0.0425403
18 12   0.0425403
18 13   0.0425403
18 14   0.0425403
18 15   0.0425403
18 16   0.0425403
18 17   0.0425403
18 18   0.0425403
18 19   0.0425403
18 20   0.0425403
18 21   0.0425403
18 22   0.0425403
18 23   0.0425403
18 24   0.0425403
18 25   0.0425403
18 26   0.0425403
18 27   0.0425403
18 28   0.0425403
18 29   0.0425403
18 30   0.0425403
18 31   0.0425403
18 32   0.0425403
18 33   0.0425403
18 34   0.0425403
18 35   0.0425403
18 36   0.0425403
18 37   0.0425403
18 38   0.0425403
18 39   0.0425403
18 40   0.0425403
19 1   0.100136
19 2   0.100136
19 3   0.100136
19 4   0.100136
19 5   0.100136
19 6   0.100136
19 7   0.100136
19 8   0.100136
19 9   0.100136
19 10   0.100136
19 11   0.100136
19 12   0.100136
19 13   0.100136
19 14   0.100136
19 15   0.100136
19 16   0.100136
19 17   0.100136
19 18   0.100136
19 19   0.100136
19 20   0.100136
19 21   0.100136
19 22   0.100136
19 23   0.100136
19 24   0.100136
19 25   0.100136
19 26   0.100136
19 27   0.100136
19 28   0.100136
19 29   0.100136
19 30   0.100136
19 31   0.100136
19 32   0.100136
19 33   0.100136
19 34   0.100136
19 35   0.100136
19 36   0.100136
19 37   0.100136
19 38   0.100136
19 39   0.100136
19 40   0.100136
20 1   0.22654
20 2   0.22654
20 3   0.22654
20 4   0.22654
20 5   0.22654
20 6   0.22654
20 7   0.22654
20 8   0.22654
20 9   0.22654
20 10   0.22654
20 11   0.22654
20 12   0.22654
20 13   0.22654
20 14   0.22654
20 15   0.22654
20 16   0.22654
20 17   0.22654
20 18   0.22654
20 19   0.22654
20 20   0.22654
20 21   0.22654
20 22   0.22654
20 23   0.22654
20 24   0.22654
20 25   0.22654
20 26   0.22654
20 27   0.22654
20 28   0.22654
20 29   0.22654
20 30   0.22654
20 31   0.22654
20 32   0.22654
20 33   0.22654
20 34   0.22654
20 35   0.22654
20 36   0.22654
20 37   0.22654
20 38   0.22654
20 39   0.22654
20 40   0.22654
21 1   0.402152
21 2   0.402152
21 3   0.402152
21 4   0.402152
21 5   0.402152
21 6   0.402152
21 7   0.402152
21 8   0.402152
21 9   0.402152
21 10   0.402152
21 11   0.402152
21 12   0.402152
21 13   0.402152
21 14   0.402152
21 15   0.402152
21 16   0.402152
21 17   0.402152
21 18   0.402152
21 19   0.402152
21 20   0.402152
21 21   0.402152
21 22   0.402152
21 23   0.402152
21 24   0.402152
21 25   0.402152
21 26   0.402152
21 27   0.402152
21 28   0.402152
21 29   0.402152
21 30   0.402152
21 31   0.402152
21 32   0.402152
21 33   0.402152
21 34   0.402152
21 35   0.402152
21 36   0.402152
21 37   0.402152
21 38   0.402152
21 39   0.402152
21 40   0.402152
22 1   0.597185
22 2   0.597185
22 3   0.597185
22 4   0.597185
22 5   0.597185
22 6   0.597185
22 7   0.597185
22 8   0.597185
22 9   0.597185
22 10   0.597185
22 11   0.597185
22 12   0.597185
22 13   0.597185
22 14   0.597185
22 15   0.597185
22 16   0.597185
22 17   0.597185
22 18   0.597185
22 19   0.597185
22 20   0.597185
22 21   0.597185
22 22   0.597185
22 23   0.597185
22 24   0.597185
22 25   0.597185
22 26   0.597185
22 27   0.597185
22 28   0.597185
22 29   0.597185
22 30   0.597185
22 31   0.597185
22 32   0.597185
22 33   0.597185
22 34   0.597185
22 35   0.597185
22 36   0.597185
22 37   0.597185
22 38   0.597185
22 39   0.597185
22 40   0.597185
23 1   0.774647
23 2   0.774647
23 3   0.774647
23 4   0.774647
23 5   0.774647
23 6   0.774647
23 7   0.774647
23 8   0.774647
23 9   0.774647
23 10   0.774647
23 11   0.774647
23 12   0.774647
23 13   0.774647
23 14   0.774647
23 15   0.774647
23 16   0.774647
23 17   0.774647
23 18   0.774647
23 19   0.774647
23 20   0.774647
23 21   0.774647
23 22   0.774647
23 23   0.774647
23 24   0.774647
23 25   0.774647
23 26   0.774647
23 27   0.774647
23 28   0.774647
23 29   0.774647
23 30   0.774647
23 31   0.774647
23 32   0.774647
23 33   0.774647
23 34   0.774647
23 35   0.774647
23 36   0.774647
23 37   0.774647
23 38   0.774647
23 39   0.774647
23 40   0.774647
24 1   0.900162
24 2   0.900162
24 3   0.900162
24 4   0.900162
24 5   0.900162
24 6   0.900162
24 7   0.900162
24 8   0.900162
24 9   0.900162
24 10   0.900162
24 11   0.900162
24 12   0.900162
24 13   0.900162
24 14   0.900162
24 15   0.900162
24 16   0.900162
24 17   0.900162
24 18   0.900162
24 19   0.900162
24 20   0.900162
24 21   0.900162
24 22   0.900162
24 23   0.900162
24 24   0.900162
24 25   0.900162
24 26   0.900162
24 27   0.900162
24 28   0.900162
24 29   0.900162
24 30   0.900162
24 31   0.900162
24 32   0.900162
24 33   0.900162
24 34   0.900162
24 35   0.900162
24 36   0.900162
24 37   0.900162
24 38   0.900162
24 39   0.900162
24 40   0.900162
25 1   0.956668
25 2   0.956668
25 3   0.956668
25 4   0.956668
25 5   0.956668
25 6   0.956668
25 7   0.956668
25 8   0.956668
25 9   0.956668
25 10   0.956668
25 11   0.956668
25 12   0.956668
25 13   0.956668
25 14   0.956668
25 15   0.956668
25 16   0.956668
25 17   0.956668
25 18   0.956668
25 19   0.956668
25 20   0.956668
25 21   0.956668
25 22   0.956668
25 23   0.956668
25 24   0.956668
25 25   0.956668
25 26   0.956668
25 27   0.956668
25 28   0.956668
25 29   0.956668
25 30   0.956668
25 31   0.956668
25 32   0.956668
25 33   0.956668
25 34   0.956668
25 35   0.956668
25 36   0.956668
25 37   0.956668
25 38   0.956668
25 39   0.956668
25 40   0.956668
26 1   0.960148
26 2   0.960148
26 3   0.960148
26 4   0.960148
26 5   0.960148
26 6   0.960148
26 7   0.960148
26 8   0.960148
26 9   0.960148
26 10   0.960148
26 11   0.960148
26 12   0.960148
26 13   0.960148
26 14   0.960148
26 15   0.960148
26 16   0.960148
26 17   0.960148
26 18   0.960148
26 19   0.960148
26 20   0.960148
26 21   0.960148
26 22   0.960148
26 23   0.960148
26 24   0.960148
26 25   0.960148
26 26   0.960148
26 27   0.960148
26 28   0.960148
26 29   0.960148
26 30   0.960148
26 31   0.960148
26 32   0.960148
26 33   0.960148
26 34   0.960148
26 35   0.960148
26 36   0.960148
26 37   0.960148
26 38   0.960148
26 39   0.960148
26 40   0.960148
27 1   0.945028
27 2   0.945028
27 3   0.945028
27 4   0.945028
27 5   0.945028
27 6   0.945028
27 7   0.945028
27 8   0.945028
27 9   0.945028
27 10   0.945028
27 11   0.945028
27 12   0.945028
27 13   0.945028
27 14   0.945028
27 15   0.945028
27 16   0.945028
27 17   0.945028
27 18   0.945028
27 19   0.945028
27 20   0.945028
27 21   0.945028
27 22   0.945028
27 23   0.945028
27 24   0.945028
27 25   0.945028
27 26   0.945028
27 27   0.945028
27 28   0.945028
27 29   0.945028
27 30   0.945028
27 31   0.945028
27 32   0.945028
27 33   0.945028
27 34   0.945028
27 35   0.945028
27 36   0.945028
27 37   0.945028
27 38   0.945028
27 39   0.945028
27 40   0.945028
28 1   0.941171
28 2   0.941171
28 3   0.941171
28 4   0.941171
28 5   0.941171
28 6   0.941171
28 7   0.941171
28 8   0.941171
28 9   0.941171
28 10   0.941171
28 11   0.941171
28 12   0.941171
28 13   0.941171
28 14   0.941171
28 15   0.941171
28 16   0.941171
28 17   0.941171
28 18   0.941171
28 19   0.941171
28 20   0.941171
28 21   0.941171
28 22   0.941171
28 23   0.941171
28 24   0.941171
28 25   0.941171
28 26   0.941171
28 27   0.941171
28 28   0.941171
28 29   0.941171
28 30   0.941171
28 31   0.941171
28 32   0.941171
28 33   0.941171
28 34   0.941171
28 35   0.941171
28 36   0.941171
28 37   0.941171
28 38   0.941171
28 39   0.941171
28 40   0.941171
29 1   0.960914
29 2   0.960914
29 3   0.960914
29 4   0.960914
29 5   0.960914
29 6   0.960914
29 7   0.960914
29 8   0.960914
29 9   0.960914
29 10   0.960914
29 11   0.960914
29 12   0.960914
29 13   0.960914
29 14   0.960914
29 15   0.960914
29 16   0.960914
29 17   0.960914
29 18   0.960914
29 19   0.960914
29 20   0.960914
29 21   0.960914
29 22   0.960914
29 23   0.960914
29 24   0.960914
29 25   0.960914
29 26   0.960914
29 27   0.960914
29 28   0.960914
29 29   0.960914
29 30   0.960914
29 31   0.960914
29 32   0.960914
29 33   0.960914
29 34   0.960914
29 35   0.960914
29 36   0.960914
29 37   0.960914
29 38   0.960914
29 39   0.960914
29 40   0.960914
30 1   0.996691
30 2   0.996691
30 3   0.996691
30 4   0.996691
30 5   0.996691
30 6   0.996691
30 7   0.996691
30 8   0.996691
30 9   0.996691
30 10   0.996691
30 11   0.996691
30 12   0.996691
30 13   0.996691
30 14   0.996691
30 15   0.996691
30 16   0.996691
30 17   0.996691
30 18   0.996691
30 19   0.996691
30 20   0.996691
30 21   0.996691
30 22   0.996691
30 23   0.996691
30 24   0.996691
30 25   0.996691
30 26   0.996691
30 27   0.996691
30 28   0.996691
30 29   0.996691
30 30   0.996691
30 31   0.996691
30 32   0.996691
30 33   0.996691
30 34   0.996691
30 35   0.996691
30 36   0.996691
30 37   0.996691
30 38   0.996691
30 39   0.996691
30 40   0.996691
31 1   1.0246
31 2   1.0246
31 3   1.0246
31 4   1.0246
31 5   1.0246
31 6   1.0246
31 7   1.0246
31 8   1.0246
31 9   1.0246
31 10   1.0246
31 11   1.0246
31 12   1.0246
31 13   1.0246
31 14   1.0246
31 15   1.0246
31 16   1.0246
31 17   1.0246
31 18   1.0246
31 19   1.0246
31 20   1.0246
31 21   1.0246
31 22   1.0246
31 23   1.0246
31 24   1.0246
31 25   1.0246
31 26   1.0246
31 27   1.0246
31 28   1.0246
31 29   1.0246
31 30   1.0246
31 31   1.0246
31 32   1.0246
31 33   1.0246
31 34   1.0246
31 35   1.0246
31 36   1.0246
31 37   1.0246
31 38   1.0246
31 39   1.0246
31 40   1.0246
32 1   1.02075
32 2   1.02075
32 3   1.02075
32 4   1.02075
32 5   1.02075
32 6   1.02075
32 7   1.02075
32 8   1.02075
32 9   1.02075
32 10   1.02075
32 11   1.02075
32 12   1.02075
32 13   1.02075
32 14   1.02075
32 15   1.02075
32 16   1.02075
32 17   1.02075
32 18   1.02075
32 19   1.02075
32 20   1.02075
32 21   1.02075
32 22   1.02075
32 23   1.02075
32 24   1.02075
32 25   1.02075
32 26   1.02075
32 27   1.02075
32 28   1.02075
32 29   1.02075
32 30   1.02075
32 31   1.02075
32 32   1.02075
32 33   1.02075
32 34   1.02075
32 35   1.02075
32 36   1.02075
32 37   1.02075
32 38   1.02075
32 39   1.02075
32 40   1.02075
33 1   0.992102
33 2   0.992102
33 3   0.992102
33 4   0.992102
33 5   0.992102
33 6   0.992102
33 7   0.992102
33 8   0.992102
33 9   0.992102
33 10   0.992102
33 11   0.992102
33 12   0.992102
33 13   0.992102
33 14   0.992102
33 15   0.992102
33 16   0.992102
33 17   0.992102
33 18   0.992102
33 19   0.992102
33 20   0.992102
33 21   0.992102
33 22   0.992102
33 23   0.992102
33 24   0.992102
33 25   0.992102
33 26   0.992102
33 27   0.992102
33 28   0.992102
33 29   0.992102
33 30   0.992102
33 31   0.992102
33 32   0.992102
33 33   0.992102
33 34   0.992102
33 35   0.992102
33 36   0.992102
33 37   0.992102
33 38   0.992102
33 39   0.992102
33 40   0.992102
34 1   0.979256
34 2   0.979256
34 3   0.979256
34 4   0.979256
34 5   0.979256
34 6   0.979256
34 7   0.979256
34 8   0.979256
34 9   0.979256
34 10   0.979256
34 11   0.979256
34 12   0.979256
34 13   0.979256
34 14   0.979256
34 15   0.979256
34 16   0.979256
34 17   0.979256
34 18   0.979256
34 19   0.979256
34 20   0.979256
34 21   0.979256
34 22   0.979256
34 23   0.979256
34 24   0.979256
34 25   0.979256
34 26   0.979256
34 27   0.979256
34 28   0.979256
34 29   0.979256
34 30   0.979256
34 31   0.979256
34 32   0.979256
34 33   0.979256
34 34   0.979256
34 35   0.979256
34 36   0.979256
34 37   0.979256
34 38   0.979256
34 39   0.979256
34 40   0.979256
35 1   0.995754
35 2   0.995754
35 3   0.995754
35 4   0.995754
35 5   0.995754
35 6   0.995754
35 7   0.995754
35 8   0.995754
35 9   0.995754
35 10   0.995754
35 11   0.995754
35 12   0.995754
35 13   0.995754
35 14   0.995754
35 15   0.995754
35 16   0.995754
35 17   0.995754
35 18   0.995754
35 19   0.995754
35 20   0.995754
35 21   0.995754
35 22   0.995754
35 23   0.995754
35 24   0.995754
35 25   0.995754
35 26   0.995754
35 27   0.995754
35 28   0.995754
35 29   0.995754
35 30   0.995754
35 31   0.995754
35 32   0.995754
35 33   0.995754
35 34   0.995754
35 35   0.995754
35 36   0.995754
35 37   0.995754
35 38   0.995754
35 39   0.995754
35 40   0.995754
36 1   1.0116
36 2   1.0116
36 3   1.0116
36 4   1.0116
36 5   1.0116
36 6   1.0116
36 7   1.0116
36 8   1.0116
36 9   1.0116
36 10   1.0116
36 11   1.0116
36 12   1.0116
36 13   1.0116
36 14   1.0116
36 15   1.0116
36 16   1.0116
36 17   1.0116
36 18   1.0116
36 19   1.0116
36 20   1.0116
36 21   1.0116
36 22   1.0116
36 23   1.0116
36 24   1.0116
36 25   1.0116
36 26   1.0116
36 27   1.0116
36 28   1.0116
36 29   1.0116
36 30   1.0116
36 31   1.0116
36 32   1.0116
36 33   1.0116
36 34   1.0116
36 35   1.0116
36 36   1.0116
36 37   1.0116
36 38   1.0116
36 39   1.0116
36 40   1.0116
37 1   1.00707
37 2   1.00707
37 3   1.00707
37 4   1.00707
37 5   1.00707
37 6   1.00707
37 7   1.00707
37 8   1.00707
37 9   1.00707
37 10   1.00707
37 11   1.00707
37 12   1.00707
37 13   1.00707
37 14   1.00707
37 15   1.00707
37 16   1.00707
37 17   1.00707
37 18   1.00707
37 19   1.00707
37 20   1.00707
37 21   1.00707
37 22   1.00707
37 23   1.00707
37 24   1.00707
37 25   1.00707
37 26   1.00707
37 27   1.00707
37 28   1.00707
37 29   1.00707
37 30   1.00707
37 31   1.00707
37 32   1.00707
37 33   1.00707
37 34   1.00707
37 35   1.00707
37 36   1.00707
37 37   1.00707
37 38   1.00707
37 39   1.00707
37 40   1.00707
38 1   0.994924
38 2   0.994924
38 3   0.994924
38 4   0.994924
38 5   0.994924
38 6   0.994924
38 7   0.994924
38 8   0.994924
38 9   0.994924
38 10   0.994924
38 11   0.994924
38 12   0.994924
38 13   0.994924
38 14   0.994924
38 15   0.994924
38 16   0.994924
38 17   0.994924
38 18   0.994924
38 19   0.994924
38 20   0.994924
38 21   0.994924
38 22   0.994924
38 23   0.994924
38 24   0.994924
38 25   0.994924
38 26   0.994924
38 27   0.994924
38 28   0.994924
38 29   0.994924
38 30   0.994924
38 31   0.994924
38 32   0.994924
38 33   0.994924
38 34   0.994924
38 35   0.994924
38 36   0.994924
38 37   0.994924
38 38   0.994924
38 39   0.994924
38 40   0.994924
39 1   0.993911
39 2   0.993911
39 3   0.993911
39 4   0.993911
39 5   0.993911
39 6   0.993911
39 7   0.993911
39 8   0.993911
39 9   0.993911
39 10   0.993911
39 11   0.993911
39 12   0.993911
39 13   0.993911
39 14   0.993911
39 15   0.993911
39 16   0.993911
39 17   0.993911
39 18   0.993911
39 19   0.993911
39 20   0.993911
39 21   0.993911
39 22   0.993911
39 23   0.993911
39 24   0.993911
39 25   0.993911
39 26   0.993911
39 27   0.993911
39 28   0.993911
39 29   0.993911
39 30   0.993911
39 31   0.993911
39 32   0.993911
39 33   0.993911
39 34   0.993911
39 35   0.993911
39 36   0.993911
39 37   0.993911
39 38   0.993911
39 39   0.993911
39 40   0.993911
40 1   1.00421
40 2   1.00421
40 3   1.00421
40 4   1.00421
40 5   1.00421
40 6   1.00421
40 7   1.00421
40 8   1.00421
40 9   1.00421
40 10   1.00421
40 11   1.00421
40 12   1.00421
40 13   1.00421
40 14   1.00421
40 15   1.00421
40 16   1.00421
40 17   1.00421
40 18   1.00421
40 19   1.00421
40 20   1.00421
40 21   1.00421
40 22   1.00421
40 23   1.00421
40 24   1.00421
40 25   1.00421
40 26   1.00421
40 27   1.00421
40 28   1.00421
40 29   1.00421
40 30   1.00421
40 31   1.00421
40 32   1.00421
40 33   1.00421
40 34   1.00421
40 35   1.00421
40 36   1.00421
40 37   1.00421
40 38   1.00421
40 39   1.00421
40 40   1.00421
