1 1   1.00376
1 2   1.00376
1 3   1.00376
1 4   1.00376
1 5   1.00376
1 6   1.00376
1 7   1.00376
1 8   1.00376
1 9   1.00376
1 10   1.00376
1 11   1.00376
1 12   1.00376
1 13   1.00376
1 14   1.00376
1 15   1.00376
1 16   1.00376
1 17   1.00376
1 18   1.00376
1 19   1.00376
1 20   1.00376
1 21   1.00376
1 22   1.00376
1 23   1.00376
1 24   1.00376
1 25   1.00376
1 26   1.00376
1 27   1.00376
1 28   1.00376
1 29   1.00376
1 30   1.00376
1 31   1.00376
1 32   1.00376
1 33   1.00376
1 34   1.00376
1 35   1.00376
1 36   1.00376
1 37   1.00376
1 38   1.00376
1 39   1.00376
1 40   1.00376
2 1   0.99493
2 2   0.99493
2 3   0.99493
2 4   0.99493
2 5   0.99493
2 6   0.99493
2 7   0.99493
2 8   0.99493
2 9   0.99493
2 10   0.99493
2 11   0.99493
2 12   0.99493
2 13   0.99493
2 14   0.99493
2 15   0.99493
2 16   0.99493
2 17   0.99493
2 18   0.99493
2 19   0.99493
2 20   0.99493
2 21   0.99493
2 22   0.99493
2 23   0.99493
2 24   0.99493
2 25   0.99493
2 26   0.99493
2 27   0.99493
2 28   0.99493
2 29   0.99493
2 30   0.99493
2 31   0.99493
2 32   0.99493
2 33   0.99493
2 34   0.99493
2 35   0.99493
2 36   0.99493
2 37   0.99493
2 38   0.99493
2 39   0.99493
2 40   0.99493
3 1   0.996796
3 2   0.996796
3 3   0.996796
3 4   0.996796
3 5   0.996796
3 6   0.996796
3 7   0.996796
3 8   0.996796
3 9   0.996796
3 10   0.996796
3 11   0.996796
3 12   0.996796
3 13   0.996796
3 14   0.996796
3 15   0.996796
3 16   0.996796
3 17   0.996796
3 18   0.996796
3 19   0.996796
3 20   0.996796
3 21   0.996796
3 22   0.996796
3 23   0.996796
3 24   0.996796
3 25   0.996796
3 26   0.996796
3 27   0.996796
3 28   0.996796
3 29   0.996796
3 30   0.996796
3 31   0.996796
3 32   0.996796
3 33   0.996796
3 34   0.996796
3 35   0.996796
3 36   0.996796
3 37   0.996796
3 38   0.996796
3 39   0.996796
3 40   0.996796
4 1   1.00421
4 2   1.00421
4 3   1.00421
4 4   1.00421
4 5   1.00421
4 6   1.00421
4 7   1.00421
4 8   1.00421
4 9   1.00421
4 10   1.00421
4 11   1.00421
4 12   1.00421
4 13   1.00421
4 14   1.00421
4 15   1.00421
4 16   1.00421
4 17   1.00421
4 18   1.00421
4 19   1.00421
4 20   1.00421
4 21   1.00421
4 22   1.00421
4 23   1.00421
4 24   1.00421
4 25   1.00421
4 26   1.00421
4 27   1.00421
4 28   1.00421
4 29   1.00421
4 30   1.00421
4 31   1.00421
4 32   1.00421
4 33   1.00421
4 34   1.00421
4 35   1.00421
4 36   1.00421
4 37   1.00421
4 38   1.00421
4 39   1.00421
4 40   1.00421
5 1   0.997413
5 2   0.997413
5 3   0.997413
5 4   0.997413
5 5   0.997413
5 6   0.997413
5 7   0.997413
5 8   0.997413
5 9   0.997413
5 10   0.997413
5 11   0.997413
5 12   0.997413
5 13   0.997413
5 14   0.997413
5 15   0.997413
5 16   0.997413
5 17   0.997413
5 18   0.997413
5 19   0.997413
5 20   0.997413
5 21   0.997413
5 22   0.997413
5 23   0.997413
5 24   0.997413
5 25   0.997413
5 26   0.997413
5 27   0.997413
5 28   0.997413
5 29   0.997413
5 30   0.997413
5 31   0.997413
5 32   0.997413
5 33   0.997413
5 34   0.997413
5 35   0.997413
5 36   0.997413
5 37   0.997413
5 38   0.997413
5 39   0.997413
5 40   0.997413
6 1   0.986805
6 2   0.986805
6 3   0.986805
6 4   0.986805
6 5   0.986805
6 6   0.986805
6 7   0.986805
6 8   0.986805
6 9   0.986805
6 10   0.986805
6 11   0.986805
6 12   0.986805
6 13   0.986805
6 14   0.986805
6 15   0.986805
6 16   0.986805
6 17   0.986805
6 18   0.986805
6 19   0.986805
6 20   0.986805
6 21   0.986805
6 22   0.986805
6 23   0.986805
6 24   0.986805
6 25   0.986805
6 26   0.986805
6 27   0.986805
6 28   0.986805
6 29   0.986805
6 30   0.986805
6 31   0.986805
6 32   0.986805
6 33   0.986805
6 34   0.986805
6 35   0.986805
6 36   0.986805
6 37   0.986805
6 38   0.986805
6 39   0.986805
6 40   0.986805
7 1   0.976816
7 2   0.976816
7 3   0.976816
7 4   0.976816
7 5   0.976816
7 6   0.976816
7 7   0.976816
7 8   0.976816
7 9   0.976816
7 10   0.976816
7 11   0.976816
7 12   0.976816
7 13   0.976816
7 14   0.976816
7 15   0.976816
7 16   0.976816
7 17   0.976816
7 18   0.976816
7 19   0.976816
7 20   0.976816
7 21   0.976816
7 22   0.976816
7 23   0.976816
7 24   0.976816
7 25   0.976816
7 26   0.976816
7 27   0.976816
7 28   0.976816
7 29   0.976816
7 30   0.976816
7 31   0.976816
7 32   0.976816
7 33   0.976816
7 34   0.976816
7 35   0.976816
7 36   0.976816
7 37   0.976816
7 38   0.976816
7 39   0.976816
7 40   0.976816
8 1   0.965214
8 2   0.965214
8 3   0.965214
8 4   0.965214
8 5   0.965214
8 6   0.965214
8 7   0.965214
8 8   0.965214
8 9   0.965214
8 10   0.965214
8 11   0.965214
8 12   0.965214
8 13   0.965214
8 14   0.965214
8 15   0.965214
8 16   0.965214
8 17   0.965214
8 18   0.965214
8 19   0.965214
8 20   0.965214
8 21   0.965214
8 22   0.965214
8 23   0.965214
8 24   0.965214
8 25   0.965214
8 26   0.965214
8 27   0.965214
8 28   0.965214
8 29   0.965214
8 30   0.965214
8 31   0.965214
8 32   0.965214
8 33   0.965214
8 34   0.965214
8 35   0.965214
8 36   0.965214
8 37   0.965214
8 38   0.965214
8 39   0.965214
8 40   0.965214
9 1   0.927429
9 2   0.927429
9 3   0.927429
9 4   0.927429
9 5   0.927429
9 6   0.927429
9 7   0.927429
9 8   0.927429
9 9   0.927429
9 10   0.927429
9 11   0.927429
9 12   0.927429
9 13   0.927429
9 14   0.927429
9 15   0.927429
9 16   0.927429
9 17   0.927429
9 18   0.927429
9 19   0.927429
9 20   0.927429
9 21   0.927429
9 22   0.927429
9 23   0.927429
9 24   0.927429
9 25   0.927429
9 26   0.927429
9 27   0.927429
9 28   0.927429
9 29   0.927429
9 30   0.927429
9 31   0.927429
9 32   0.927429
9 33   0.927429
9 34   0.927429
9 35   0.927429
9 36   0.927429
9 37   0.927429
9 38   0.927429
9 39   0.927429
9 40   0.927429
10 1   0.853384
10 2   0.853384
10 3   0.853384
10 4   0.853384
10 5   0.853384
10 6   0.853384
10 7   0.853384
10 8   0.853384
10 9   0.853384
10 10   0.853384
10 11   0.853384
10 12   0.853384
10 13   0.853384
10 14   0.853384
10 15   0.853384
10 16   0.853384
10 17   0.853384
10 18   0.853384
10 19   0.853384
10 20   0.853384
10 21   0.853384
10 22   0.853384
10 23   0.853384
10 24   0.853384
10 25   0.853384
10 26   0.853384
10 27   0.853384
10 28   0.853384
10 29   0.853384
10 30   0.853384
10 31   0.853384
10 32   0.853384
10 33   0.853384
10 34   0.853384
10 35   0.853384
10 36   0.853384
10 37   0.853384
10 38   0.853384
10 39   0.853384
10 40   0.853384
11 1   0.765396
11 2   0.765396
11 3   0.765396
11 4   0.765396
11 5   0.765396
11 6   0.765396
11 7   0.765396
11 8   0.765396
11 9   0.765396
11 10   0.765396
11 11   0.765396
11 12   0.765396
11 13   0.765396
11 14   0.765396
11 15   0.765396
11 16   0.765396
11 17   0.765396
11 18   0.765396
11 19   0.765396
11 20   0.765396
11 21   0.765396
11 22   0.765396
11 23   0.765396
11 24   0.765396
11 25   0.765396
11 26   0.765396
11 27   0.765396
11 28   0.765396
11 29   0.765396
11 30   0.765396
11 31   0.765396
11 32   0.765396
11 33   0.765396
11 34   0.765396
11 35   0.765396
11 36   0.765396
11 37   0.765396
11 38   0.765396
11 39   0.765396
11 40   0.765396
12 1   0.676324
12 2   0.676324
12 3   0.676324
12 4   0.676324
12 5   0.676324
12 6   0.676324
12 7   0.676324
12 8   0.676324
12 9   0.676324
12 10   0.676324
12 11   0.676324
12 12   0.676324
12 13   0.676324
12 14   0.676324
12 15   0.676324
12 16   0.676324
12 17   0.676324
12 18   0.676324
12 19   0.676324
12 20   0.676324
12 21   0.676324
12 22   0.676324
12 23   0.676324
12 24   0.676324
12 25   0.676324
12 26   0.676324
12 27   0.676324
12 28   0.676324
12 29   0.676324
12 30   0.676324
12 31   0.676324
12 32   0.676324
12 33   0.676324
12 34   0.676324
12 35   0.676324
12 36   0.676324
12 37   0.676324
12 38   0.676324
12 39   0.676324
12 40   0.676324
13 1   0.568416
13 2   0.568416
13 3   0.568416
13 4   0.568416
13 5   0.568416
13 6   0.568416
13 7   0.568416
13 8   0.568416
13 9   0.568416
13 10   0.568416
13 11   0.568416
13 12   0.568416
13 13   0.568416
13 14   0.568416
13 15   0.568416
13 16   0.568416
13 17   0.568416
13 18   0.568416
13 19   0.568416
13 20   0.568416
13 21   0.568416
13 22   0.568416
13 23   0.568416
13 24   0.568416
13 25   0.568416
13 26   0.568416
13 27   0.568416
13 28   0.568416
13 29   0.568416
13 30   0.568416
13 31   0.568416
13 32   0.568416
13 33   0.568416
13 34   0.568416
13 35   0.568416
13 36   0.568416
13 37   0.568416
13 38   0.568416
13 39   0.568416
13 40   0.568416
14 1   0.449671
14 2   0.449671
14 3   0.449671
14 4   0.449671
14 5   0.449671
14 6   0.449671
14 7   0.449671
14 8   0.449671
14 9   0.449671
14 10   0.449671
14 11   0.449671
14 12   0.449671
14 13   0.449671
14 14   0.449671
14 15   0.449671
14 16   0.449671
14 17   0.449671
14 18   0.449671
14 19   0.449671
14 20   0.449671
14 21   0.449671
14 22   0.449671
14 23   0.449671
14 24   0.449671
14 25   0.449671
14 26   0.449671
14 27   0.449671
14 28   0.449671
14 29   0.449671
14 30   0.449671
14 31   0.449671
14 32   0.449671
14 33   0.449671
14 34   0.449671
14 35   0.449671
14 36   0.449671
14 37   0.449671
14 38   0.449671
14 39   0.449671
14 40   0.449671
15 1   0.395648
15 2   0.395648
15 3   0.395648
15 4   0.395648
15 5   0.395648
15 6   0.395648
15 7   0.395648
15 8   0.395648
15 9   0.395648
15 10   0.395648
15 11   0.395648
15 12   0.395648
15 13   0.395648
15 14   0.395648
15 15   0.395648
15 16   0.395648
15 17   0.395648
15 18   0.395648
15 19   0.395648
15 20   0.395648
15 21   0.395648
15 22   0.395648
15 23   0.395648
15 24   0.395648
15 25   0.395648
15 26   0.395648
15 27   0.395648
15 28   0.395648
15 29   0.395648
15 30   0.395648
15 31   0.395648
15 32   0.395648
15 33   0.395648
15 34   0.395648
15 35   0.395648
15 36   0.395648
15 37   0.395648
15 38   0.395648
15 39   0.395648
15 40   0.395648
16 1   0.427667
16 2   0.427667
16 3   0.427667
16 4   0.427667
16 5   0.427667
16 6   0.427667
16 7   0.427667
16 8   0.427667
16 9   0.427667
16 10   0.427667
16 11   0.427667
16 12   0.427667
16 13   0.427667
16 14   0.427667
16 15   0.427667
16 16   0.427667
16 17   0.427667
16 18   0.427667
16 19   0.427667
16 20   0.427667
16 21   0.427667
16 22   0.427667
16 23   0.427667
16 24   0.427667
16 25   0.427667
16 26   0.427667
16 27   0.427667
16 28   0.427667
16 29   0.427667
16 30   0.427667
16 31   0.427667
16 32   0.427667
16 33   0.427667
16 34   0.427667
16 35   0.427667
16 36   0.427667
16 37   0.427667
16 38   0.427667
16 39   0.427667
16 40   0.427667
17 1   0.507037
17 2   0.507037
17 3   0.507037
17 4   0.507037
17 5   0.507037
17 6   0.507037
17 7   0.507037
17 8   0.507037
17 9   0.507037
17 10   0.507037
17 11   0.507037
17 12   0.507037
17 13   0.507037
17 14   0.507037
17 15   0.507037
17 16   0.507037
17 17   0.507037
17 18   0.507037
17 19   0.507037
17 20   0.507037
17 21   0.507037
17 22   0.507037
17 23   0.507037
17 24   0.507037
17 25   0.507037
17 26   0.507037
17 27   0.507037
17 28   0.507037
17 29   0.507037
17 30   0.507037
17 31   0.507037
17 32   0.507037
17 33   0.507037
17 34   0.507037
17 35   0.507037
17 36   0.507037
17 37   0.507037
17 38   0.507037
17 39   0.507037
17 40   0.507037
18 1   0.55906
18 2   0.55906
18 3   0.55906
18 4   0.55906
18 5   0.55906
18 6   0.55906
18 7   0.55906
18 8   0.55906
18 9   0.55906
18 10   0.55906
18 11   0.55906
18 12   0.55906
18 13   0.55906
18 14   0.55906
18 15   0.55906
18 16   0.55906
18 17   0.55906
18 18   0.55906
18 19   0.55906
18 20   0.55906
18 21   0.55906
18 22   0.55906
18 23   0.55906
18 24   0.55906
18 25   0.55906
18 26   0.55906
18 27   0.55906
18 28   0.55906
18 29   0.55906
18 30   0.55906
18 31   0.55906
18 32   0.55906
18 33   0.55906
18 34   0.55906
18 35   0.55906
18 36   0.55906
18 37   0.55906
18 38   0.55906
18 39   0.55906
18 40   0.55906
19 1   0.531466
19 2   0.531466
19 3   0.531466
19 4   0.531466
19 5   0.531466
19 6   0.531466
19 7   0.531466
19 8   0.531466
19 9   0.531466
19 10   0.531466
19 11   0.531466
19 12   0.531466
19 13   0.531466
19 14   0.531466
19 15   0.531466
19 16   0.531466
19 17   0.531466
19 18   0.531466
19 19   0.531466
19 20   0.531466
19 21   0.531466
19 22   0.531466
19 23   0.531466
19 24   0.531466
19 25   0.531466
19 26   0.531466
19 27   0.531466
19 28   0.531466
19 29   0.531466
19 30   0.531466
19 31   0.531466
19 32   0.531466
19 33   0.531466
19 34   0.531466
19 35   0.531466
19 36   0.531466
19 37   0.531466
19 38   0.531466
19 39   0.531466
19 40   0.531466
20 1   0.467125
20 2   0.467125
20 3   0.467125
20 4   0.467125
20 5   0.467125
20 6   0.467125
20 7   0.467125
20 8   0.467125
20 9   0.467125
20 10   0.467125
20 11   0.467125
20 12   0.467125
20 13   0.467125
20 14   0.467125
20 15   0.467125
20 16   0.467125
20 17   0.467125
20 18   0.467125
20 19   0.467125
20 20   0.467125
20 21   0.467125
20 22   0.467125
20 23   0.467125
20 24   0.467125
20 25   0.467125
20 26   0.467125
20 27   0.467125
20 28   0.467125
20 29   0.467125
20 30   0.467125
20 31   0.467125
20 32   0.467125
20 33   0.467125
20 34   0.467125
20 35   0.467125
20 36   0.467125
20 37   0.467125
20 38   0.467125
20 39   0.467125
20 40   0.467125
21 1   0.444769
21 2   0.444769
21 3   0.444769
21 4   0.444769
21 5   0.444769
21 6   0.444769
21 7   0.444769
21 8   0.444769
21 9   0.444769
21 10   0.444769
21 11   0.444769
21 12   0.444769
21 13   0.444769
21 14   0.444769
21 15   0.444769
21 16   0.444769
21 17   0.444769
21 18   0.444769
21 19   0.444769
21 20   0.444769
21 21   0.444769
21 22   0.444769
21 23   0.444769
21 24   0.444769
21 25   0.444769
21 26   0.444769
21 27   0.444769
21 28   0.444769
21 29   0.444769
21 30   0.444769
21 31   0.444769
21 32   0.444769
21 33   0.444769
21 34   0.444769
21 35   0.444769
21 36   0.444769
21 37   0.444769
21 38   0.444769
21 39   0.444769
21 40   0.444769
22 1   0.489155
22 2   0.489155
22 3   0.489155
22 4   0.489155
22 5   0.489155
22 6   0.489155
22 7   0.489155
22 8   0.489155
22 9   0.489155
22 10   0.489155
22 11   0.489155
22 12   0.489155
22 13   0.489155
22 14   0.489155
22 15   0.489155
22 16   0.489155
22 17   0.489155
22 18   0.489155
22 19   0.489155
22 20   0.489155
22 21   0.489155
22 22   0.489155
22 23   0.489155
22 24   0.489155
22 25   0.489155
22 26   0.489155
22 27   0.489155
22 28   0.489155
22 29   0.489155
22 30   0.489155
22 31   0.489155
22 32   0.489155
22 33   0.489155
22 34   0.489155
22 35   0.489155
22 36   0.489155
22 37   0.489155
22 38   0.489155
22 39   0.489155
22 40   0.489155
23 1   0.574228
23 2   0.574228
23 3   0.574228
23 4   0.574228
23 5   0.574228
23 6   0.574228
23 7   0.574228
23 8   0.574228
23 9   0.574228
23 10   0.574228
23 11   0.574228
23 12   0.574228
23 13   0.574228
23 14   0.574228
23 15   0.574228
23 16   0.574228
23 17   0.574228
23 18   0.574228
23 19   0.574228
23 20   0.574228
23 21   0.574228
23 22   0.574228
23 23   0.574228
23 24   0.574228
23 25   0.574228
23 26   0.574228
23 27   0.574228
23 28   0.574228
23 29   0.574228
23 30   0.574228
23 31   0.574228
23 32   0.574228
23 33   0.574228
23 34   0.574228
23 35   0.574228
23 36   0.574228
23 37   0.574228
23 38   0.574228
23 39   0.574228
23 40   0.574228
24 1   0.605998
24 2   0.605998
24 3   0.605998
24 4   0.605998
24 5   0.605998
24 6   0.605998
24 7   0.605998
24 8   0.605998
24 9   0.605998
24 10   0.605998
24 11   0.605998
24 12   0.605998
24 13   0.605998
24 14   0.605998
24 15   0.605998
24 16   0.605998
24 17   0.605998
24 18   0.605998
24 19   0.605998
24 20   0.605998
24 21   0.605998
24 22   0.605998
24 23   0.605998
24 24   0.605998
24 25   0.605998
24 26   0.605998
24 27   0.605998
24 28   0.605998
24 29   0.605998
24 30   0.605998
24 31   0.605998
24 32   0.605998
24 33   0.605998
24 34   0.605998
24 35   0.605998
24 36   0.605998
24 37   0.605998
24 38   0.605998
24 39   0.605998
24 40   0.605998
25 1   0.546331
25 2   0.546331
25 3   0.546331
25 4   0.546331
25 5   0.546331
25 6   0.546331
25 7   0.546331
25 8   0.546331
25 9   0.546331
25 10   0.546331
25 11   0.546331
25 12   0.546331
25 13   0.546331
25 14   0.546331
25 15   0.546331
25 16   0.546331
25 17   0.546331
25 18   0.546331
25 19   0.546331
25 20   0.546331
25 21   0.546331
25 22   0.546331
25 23   0.546331
25 24   0.546331
25 25   0.546331
25 26   0.546331
25 27   0.546331
25 28   0.546331
25 29   0.546331
25 30   0.546331
25 31   0.546331
25 32   0.546331
25 33   0.546331
25 34   0.546331
25 35   0.546331
25 36   0.546331
25 37   0.546331
25 38   0.546331
25 39   0.546331
25 40   0.546331
26 1   0.435728
26 2   0.435728
26 3   0.435728
26 4   0.435728
26 5   0.435728
26 6   0.435728
26 7   0.435728
26 8   0.435728
26 9   0.435728
26 10   0.435728
26 11   0.435728
26 12   0.435728
26 13   0.435728
26 14   0.435728
26 15   0.435728
26 16   0.435728
26 17   0.435728
26 18   0.435728
26 19   0.435728
26 20   0.435728
26 21   0.435728
26 22   0.435728
26 23   0.435728
26 24   0.435728
26 25   0.435728
26 26   0.435728
26 27   0.435728
26 28   0.435728
26 29   0.435728
26 30   0.435728
26 31   0.435728
26 32   0.435728
26 33   0.435728
26 34   0.435728
26 35   0.435728
26 36   0.435728
26 37   0.435728
26 38   0.435728
26 39   0.435728
26 40   0.435728
27 1   0.322581
27 2   0.322581
27 3   0.322581
27 4   0.322581
27 5   0.322581
27 6   0.322581
27 7   0.322581
27 8   0.322581
27 9   0.322581
27 10   0.322581
27 11   0.322581
27 12   0.322581
27 13   0.322581
27 14   0.322581
27 15   0.322581
27 16   0.322581
27 17   0.322581
27 18   0.322581
27 19   0.322581
27 20   0.322581
27 21   0.322581
27 22   0.322581
27 23   0.322581
27 24   0.322581
27 25   0.322581
27 26   0.322581
27 27   0.322581
27 28   0.322581
27 29   0.322581
27 30   0.322581
27 31   0.322581
27 32   0.322581
27 33   0.322581
27 34   0.322581
27 35   0.322581
27 36   0.322581
27 37   0.322581
27 38   0.322581
27 39   0.322581
27 40   0.322581
28 1   0.232256
28 2   0.232256
28 3   0.232256
28 4   0.232256
28 5   0.232256
28 6   0.232256
28 7   0.232256
28 8   0.232256
28 9   0.232256
28 10   0.232256
28 11   0.232256
28 12   0.232256
28 13   0.232256
28 14   0.232256
28 15   0.232256
28 16   0.232256
28 17   0.232256
28 18   0.232256
28 19   0.232256
28 20   0.232256
28 21   0.232256
28 22   0.232256
28 23   0.232256
28 24   0.232256
28 25   0.232256
28 26   0.232256
28 27   0.232256
28 28   0.232256
28 29   0.232256
28 30   0.232256
28 31   0.232256
28 32   0.232256
28 33   0.232256
28 34   0.232256
28 35   0.232256
28 36   0.232256
28 37   0.232256
28 38   0.232256
28 39   0.232256
28 40   0.232256
29 1   0.15066
29 2   0.15066
29 3   0.15066
29 4   0.15066
29 5   0.15066
29 6   0.15066
29 7   0.15066
29 8   0.15066
29 9   0.15066
29 10   0.15066
29 11   0.15066
29 12   0.15066
29 13   0.15066
29 14   0.15066
29 15   0.15066
29 16   0.15066
29 17   0.15066
29 18   0.15066
29 19   0.15066
29 20   0.15066
29 21   0.15066
29 22   0.15066
29 23   0.15066
29 24   0.15066
29 25   0.15066
29 26   0.15066
29 27   0.15066
29 28   0.15066
29 29   0.15066
29 30   0.15066
29 31   0.15066
29 32   0.15066
29 33   0.15066
29 34   0.15066
29 35   0.15066
29 36   0.15066
29 37   0.15066
29 38   0.15066
29 39   0.15066
29 40   0.15066
30 1   0.0707154
30 2   0.0707154
30 3   0.0707154
30 4   0.0707154
30 5   0.0707154
30 6   0.0707154
30 7   0.0707154
30 8   0.0707154
30 9   0.0707154
30 10   0.0707154
30 11   0.0707154
30 12   0.0707154
30 13   0.0707154
30 14   0.0707154
30 15   0.0707154
30 16   0.0707154
30 17   0.0707154
30 18   0.0707154
30 19   0.0707154
30 20   0.0707154
30 21   0.0707154
30 22   0.0707154
30 23   0.0707154
30 24   0.0707154
30 25   0.0707154
30 26   0.0707154
30 27   0.0707154
30 28   0.0707154
30 29   0.0707154
30 30   0.0707154
30 31   0.0707154
30 32   0.0707154
30 33   0.0707154
30 34   0.0707154
30 35   0.0707154
30 36   0.0707154
30 37   0.0707154
30 38   0.0707154
30 39   0.0707154
30 40   0.0707154
31 1   0.0333014
31 2   0.0333014
31 3   0.0333014
31 4   0.0333014
31 5   0.0333014
31 6   0.0333014
31 7   0.0333014
31 8   0.0333014
31 9   0.0333014
31 10   0.0333014
31 11   0.0333014
31 12   0.0333014
31 13   0.0333014
31 14   0.0333014
31 15   0.0333014
31 16   0.0333014
31 17   0.0333014
31 18   0.0333014
31 19   0.0333014
31 20   0.0333014
31 21   0.0333014
31 22   0.0333014
31 23   0.0333014
31 24   0.0333014
31 25   0.0333014
31 26   0.0333014
31 27   0.0333014
31 28   0.0333014
31 29   0.0333014
31 30   0.0333014
31 31   0.0333014
31 32   0.0333014
31 33   0.0333014
31 34   0.0333014
31 35   0.0333014
31 36   0.0333014
31 37   0.0333014
31 38   0.0333014
31 39   0.0333014
31 40   0.0333014
32 1   0.0261693
32 2   0.0261693
32 3   0.0261693
32 4   0.0261693
32 5   0.0261693
32 6   0.0261693
32 7   0.0261693
32 8   0.0261693
32 9   0.0261693
32 10   0.0261693
32 11   0.0261693
32 12   0.0261693
32 13   0.0261693
32 14   0.0261693
32 15   0.0261693
32 16   0.0261693
32 17   0.0261693
32 18   0.0261693
32 19   0.0261693
32 20   0.0261693
32 21   0.0261693
32 22   0.0261693
32 23   0.0261693
32 24   0.0261693
32 25   0.0261693
32 26   0.0261693
32 27   0.0261693
32 28   0.0261693
32 29   0.0261693
32 30   0.0261693
32 31   0.0261693
32 32   0.0261693
32 33   0.0261693
32 34   0.0261693
32 35   0.0261693
32 36   0.0261693
32 37   0.0261693
32 38   0.0261693
32 39   0.0261693
32 40   0.0261693
33 1   0.0130572
33 2   0.0130572
33 3   0.0130572
33 4   0.0130572
33 5   0.0130572
33 6   0.0130572
33 7   0.0130572
33 8   0.0130572
33 9   0.0130572
33 10   0.0130572
33 11   0.0130572
33 12   0.0130572
33 13   0.0130572
33 14   0.0130572
33 15   0.0130572
33 16   0.0130572
33 17   0.0130572
33 18   0.0130572
33 19   0.0130572
33 20   0.0130572
33 21   0.0130572
33 22   0.0130572
33 23   0.0130572
33 24   0.0130572
33 25   0.0130572
33 26   0.0130572
33 27   0.0130572
33 28   0.0130572
33 29   0.0130572
33 30   0.0130572
33 31   0.0130572
33 32   0.0130572
33 33   0.0130572
33 34   0.0130572
33 35   0.0130572
33 36   0.0130572
33 37   0.0130572
33 38   0.0130572
33 39   0.0130572
33 40   0.0130572
34 1   -0.000761113
34 2   -0.000761113
34 3   -0.000761113
34 4   -0.000761113
34 5   -0.000761113
34 6   -0.000761113
34 7   -0.000761113
34 8   -0.000761113
34 9   -0.000761113
34 10   -0.000761113
34 11   -0.000761113
34 12   -0.000761113
34 13   -0.000761113
34 14   -0.000761113
34 15   -0.000761113
34 16   -0.000761113
34 17   -0.000761113
34 18   -0.000761113
34 19   -0.000761113
34 20   -0.000761113
34 21   -0.000761113
34 22   -0.000761113
34 23   -0.000761113
34 24   -0.000761113
34 25   -0.000761113
34 26   -0.000761113
34 27   -0.000761113
34 28   -0.000761113
34 29   -0.000761113
34 30   -0.000761113
34 31   -0.000761113
34 32   -0.000761113
34 33   -0.000761113
34 34   -0.000761113
34 35   -0.000761113
34 36   -0.000761113
34 37   -0.000761113
34 38   -0.000761113
34 39   -0.000761113
34 40   -0.000761113
35 1   -0.000812131
35 2   -0.000812131
35 3   -0.000812131
35 4   -0.000812131
35 5   -0.000812131
35 6   -0.000812131
35 7   -0.000812131
35 8   -0.000812131
35 9   -0.000812131
35 10   -0.000812131
35 11   -0.000812131
35 12   -0.000812131
35 13   -0.000812131
35 14   -0.000812131
35 15   -0.000812131
35 16   -0.000812131
35 17   -0.000812131
35 18   -0.000812131
35 19   -0.000812131
35 20   -0.000812131
35 21   -0.000812131
35 22   -0.000812131
35 23   -0.000812131
35 24   -0.000812131
35 25   -0.000812131
35 26   -0.000812131
35 27   -0.000812131
35 28   -0.000812131
35 29   -0.000812131
35 30   -0.000812131
35 31   -0.000812131
35 32   -0.000812131
35 33   -0.000812131
35 34   -0.000812131
35 35   -0.000812131
35 36   -0.000812131
35 37   -0.000812131
35 38   -0.000812131
35 39   -0.000812131
35 40   -0.000812131
36 1   0.00474674
36 2   0.00474674
36 3   0.00474674
36 4   0.00474674
36 5   0.00474674
36 6   0.00474674
36 7   0.00474674
36 8   0.00474674
36 9   0.00474674
36 10   0.00474674
36 11   0.00474674
36 12   0.00474674
36 13   0.00474674
36 14   0.00474674
36 15   0.00474674
36 16   0.00474674
36 17   0.00474674
36 18   0.00474674
36 19   0.00474674
36 20   0.00474674
36 21   0.00474674
36 22   0.00474674
36 23   0.00474674
36 24   0.00474674
36 25   0.00474674
36 26   0.00474674
36 27   0.00474674
36 28   0.00474674
36 29   0.00474674
36 30   0.00474674
36 31   0.00474674
36 32   0.00474674
36 33   0.00474674
36 34   0.00474674
36 35   0.00474674
36 36   0.00474674
36 37   0.00474674
36 38   0.00474674
36 39   0.00474674
36 40   0.00474674
37 1   -0.000155698
37 2   -0.000155698
37 3   -0.000155698
37 4   -0.000155698
37 5   -0.000155698
37 6   -0.000155698
37 7   -0.000155698
37 8   -0.000155698
37 9   -0.000155698
37 10   -0.000155698
37 11   -0.000155698
37 12   -0.000155698
37 13   -0.000155698
37 14   -0.000155698
37 15   -0.000155698
37 16   -0.000155698
37 17   -0.000155698
37 18   -0.000155698
37 19   -0.000155698
37 20   -0.000155698
37 21   -0.000155698
37 22   -0.000155698
37 23   -0.000155698
37 24   -0.000155698
37 25   -0.000155698
37 26   -0.000155698
37 27   -0.000155698
37 28   -0.000155698
37 29   -0.000155698
37 30   -0.000155698
37 31   -0.000155698
37 32   -0.000155698
37 33   -0.000155698
37 34   -0.000155698
37 35   -0.000155698
37 36   -0.000155698
37 37   -0.000155698
37 38   -0.000155698
37 39   -0.000155698
37 40   -0.000155698
38 1   -0.000686662
38 2   -0.000686662
38 3   -0.000686662
38 4   -0.000686662
38 5   -0.000686662
38 6   -0.000686662
38 7   -0.000686662
38 8   -0.000686662
38 9   -0.000686662
38 10   -0.000686662
38 11   -0.000686662
38 12   -0.000686662
38 13   -0.000686662
38 14   -0.000686662
38 15   -0.000686662
38 16   -0.000686662
38 17   -0.000686662
38 18   -0.000686662
38 19   -0.000686662
38 20   -0.000686662
38 21   -0.000686662
38 22   -0.000686662
38 23   -0.000686662
38 24   -0.000686662
38 25   -0.000686662
38 26   -0.000686662
38 27   -0.000686662
38 28   -0.000686662
38 29   -0.000686662
38 30   -0.000686662
38 31   -0.000686662
38 32   -0.000686662
38 33   -0.000686662
38 34   -0.000686662
38 35   -0.000686662
38 36   -0.000686662
38 37   -0.000686662
38 38   -0.000686662
38 39   -0.000686662
38 40   -0.000686662
39 1   -0.000916517
39 2   -0.000916517
39 3   -0.000916517
39 4   -0.000916517
39 5   -0.000916517
39 6   -0.000916517
39 7   -0.000916517
39 8   -0.000916517
39 9   -0.000916517
39 10   -0.000916517
39 11   -0.000916517
39 12   -0.000916517
39 13   -0.000916517
39 14   -0.000916517
39 15   -0.000916517
39 16   -0.000916517
39 17   -0.000916517
39 18   -0.000916517
39 19   -0.000916517
39 20   -0.000916517
39 21   -0.000916517
39 22   -0.000916517
39 23   -0.000916517
39 24   -0.000916517
39 25   -0.000916517
39 26   -0.000916517
39 27   -0.000916517
39 28   -0.000916517
39 29   -0.000916517
39 30   -0.000916517
39 31   -0.000916517
39 32   -0.000916517
39 33   -0.000916517
39 34   -0.000916517
39 35   -0.000916517
39 36   -0.000916517
39 37   -0.000916517
39 38   -0.000916517
39 39   -0.000916517
39 40   -0.000916517
40 1   0.00116796
40 2   0.00116796
40 3   0.00116796
40 4   0.00116796
40 5   0.00116796
40 6   0.00116796
40 7   0.00116796
40 8   0.00116796
40 9   0.00116796
40 10   0.00116796
40 11   0.00116796
40 12   0.00116796
40 13   0.00116796
40 14   0.00116796
40 15   0.00116796
40 16   0.00116796
40 17   0.00116796
40 18   0.00116796
40 19   0.00116796
40 20   0.00116796
40 21   0.00116796
40 22   0.00116796
40 23   0.00116796
40 24   0.00116796
40 25   0.00116796
40 26   0.00116796
40 27   0.00116796
40 28   0.00116796
40 29   0.00116796
40 30   0.00116796
40 31   0.00116796
40 32   0.00116796
40 33   0.00116796
40 34   0.00116796
40 35   0.00116796
40 36   0.00116796
40 37   0.00116796
40 38   0.00116796
40 39   0.00116796
40 40   0.00116796
