1 1   0.952202
1 2   0.952202
1 3   0.952202
1 4   0.952202
1 5   0.952202
1 6   0.952202
1 7   0.952202
1 8   0.952202
1 9   0.952202
1 10   0.952202
1 11   0.952202
1 12   0.952202
1 13   0.952202
1 14   0.952202
1 15   0.952202
1 16   0.952202
1 17   0.952202
1 18   0.952202
1 19   0.952202
1 20   0.952202
1 21   0.952202
1 22   0.952202
1 23   0.952202
1 24   0.952202
1 25   0.952202
1 26   0.952202
1 27   0.952202
1 28   0.952202
1 29   0.952202
1 30   0.952202
1 31   0.952202
1 32   0.952202
1 33   0.952202
1 34   0.952202
1 35   0.952202
1 36   0.952202
1 37   0.952202
1 38   0.952202
1 39   0.952202
1 40   0.952202
2 1   0.937073
2 2   0.937073
2 3   0.937073
2 4   0.937073
2 5   0.937073
2 6   0.937073
2 7   0.937073
2 8   0.937073
2 9   0.937073
2 10   0.937073
2 11   0.937073
2 12   0.937073
2 13   0.937073
2 14   0.937073
2 15   0.937073
2 16   0.937073
2 17   0.937073
2 18   0.937073
2 19   0.937073
2 20   0.937073
2 21   0.937073
2 22   0.937073
2 23   0.937073
2 24   0.937073
2 25   0.937073
2 26   0.937073
2 27   0.937073
2 28   0.937073
2 29   0.937073
2 30   0.937073
2 31   0.937073
2 32   0.937073
2 33   0.937073
2 34   0.937073
2 35   0.937073
2 36   0.937073
2 37   0.937073
2 38   0.937073
2 39   0.937073
2 40   0.937073
3 1   0.911689
3 2   0.911689
3 3   0.911689
3 4   0.911689
3 5   0.911689
3 6   0.911689
3 7   0.911689
3 8   0.911689
3 9   0.911689
3 10   0.911689
3 11   0.911689
3 12   0.911689
3 13   0.911689
3 14   0.911689
3 15   0.911689
3 16   0.911689
3 17   0.911689
3 18   0.911689
3 19   0.911689
3 20   0.911689
3 21   0.911689
3 22   0.911689
3 23   0.911689
3 24   0.911689
3 25   0.911689
3 26   0.911689
3 27   0.911689
3 28   0.911689
3 29   0.911689
3 30   0.911689
3 31   0.911689
3 32   0.911689
3 33   0.911689
3 34   0.911689
3 35   0.911689
3 36   0.911689
3 37   0.911689
3 38   0.911689
3 39   0.911689
3 40   0.911689
4 1   0.879092
4 2   0.879092
4 3   0.879092
4 4   0.879092
4 5   0.879092
4 6   0.879092
4 7   0.879092
4 8   0.879092
4 9   0.879092
4 10   0.879092
4 11   0.879092
4 12   0.879092
4 13   0.879092
4 14   0.879092
4 15   0.879092
4 16   0.879092
4 17   0.879092
4 18   0.879092
4 19   0.879092
4 20   0.879092
4 21   0.879092
4 22   0.879092
4 23   0.879092
4 24   0.879092
4 25   0.879092
4 26   0.879092
4 27   0.879092
4 28   0.879092
4 29   0.879092
4 30   0.879092
4 31   0.879092
4 32   0.879092
4 33   0.879092
4 34   0.879092
4 35   0.879092
4 36   0.879092
4 37   0.879092
4 38   0.879092
4 39   0.879092
4 40   0.879092
5 1   0.835537
5 2   0.835537
5 3   0.835537
5 4   0.835537
5 5   0.835537
5 6   0.835537
5 7   0.835537
5 8   0.835537
5 9   0.835537
5 10   0.835537
5 11   0.835537
5 12   0.835537
5 13   0.835537
5 14   0.835537
5 15   0.835537
5 16   0.835537
5 17   0.835537
5 18   0.835537
5 19   0.835537
5 20   0.835537
5 21   0.835537
5 22   0.835537
5 23   0.835537
5 24   0.835537
5 25   0.835537
5 26   0.835537
5 27   0.835537
5 28   0.835537
5 29   0.835537
5 30   0.835537
5 31   0.835537
5 32   0.835537
5 33   0.835537
5 34   0.835537
5 35   0.835537
5 36   0.835537
5 37   0.835537
5 38   0.835537
5 39   0.835537
5 40   0.835537
6 1   0.774769
6 2   0.774769
6 3   0.774769
6 4   0.774769
6 5   0.774769
6 6   0.774769
6 7   0.774769
6 8   0.774769
6 9   0.774769
6 10   0.774769
6 11   0.774769
6 12   0.774769
6 13   0.774769
6 14   0.774769
6 15   0.774769
6 16   0.774769
6 17   0.774769
6 18   0.774769
6 19   0.774769
6 20   0.774769
6 21   0.774769
6 22   0.774769
6 23   0.774769
6 24   0.774769
6 25   0.774769
6 26   0.774769
6 27   0.774769
6 28   0.774769
6 29   0.774769
6 30   0.774769
6 31   0.774769
6 32   0.774769
6 33   0.774769
6 34   0.774769
6 35   0.774769
6 36   0.774769
6 37   0.774769
6 38   0.774769
6 39   0.774769
6 40   0.774769
7 1   0.698098
7 2   0.698098
7 3   0.698098
7 4   0.698098
7 5   0.698098
7 6   0.698098
7 7   0.698098
7 8   0.698098
7 9   0.698098
7 10   0.698098
7 11   0.698098
7 12   0.698098
7 13   0.698098
7 14   0.698098
7 15   0.698098
7 16   0.698098
7 17   0.698098
7 18   0.698098
7 19   0.698098
7 20   0.698098
7 21   0.698098
7 22   0.698098
7 23   0.698098
7 24   0.698098
7 25   0.698098
7 26   0.698098
7 27   0.698098
7 28   0.698098
7 29   0.698098
7 30   0.698098
7 31   0.698098
7 32   0.698098
7 33   0.698098
7 34   0.698098
7 35   0.698098
7 36   0.698098
7 37   0.698098
7 38   0.698098
7 39   0.698098
7 40   0.698098
8 1   0.617499
8 2   0.617499
8 3   0.617499
8 4   0.617499
8 5   0.617499
8 6   0.617499
8 7   0.617499
8 8   0.617499
8 9   0.617499
8 10   0.617499
8 11   0.617499
8 12   0.617499
8 13   0.617499
8 14   0.617499
8 15   0.617499
8 16   0.617499
8 17   0.617499
8 18   0.617499
8 19   0.617499
8 20   0.617499
8 21   0.617499
8 22   0.617499
8 23   0.617499
8 24   0.617499
8 25   0.617499
8 26   0.617499
8 27   0.617499
8 28   0.617499
8 29   0.617499
8 30   0.617499
8 31   0.617499
8 32   0.617499
8 33   0.617499
8 34   0.617499
8 35   0.617499
8 36   0.617499
8 37   0.617499
8 38   0.617499
8 39   0.617499
8 40   0.617499
9 1   0.546914
9 2   0.546914
9 3   0.546914
9 4   0.546914
9 5   0.546914
9 6   0.546914
9 7   0.546914
9 8   0.546914
9 9   0.546914
9 10   0.546914
9 11   0.546914
9 12   0.546914
9 13   0.546914
9 14   0.546914
9 15   0.546914
9 16   0.546914
9 17   0.546914
9 18   0.546914
9 19   0.546914
9 20   0.546914
9 21   0.546914
9 22   0.546914
9 23   0.546914
9 24   0.546914
9 25   0.546914
9 26   0.546914
9 27   0.546914
9 28   0.546914
9 29   0.546914
9 30   0.546914
9 31   0.546914
9 32   0.546914
9 33   0.546914
9 34   0.546914
9 35   0.546914
9 36   0.546914
9 37   0.546914
9 38   0.546914
9 39   0.546914
9 40   0.546914
10 1   0.493074
10 2   0.493074
10 3   0.493074
10 4   0.493074
10 5   0.493074
10 6   0.493074
10 7   0.493074
10 8   0.493074
10 9   0.493074
10 10   0.493074
10 11   0.493074
10 12   0.493074
10 13   0.493074
10 14   0.493074
10 15   0.493074
10 16   0.493074
10 17   0.493074
10 18   0.493074
10 19   0.493074
10 20   0.493074
10 21   0.493074
10 22   0.493074
10 23   0.493074
10 24   0.493074
10 25   0.493074
10 26   0.493074
10 27   0.493074
10 28   0.493074
10 29   0.493074
10 30   0.493074
10 31   0.493074
10 32   0.493074
10 33   0.493074
10 34   0.493074
10 35   0.493074
10 36   0.493074
10 37   0.493074
10 38   0.493074
10 39   0.493074
10 40   0.493074
11 1   0.456214
11 2   0.456214
11 3   0.456214
11 4   0.456214
11 5   0.456214
11 6   0.456214
11 7   0.456214
11 8   0.456214
11 9   0.456214
11 10   0.456214
11 11   0.456214
11 12   0.456214
11 13   0.456214
11 14   0.456214
11 15   0.456214
11 16   0.456214
11 17   0.456214
11 18   0.456214
11 19   0.456214
11 20   0.456214
11 21   0.456214
11 22   0.456214
11 23   0.456214
11 24   0.456214
11 25   0.456214
11 26   0.456214
11 27   0.456214
11 28   0.456214
11 29   0.456214
11 30   0.456214
11 31   0.456214
11 32   0.456214
11 33   0.456214
11 34   0.456214
11 35   0.456214
11 36   0.456214
11 37   0.456214
11 38   0.456214
11 39   0.456214
11 40   0.456214
12 1   0.436362
12 2   0.436362
12 3   0.436362
12 4   0.436362
12 5   0.436362
12 6   0.436362
12 7   0.436362
12 8   0.436362
12 9   0.436362
12 10   0.436362
12 11   0.436362
12 12   0.436362
12 13   0.436362
12 14   0.436362
12 15   0.436362
12 16   0.436362
12 17   0.436362
12 18   0.436362
12 19   0.436362
12 20   0.436362
12 21   0.436362
12 22   0.436362
12 23   0.436362
12 24   0.436362
12 25   0.436362
12 26   0.436362
12 27   0.436362
12 28   0.436362
12 29   0.436362
12 30   0.436362
12 31   0.436362
12 32   0.436362
12 33   0.436362
12 34   0.436362
12 35   0.436362
12 36   0.436362
12 37   0.436362
12 38   0.436362
12 39   0.436362
12 40   0.436362
13 1   0.435671
13 2   0.435671
13 3   0.435671
13 4   0.435671
13 5   0.435671
13 6   0.435671
13 7   0.435671
13 8   0.435671
13 9   0.435671
13 10   0.435671
13 11   0.435671
13 12   0.435671
13 13   0.435671
13 14   0.435671
13 15   0.435671
13 16   0.435671
13 17   0.435671
13 18   0.435671
13 19   0.435671
13 20   0.435671
13 21   0.435671
13 22   0.435671
13 23   0.435671
13 24   0.435671
13 25   0.435671
13 26   0.435671
13 27   0.435671
13 28   0.435671
13 29   0.435671
13 30   0.435671
13 31   0.435671
13 32   0.435671
13 33   0.435671
13 34   0.435671
13 35   0.435671
13 36   0.435671
13 37   0.435671
13 38   0.435671
13 39   0.435671
13 40   0.435671
14 1   0.454719
14 2   0.454719
14 3   0.454719
14 4   0.454719
14 5   0.454719
14 6   0.454719
14 7   0.454719
14 8   0.454719
14 9   0.454719
14 10   0.454719
14 11   0.454719
14 12   0.454719
14 13   0.454719
14 14   0.454719
14 15   0.454719
14 16   0.454719
14 17   0.454719
14 18   0.454719
14 19   0.454719
14 20   0.454719
14 21   0.454719
14 22   0.454719
14 23   0.454719
14 24   0.454719
14 25   0.454719
14 26   0.454719
14 27   0.454719
14 28   0.454719
14 29   0.454719
14 30   0.454719
14 31   0.454719
14 32   0.454719
14 33   0.454719
14 34   0.454719
14 35   0.454719
14 36   0.454719
14 37   0.454719
14 38   0.454719
14 39   0.454719
14 40   0.454719
15 1   0.48784
15 2   0.48784
15 3   0.48784
15 4   0.48784
15 5   0.48784
15 6   0.48784
15 7   0.48784
15 8   0.48784
15 9   0.48784
15 10   0.48784
15 11   0.48784
15 12   0.48784
15 13   0.48784
15 14   0.48784
15 15   0.48784
15 16   0.48784
15 17   0.48784
15 18   0.48784
15 19   0.48784
15 20   0.48784
15 21   0.48784
15 22   0.48784
15 23   0.48784
15 24   0.48784
15 25   0.48784
15 26   0.48784
15 27   0.48784
15 28   0.48784
15 29   0.48784
15 30   0.48784
15 31   0.48784
15 32   0.48784
15 33   0.48784
15 34   0.48784
15 35   0.48784
15 36   0.48784
15 37   0.48784
15 38   0.48784
15 39   0.48784
15 40   0.48784
16 1   0.522599
16 2   0.522599
16 3   0.522599
16 4   0.522599
16 5   0.522599
16 6   0.522599
16 7   0.522599
16 8   0.522599
16 9   0.522599
16 10   0.522599
16 11   0.522599
16 12   0.522599
16 13   0.522599
16 14   0.522599
16 15   0.522599
16 16   0.522599
16 17   0.522599
16 18   0.522599
16 19   0.522599
16 20   0.522599
16 21   0.522599
16 22   0.522599
16 23   0.522599
16 24   0.522599
16 25   0.522599
16 26   0.522599
16 27   0.522599
16 28   0.522599
16 29   0.522599
16 30   0.522599
16 31   0.522599
16 32   0.522599
16 33   0.522599
16 34   0.522599
16 35   0.522599
16 36   0.522599
16 37   0.522599
16 38   0.522599
16 39   0.522599
16 40   0.522599
17 1   0.54422
17 2   0.54422
17 3   0.54422
17 4   0.54422
17 5   0.54422
17 6   0.54422
17 7   0.54422
17 8   0.54422
17 9   0.54422
17 10   0.54422
17 11   0.54422
17 12   0.54422
17 13   0.54422
17 14   0.54422
17 15   0.54422
17 16   0.54422
17 17   0.54422
17 18   0.54422
17 19   0.54422
17 20   0.54422
17 21   0.54422
17 22   0.54422
17 23   0.54422
17 24   0.54422
17 25   0.54422
17 26   0.54422
17 27   0.54422
17 28   0.54422
17 29   0.54422
17 30   0.54422
17 31   0.54422
17 32   0.54422
17 33   0.54422
17 34   0.54422
17 35   0.54422
17 36   0.54422
17 37   0.54422
17 38   0.54422
17 39   0.54422
17 40   0.54422
18 1   0.542351
18 2   0.542351
18 3   0.542351
18 4   0.542351
18 5   0.542351
18 6   0.542351
18 7   0.542351
18 8   0.542351
18 9   0.542351
18 10   0.542351
18 11   0.542351
18 12   0.542351
18 13   0.542351
18 14   0.542351
18 15   0.542351
18 16   0.542351
18 17   0.542351
18 18   0.542351
18 19   0.542351
18 20   0.542351
18 21   0.542351
18 22   0.542351
18 23   0.542351
18 24   0.542351
18 25   0.542351
18 26   0.542351
18 27   0.542351
18 28   0.542351
18 29   0.542351
18 30   0.542351
18 31   0.542351
18 32   0.542351
18 33   0.542351
18 34   0.542351
18 35   0.542351
18 36   0.542351
18 37   0.542351
18 38   0.542351
18 39   0.542351
18 40   0.542351
19 1   0.51747
19 2   0.51747
19 3   0.51747
19 4   0.51747
19 5   0.51747
19 6   0.51747
19 7   0.51747
19 8   0.51747
19 9   0.51747
19 10   0.51747
19 11   0.51747
19 12   0.51747
19 13   0.51747
19 14   0.51747
19 15   0.51747
19 16   0.51747
19 17   0.51747
19 18   0.51747
19 19   0.51747
19 20   0.51747
19 21   0.51747
19 22   0.51747
19 23   0.51747
19 24   0.51747
19 25   0.51747
19 26   0.51747
19 27   0.51747
19 28   0.51747
19 29   0.51747
19 30   0.51747
19 31   0.51747
19 32   0.51747
19 33   0.51747
19 34   0.51747
19 35   0.51747
19 36   0.51747
19 37   0.51747
19 38   0.51747
19 39   0.51747
19 40   0.51747
20 1   0.48281
20 2   0.48281
20 3   0.48281
20 4   0.48281
20 5   0.48281
20 6   0.48281
20 7   0.48281
20 8   0.48281
20 9   0.48281
20 10   0.48281
20 11   0.48281
20 12   0.48281
20 13   0.48281
20 14   0.48281
20 15   0.48281
20 16   0.48281
20 17   0.48281
20 18   0.48281
20 19   0.48281
20 20   0.48281
20 21   0.48281
20 22   0.48281
20 23   0.48281
20 24   0.48281
20 25   0.48281
20 26   0.48281
20 27   0.48281
20 28   0.48281
20 29   0.48281
20 30   0.48281
20 31   0.48281
20 32   0.48281
20 33   0.48281
20 34   0.48281
20 35   0.48281
20 36   0.48281
20 37   0.48281
20 38   0.48281
20 39   0.48281
20 40   0.48281
21 1   0.457648
21 2   0.457648
21 3   0.457648
21 4   0.457648
21 5   0.457648
21 6   0.457648
21 7   0.457648
21 8   0.457648
21 9   0.457648
21 10   0.457648
21 11   0.457648
21 12   0.457648
21 13   0.457648
21 14   0.457648
21 15   0.457648
21 16   0.457648
21 17   0.457648
21 18   0.457648
21 19   0.457648
21 20   0.457648
21 21   0.457648
21 22   0.457648
21 23   0.457648
21 24   0.457648
21 25   0.457648
21 26   0.457648
21 27   0.457648
21 28   0.457648
21 29   0.457648
21 30   0.457648
21 31   0.457648
21 32   0.457648
21 33   0.457648
21 34   0.457648
21 35   0.457648
21 36   0.457648
21 37   0.457648
21 38   0.457648
21 39   0.457648
21 40   0.457648
22 1   0.455627
22 2   0.455627
22 3   0.455627
22 4   0.455627
22 5   0.455627
22 6   0.455627
22 7   0.455627
22 8   0.455627
22 9   0.455627
22 10   0.455627
22 11   0.455627
22 12   0.455627
22 13   0.455627
22 14   0.455627
22 15   0.455627
22 16   0.455627
22 17   0.455627
22 18   0.455627
22 19   0.455627
22 20   0.455627
22 21   0.455627
22 22   0.455627
22 23   0.455627
22 24   0.455627
22 25   0.455627
22 26   0.455627
22 27   0.455627
22 28   0.455627
22 29   0.455627
22 30   0.455627
22 31   0.455627
22 32   0.455627
22 33   0.455627
22 34   0.455627
22 35   0.455627
22 36   0.455627
22 37   0.455627
22 38   0.455627
22 39   0.455627
22 40   0.455627
23 1   0.477508
23 2   0.477508
23 3   0.477508
23 4   0.477508
23 5   0.477508
23 6   0.477508
23 7   0.477508
23 8   0.477508
23 9   0.477508
23 10   0.477508
23 11   0.477508
23 12   0.477508
23 13   0.477508
23 14   0.477508
23 15   0.477508
23 16   0.477508
23 17   0.477508
23 18   0.477508
23 19   0.477508
23 20   0.477508
23 21   0.477508
23 22   0.477508
23 23   0.477508
23 24   0.477508
23 25   0.477508
23 26   0.477508
23 27   0.477508
23 28   0.477508
23 29   0.477508
23 30   0.477508
23 31   0.477508
23 32   0.477508
23 33   0.477508
23 34   0.477508
23 35   0.477508
23 36   0.477508
23 37   0.477508
23 38   0.477508
23 39   0.477508
23 40   0.477508
24 1   0.512574
24 2   0.512574
24 3   0.512574
24 4   0.512574
24 5   0.512574
24 6   0.512574
24 7   0.512574
24 8   0.512574
24 9   0.512574
24 10   0.512574
24 11   0.512574
24 12   0.512574
24 13   0.512574
24 14   0.512574
24 15   0.512574
24 16   0.512574
24 17   0.512574
24 18   0.512574
24 19   0.512574
24 20   0.512574
24 21   0.512574
24 22   0.512574
24 23   0.512574
24 24   0.512574
24 25   0.512574
24 26   0.512574
24 27   0.512574
24 28   0.512574
24 29   0.512574
24 30   0.512574
24 31   0.512574
24 32   0.512574
24 33   0.512574
24 34   0.512574
24 35   0.512574
24 36   0.512574
24 37   0.512574
24 38   0.512574
24 39   0.512574
24 40   0.512574
25 1   0.545504
25 2   0.545504
25 3   0.545504
25 4   0.545504
25 5   0.545504
25 6   0.545504
25 7   0.545504
25 8   0.545504
25 9   0.545504
25 10   0.545504
25 11   0.545504
25 12   0.545504
25 13   0.545504
25 14   0.545504
25 15   0.545504
25 16   0.545504
25 17   0.545504
25 18   0.545504
25 19   0.545504
25 20   0.545504
25 21   0.545504
25 22   0.545504
25 23   0.545504
25 24   0.545504
25 25   0.545504
25 26   0.545504
25 27   0.545504
25 28   0.545504
25 29   0.545504
25 30   0.545504
25 31   0.545504
25 32   0.545504
25 33   0.545504
25 34   0.545504
25 35   0.545504
25 36   0.545504
25 37   0.545504
25 38   0.545504
25 39   0.545504
25 40   0.545504
26 1   0.56408
26 2   0.56408
26 3   0.56408
26 4   0.56408
26 5   0.56408
26 6   0.56408
26 7   0.56408
26 8   0.56408
26 9   0.56408
26 10   0.56408
26 11   0.56408
26 12   0.56408
26 13   0.56408
26 14   0.56408
26 15   0.56408
26 16   0.56408
26 17   0.56408
26 18   0.56408
26 19   0.56408
26 20   0.56408
26 21   0.56408
26 22   0.56408
26 23   0.56408
26 24   0.56408
26 25   0.56408
26 26   0.56408
26 27   0.56408
26 28   0.56408
26 29   0.56408
26 30   0.56408
26 31   0.56408
26 32   0.56408
26 33   0.56408
26 34   0.56408
26 35   0.56408
26 36   0.56408
26 37   0.56408
26 38   0.56408
26 39   0.56408
26 40   0.56408
27 1   0.563412
27 2   0.563412
27 3   0.563412
27 4   0.563412
27 5   0.563412
27 6   0.563412
27 7   0.563412
27 8   0.563412
27 9   0.563412
27 10   0.563412
27 11   0.563412
27 12   0.563412
27 13   0.563412
27 14   0.563412
27 15   0.563412
27 16   0.563412
27 17   0.563412
27 18   0.563412
27 19   0.563412
27 20   0.563412
27 21   0.563412
27 22   0.563412
27 23   0.563412
27 24   0.563412
27 25   0.563412
27 26   0.563412
27 27   0.563412
27 28   0.563412
27 29   0.563412
27 30   0.563412
27 31   0.563412
27 32   0.563412
27 33   0.563412
27 34   0.563412
27 35   0.563412
27 36   0.563412
27 37   0.563412
27 38   0.563412
27 39   0.563412
27 40   0.563412
28 1   0.544168
28 2   0.544168
28 3   0.544168
28 4   0.544168
28 5   0.544168
28 6   0.544168
28 7   0.544168
28 8   0.544168
28 9   0.544168
28 10   0.544168
28 11   0.544168
28 12   0.544168
28 13   0.544168
28 14   0.544168
28 15   0.544168
28 16   0.544168
28 17   0.544168
28 18   0.544168
28 19   0.544168
28 20   0.544168
28 21   0.544168
28 22   0.544168
28 23   0.544168
28 24   0.544168
28 25   0.544168
28 26   0.544168
28 27   0.544168
28 28   0.544168
28 29   0.544168
28 30   0.544168
28 31   0.544168
28 32   0.544168
28 33   0.544168
28 34   0.544168
28 35   0.544168
28 36   0.544168
28 37   0.544168
28 38   0.544168
28 39   0.544168
28 40   0.544168
29 1   0.50754
29 2   0.50754
29 3   0.50754
29 4   0.50754
29 5   0.50754
29 6   0.50754
29 7   0.50754
29 8   0.50754
29 9   0.50754
29 10   0.50754
29 11   0.50754
29 12   0.50754
29 13   0.50754
29 14   0.50754
29 15   0.50754
29 16   0.50754
29 17   0.50754
29 18   0.50754
29 19   0.50754
29 20   0.50754
29 21   0.50754
29 22   0.50754
29 23   0.50754
29 24   0.50754
29 25   0.50754
29 26   0.50754
29 27   0.50754
29 28   0.50754
29 29   0.50754
29 30   0.50754
29 31   0.50754
29 32   0.50754
29 33   0.50754
29 34   0.50754
29 35   0.50754
29 36   0.50754
29 37   0.50754
29 38   0.50754
29 39   0.50754
29 40   0.50754
30 1   0.45297
30 2   0.45297
30 3   0.45297
30 4   0.45297
30 5   0.45297
30 6   0.45297
30 7   0.45297
30 8   0.45297
30 9   0.45297
30 10   0.45297
30 11   0.45297
30 12   0.45297
30 13   0.45297
30 14   0.45297
30 15   0.45297
30 16   0.45297
30 17   0.45297
30 18   0.45297
30 19   0.45297
30 20   0.45297
30 21   0.45297
30 22   0.45297
30 23   0.45297
30 24   0.45297
30 25   0.45297
30 26   0.45297
30 27   0.45297
30 28   0.45297
30 29   0.45297
30 30   0.45297
30 31   0.45297
30 32   0.45297
30 33   0.45297
30 34   0.45297
30 35   0.45297
30 36   0.45297
30 37   0.45297
30 38   0.45297
30 39   0.45297
30 40   0.45297
31 1   0.381596
31 2   0.381596
31 3   0.381596
31 4   0.381596
31 5   0.381596
31 6   0.381596
31 7   0.381596
31 8   0.381596
31 9   0.381596
31 10   0.381596
31 11   0.381596
31 12   0.381596
31 13   0.381596
31 14   0.381596
31 15   0.381596
31 16   0.381596
31 17   0.381596
31 18   0.381596
31 19   0.381596
31 20   0.381596
31 21   0.381596
31 22   0.381596
31 23   0.381596
31 24   0.381596
31 25   0.381596
31 26   0.381596
31 27   0.381596
31 28   0.381596
31 29   0.381596
31 30   0.381596
31 31   0.381596
31 32   0.381596
31 33   0.381596
31 34   0.381596
31 35   0.381596
31 36   0.381596
31 37   0.381596
31 38   0.381596
31 39   0.381596
31 40   0.381596
32 1   0.301277
32 2   0.301277
32 3   0.301277
32 4   0.301277
32 5   0.301277
32 6   0.301277
32 7   0.301277
32 8   0.301277
32 9   0.301277
32 10   0.301277
32 11   0.301277
32 12   0.301277
32 13   0.301277
32 14   0.301277
32 15   0.301277
32 16   0.301277
32 17   0.301277
32 18   0.301277
32 19   0.301277
32 20   0.301277
32 21   0.301277
32 22   0.301277
32 23   0.301277
32 24   0.301277
32 25   0.301277
32 26   0.301277
32 27   0.301277
32 28   0.301277
32 29   0.301277
32 30   0.301277
32 31   0.301277
32 32   0.301277
32 33   0.301277
32 34   0.301277
32 35   0.301277
32 36   0.301277
32 37   0.301277
32 38   0.301277
32 39   0.301277
32 40   0.301277
33 1   0.225338
33 2   0.225338
33 3   0.225338
33 4   0.225338
33 5   0.225338
33 6   0.225338
33 7   0.225338
33 8   0.225338
33 9   0.225338
33 10   0.225338
33 11   0.225338
33 12   0.225338
33 13   0.225338
33 14   0.225338
33 15   0.225338
33 16   0.225338
33 17   0.225338
33 18   0.225338
33 19   0.225338
33 20   0.225338
33 21   0.225338
33 22   0.225338
33 23   0.225338
33 24   0.225338
33 25   0.225338
33 26   0.225338
33 27   0.225338
33 28   0.225338
33 29   0.225338
33 30   0.225338
33 31   0.225338
33 32   0.225338
33 33   0.225338
33 34   0.225338
33 35   0.225338
33 36   0.225338
33 37   0.225338
33 38   0.225338
33 39   0.225338
33 40   0.225338
34 1   0.163826
34 2   0.163826
34 3   0.163826
34 4   0.163826
34 5   0.163826
34 6   0.163826
34 7   0.163826
34 8   0.163826
34 9   0.163826
34 10   0.163826
34 11   0.163826
34 12   0.163826
34 13   0.163826
34 14   0.163826
34 15   0.163826
34 16   0.163826
34 17   0.163826
34 18   0.163826
34 19   0.163826
34 20   0.163826
34 21   0.163826
34 22   0.163826
34 23   0.163826
34 24   0.163826
34 25   0.163826
34 26   0.163826
34 27   0.163826
34 28   0.163826
34 29   0.163826
34 30   0.163826
34 31   0.163826
34 32   0.163826
34 33   0.163826
34 34   0.163826
34 35   0.163826
34 36   0.163826
34 37   0.163826
34 38   0.163826
34 39   0.163826
34 40   0.163826
35 1   0.117313
35 2   0.117313
35 3   0.117313
35 4   0.117313
35 5   0.117313
35 6   0.117313
35 7   0.117313
35 8   0.117313
35 9   0.117313
35 10   0.117313
35 11   0.117313
35 12   0.117313
35 13   0.117313
35 14   0.117313
35 15   0.117313
35 16   0.117313
35 17   0.117313
35 18   0.117313
35 19   0.117313
35 20   0.117313
35 21   0.117313
35 22   0.117313
35 23   0.117313
35 24   0.117313
35 25   0.117313
35 26   0.117313
35 27   0.117313
35 28   0.117313
35 29   0.117313
35 30   0.117313
35 31   0.117313
35 32   0.117313
35 33   0.117313
35 34   0.117313
35 35   0.117313
35 36   0.117313
35 37   0.117313
35 38   0.117313
35 39   0.117313
35 40   0.117313
36 1   0.0810062
36 2   0.0810062
36 3   0.0810062
36 4   0.0810062
36 5   0.0810062
36 6   0.0810062
36 7   0.0810062
36 8   0.0810062
36 9   0.0810062
36 10   0.0810062
36 11   0.0810062
36 12   0.0810062
36 13   0.0810062
36 14   0.0810062
36 15   0.0810062
36 16   0.0810062
36 17   0.0810062
36 18   0.0810062
36 19   0.0810062
36 20   0.0810062
36 21   0.0810062
36 22   0.0810062
36 23   0.0810062
36 24   0.0810062
36 25   0.0810062
36 26   0.0810062
36 27   0.0810062
36 28   0.0810062
36 29   0.0810062
36 30   0.0810062
36 31   0.0810062
36 32   0.0810062
36 33   0.0810062
36 34   0.0810062
36 35   0.0810062
36 36   0.0810062
36 37   0.0810062
36 38   0.0810062
36 39   0.0810062
36 40   0.0810062
37 1   0.0524761
37 2   0.0524761
37 3   0.0524761
37 4   0.0524761
37 5   0.0524761
37 6   0.0524761
37 7   0.0524761
37 8   0.0524761
37 9   0.0524761
37 10   0.0524761
37 11   0.0524761
37 12   0.0524761
37 13   0.0524761
37 14   0.0524761
37 15   0.0524761
37 16   0.0524761
37 17   0.0524761
37 18   0.0524761
37 19   0.0524761
37 20   0.0524761
37 21   0.0524761
37 22   0.0524761
37 23   0.0524761
37 24   0.0524761
37 25   0.0524761
37 26   0.0524761
37 27   0.0524761
37 28   0.0524761
37 29   0.0524761
37 30   0.0524761
37 31   0.0524761
37 32   0.0524761
37 33   0.0524761
37 34   0.0524761
37 35   0.0524761
37 36   0.0524761
37 37   0.0524761
37 38   0.0524761
37 39   0.0524761
37 40   0.0524761
38 1   0.032682
38 2   0.032682
38 3   0.032682
38 4   0.032682
38 5   0.032682
38 6   0.032682
38 7   0.032682
38 8   0.032682
38 9   0.032682
38 10   0.032682
38 11   0.032682
38 12   0.032682
38 13   0.032682
38 14   0.032682
38 15   0.032682
38 16   0.032682
38 17   0.032682
38 18   0.032682
38 19   0.032682
38 20   0.032682
38 21   0.032682
38 22   0.032682
38 23   0.032682
38 24   0.032682
38 25   0.032682
38 26   0.032682
38 27   0.032682
38 28   0.032682
38 29   0.032682
38 30   0.032682
38 31   0.032682
38 32   0.032682
38 33   0.032682
38 34   0.032682
38 35   0.032682
38 36   0.032682
38 37   0.032682
38 38   0.032682
38 39   0.032682
38 40   0.032682
39 1   0.0218006
39 2   0.0218006
39 3   0.0218006
39 4   0.0218006
39 5   0.0218006
39 6   0.0218006
39 7   0.0218006
39 8   0.0218006
39 9   0.0218006
39 10   0.0218006
39 11   0.0218006
39 12   0.0218006
39 13   0.0218006
39 14   0.0218006
39 15   0.0218006
39 16   0.0218006
39 17   0.0218006
39 18   0.0218006
39 19   0.0218006
39 20   0.0218006
39 21   0.0218006
39 22   0.0218006
39 23   0.0218006
39 24   0.0218006
39 25   0.0218006
39 26   0.0218006
39 27   0.0218006
39 28   0.0218006
39 29   0.0218006
39 30   0.0218006
39 31   0.0218006
39 32   0.0218006
39 33   0.0218006
39 34   0.0218006
39 35   0.0218006
39 36   0.0218006
39 37   0.0218006
39 38   0.0218006
39 39   0.0218006
39 40   0.0218006
40 1   0.0175491
40 2   0.0175491
40 3   0.0175491
40 4   0.0175491
40 5   0.0175491
40 6   0.0175491
40 7   0.0175491
40 8   0.0175491
40 9   0.0175491
40 10   0.0175491
40 11   0.0175491
40 12   0.0175491
40 13   0.0175491
40 14   0.0175491
40 15   0.0175491
40 16   0.0175491
40 17   0.0175491
40 18   0.0175491
40 19   0.0175491
40 20   0.0175491
40 21   0.0175491
40 22   0.0175491
40 23   0.0175491
40 24   0.0175491
40 25   0.0175491
40 26   0.0175491
40 27   0.0175491
40 28   0.0175491
40 29   0.0175491
40 30   0.0175491
40 31   0.0175491
40 32   0.0175491
40 33   0.0175491
40 34   0.0175491
40 35   0.0175491
40 36   0.0175491
40 37   0.0175491
40 38   0.0175491
40 39   0.0175491
40 40   0.0175491
