1 1   0.221174
1 2   0.221174
1 3   0.221174
1 4   0.221174
1 5   0.221174
1 6   0.221174
1 7   0.221174
1 8   0.221174
1 9   0.221174
1 10   0.221174
1 11   0.221174
1 12   0.221174
1 13   0.221174
1 14   0.221174
1 15   0.221174
1 16   0.221174
1 17   0.221174
1 18   0.221174
1 19   0.221174
1 20   0.221174
1 21   0.221174
1 22   0.221174
1 23   0.221174
1 24   0.221174
1 25   0.221174
1 26   0.221174
1 27   0.221174
1 28   0.221174
1 29   0.221174
1 30   0.221174
1 31   0.221174
1 32   0.221174
1 33   0.221174
1 34   0.221174
1 35   0.221174
1 36   0.221174
1 37   0.221174
1 38   0.221174
1 39   0.221174
1 40   0.221174
2 1   0.253521
2 2   0.253521
2 3   0.253521
2 4   0.253521
2 5   0.253521
2 6   0.253521
2 7   0.253521
2 8   0.253521
2 9   0.253521
2 10   0.253521
2 11   0.253521
2 12   0.253521
2 13   0.253521
2 14   0.253521
2 15   0.253521
2 16   0.253521
2 17   0.253521
2 18   0.253521
2 19   0.253521
2 20   0.253521
2 21   0.253521
2 22   0.253521
2 23   0.253521
2 24   0.253521
2 25   0.253521
2 26   0.253521
2 27   0.253521
2 28   0.253521
2 29   0.253521
2 30   0.253521
2 31   0.253521
2 32   0.253521
2 33   0.253521
2 34   0.253521
2 35   0.253521
2 36   0.253521
2 37   0.253521
2 38   0.253521
2 39   0.253521
2 40   0.253521
3 1   0.320941
3 2   0.320941
3 3   0.320941
3 4   0.320941
3 5   0.320941
3 6   0.320941
3 7   0.320941
3 8   0.320941
3 9   0.320941
3 10   0.320941
3 11   0.320941
3 12   0.320941
3 13   0.320941
3 14   0.320941
3 15   0.320941
3 16   0.320941
3 17   0.320941
3 18   0.320941
3 19   0.320941
3 20   0.320941
3 21   0.320941
3 22   0.320941
3 23   0.320941
3 24   0.320941
3 25   0.320941
3 26   0.320941
3 27   0.320941
3 28   0.320941
3 29   0.320941
3 30   0.320941
3 31   0.320941
3 32   0.320941
3 33   0.320941
3 34   0.320941
3 35   0.320941
3 36   0.320941
3 37   0.320941
3 38   0.320941
3 39   0.320941
3 40   0.320941
4 1   0.40661
4 2   0.40661
4 3   0.40661
4 4   0.40661
4 5   0.40661
4 6   0.40661
4 7   0.40661
4 8   0.40661
4 9   0.40661
4 10   0.40661
4 11   0.40661
4 12   0.40661
4 13   0.40661
4 14   0.40661
4 15   0.40661
4 16   0.40661
4 17   0.40661
4 18   0.40661
4 19   0.40661
4 20   0.40661
4 21   0.40661
4 22   0.40661
4 23   0.40661
4 24   0.40661
4 25   0.40661
4 26   0.40661
4 27   0.40661
4 28   0.40661
4 29   0.40661
4 30   0.40661
4 31   0.40661
4 32   0.40661
4 33   0.40661
4 34   0.40661
4 35   0.40661
4 36   0.40661
4 37   0.40661
4 38   0.40661
4 39   0.40661
4 40   0.40661
5 1   0.486997
5 2   0.486997
5 3   0.486997
5 4   0.486997
5 5   0.486997
5 6   0.486997
5 7   0.486997
5 8   0.486997
5 9   0.486997
5 10   0.486997
5 11   0.486997
5 12   0.486997
5 13   0.486997
5 14   0.486997
5 15   0.486997
5 16   0.486997
5 17   0.486997
5 18   0.486997
5 19   0.486997
5 20   0.486997
5 21   0.486997
5 22   0.486997
5 23   0.486997
5 24   0.486997
5 25   0.486997
5 26   0.486997
5 27   0.486997
5 28   0.486997
5 29   0.486997
5 30   0.486997
5 31   0.486997
5 32   0.486997
5 33   0.486997
5 34   0.486997
5 35   0.486997
5 36   0.486997
5 37   0.486997
5 38   0.486997
5 39   0.486997
5 40   0.486997
6 1   0.549406
6 2   0.549406
6 3   0.549406
6 4   0.549406
6 5   0.549406
6 6   0.549406
6 7   0.549406
6 8   0.549406
6 9   0.549406
6 10   0.549406
6 11   0.549406
6 12   0.549406
6 13   0.549406
6 14   0.549406
6 15   0.549406
6 16   0.549406
6 17   0.549406
6 18   0.549406
6 19   0.549406
6 20   0.549406
6 21   0.549406
6 22   0.549406
6 23   0.549406
6 24   0.549406
6 25   0.549406
6 26   0.549406
6 27   0.549406
6 28   0.549406
6 29   0.549406
6 30   0.549406
6 31   0.549406
6 32   0.549406
6 33   0.549406
6 34   0.549406
6 35   0.549406
6 36   0.549406
6 37   0.549406
6 38   0.549406
6 39   0.549406
6 40   0.549406
7 1   0.581288
7 2   0.581288
7 3   0.581288
7 4   0.581288
7 5   0.581288
7 6   0.581288
7 7   0.581288
7 8   0.581288
7 9   0.581288
7 10   0.581288
7 11   0.581288
7 12   0.581288
7 13   0.581288
7 14   0.581288
7 15   0.581288
7 16   0.581288
7 17   0.581288
7 18   0.581288
7 19   0.581288
7 20   0.581288
7 21   0.581288
7 22   0.581288
7 23   0.581288
7 24   0.581288
7 25   0.581288
7 26   0.581288
7 27   0.581288
7 28   0.581288
7 29   0.581288
7 30   0.581288
7 31   0.581288
7 32   0.581288
7 33   0.581288
7 34   0.581288
7 35   0.581288
7 36   0.581288
7 37   0.581288
7 38   0.581288
7 39   0.581288
7 40   0.581288
8 1   0.570292
8 2   0.570292
8 3   0.570292
8 4   0.570292
8 5   0.570292
8 6   0.570292
8 7   0.570292
8 8   0.570292
8 9   0.570292
8 10   0.570292
8 11   0.570292
8 12   0.570292
8 13   0.570292
8 14   0.570292
8 15   0.570292
8 16   0.570292
8 17   0.570292
8 18   0.570292
8 19   0.570292
8 20   0.570292
8 21   0.570292
8 22   0.570292
8 23   0.570292
8 24   0.570292
8 25   0.570292
8 26   0.570292
8 27   0.570292
8 28   0.570292
8 29   0.570292
8 30   0.570292
8 31   0.570292
8 32   0.570292
8 33   0.570292
8 34   0.570292
8 35   0.570292
8 36   0.570292
8 37   0.570292
8 38   0.570292
8 39   0.570292
8 40   0.570292
9 1   0.525232
9 2   0.525232
9 3   0.525232
9 4   0.525232
9 5   0.525232
9 6   0.525232
9 7   0.525232
9 8   0.525232
9 9   0.525232
9 10   0.525232
9 11   0.525232
9 12   0.525232
9 13   0.525232
9 14   0.525232
9 15   0.525232
9 16   0.525232
9 17   0.525232
9 18   0.525232
9 19   0.525232
9 20   0.525232
9 21   0.525232
9 22   0.525232
9 23   0.525232
9 24   0.525232
9 25   0.525232
9 26   0.525232
9 27   0.525232
9 28   0.525232
9 29   0.525232
9 30   0.525232
9 31   0.525232
9 32   0.525232
9 33   0.525232
9 34   0.525232
9 35   0.525232
9 36   0.525232
9 37   0.525232
9 38   0.525232
9 39   0.525232
9 40   0.525232
10 1   0.481558
10 2   0.481558
10 3   0.481558
10 4   0.481558
10 5   0.481558
10 6   0.481558
10 7   0.481558
10 8   0.481558
10 9   0.481558
10 10   0.481558
10 11   0.481558
10 12   0.481558
10 13   0.481558
10 14   0.481558
10 15   0.481558
10 16   0.481558
10 17   0.481558
10 18   0.481558
10 19   0.481558
10 20   0.481558
10 21   0.481558
10 22   0.481558
10 23   0.481558
10 24   0.481558
10 25   0.481558
10 26   0.481558
10 27   0.481558
10 28   0.481558
10 29   0.481558
10 30   0.481558
10 31   0.481558
10 32   0.481558
10 33   0.481558
10 34   0.481558
10 35   0.481558
10 36   0.481558
10 37   0.481558
10 38   0.481558
10 39   0.481558
10 40   0.481558
11 1   0.464038
11 2   0.464038
11 3   0.464038
11 4   0.464038
11 5   0.464038
11 6   0.464038
11 7   0.464038
11 8   0.464038
11 9   0.464038
11 10   0.464038
11 11   0.464038
11 12   0.464038
11 13   0.464038
11 14   0.464038
11 15   0.464038
11 16   0.464038
11 17   0.464038
11 18   0.464038
11 19   0.464038
11 20   0.464038
11 21   0.464038
11 22   0.464038
11 23   0.464038
11 24   0.464038
11 25   0.464038
11 26   0.464038
11 27   0.464038
11 28   0.464038
11 29   0.464038
11 30   0.464038
11 31   0.464038
11 32   0.464038
11 33   0.464038
11 34   0.464038
11 35   0.464038
11 36   0.464038
11 37   0.464038
11 38   0.464038
11 39   0.464038
11 40   0.464038
12 1   0.471922
12 2   0.471922
12 3   0.471922
12 4   0.471922
12 5   0.471922
12 6   0.471922
12 7   0.471922
12 8   0.471922
12 9   0.471922
12 10   0.471922
12 11   0.471922
12 12   0.471922
12 13   0.471922
12 14   0.471922
12 15   0.471922
12 16   0.471922
12 17   0.471922
12 18   0.471922
12 19   0.471922
12 20   0.471922
12 21   0.471922
12 22   0.471922
12 23   0.471922
12 24   0.471922
12 25   0.471922
12 26   0.471922
12 27   0.471922
12 28   0.471922
12 29   0.471922
12 30   0.471922
12 31   0.471922
12 32   0.471922
12 33   0.471922
12 34   0.471922
12 35   0.471922
12 36   0.471922
12 37   0.471922
12 38   0.471922
12 39   0.471922
12 40   0.471922
13 1   0.4947
13 2   0.4947
13 3   0.4947
13 4   0.4947
13 5   0.4947
13 6   0.4947
13 7   0.4947
13 8   0.4947
13 9   0.4947
13 10   0.4947
13 11   0.4947
13 12   0.4947
13 13   0.4947
13 14   0.4947
13 15   0.4947
13 16   0.4947
13 17   0.4947
13 18   0.4947
13 19   0.4947
13 20   0.4947
13 21   0.4947
13 22   0.4947
13 23   0.4947
13 24   0.4947
13 25   0.4947
13 26   0.4947
13 27   0.4947
13 28   0.4947
13 29   0.4947
13 30   0.4947
13 31   0.4947
13 32   0.4947
13 33   0.4947
13 34   0.4947
13 35   0.4947
13 36   0.4947
13 37   0.4947
13 38   0.4947
13 39   0.4947
13 40   0.4947
14 1   0.518188
14 2   0.518188
14 3   0.518188
14 4   0.518188
14 5   0.518188
14 6   0.518188
14 7   0.518188
14 8   0.518188
14 9   0.518188
14 10   0.518188
14 11   0.518188
14 12   0.518188
14 13   0.518188
14 14   0.518188
14 15   0.518188
14 16   0.518188
14 17   0.518188
14 18   0.518188
14 19   0.518188
14 20   0.518188
14 21   0.518188
14 22   0.518188
14 23   0.518188
14 24   0.518188
14 25   0.518188
14 26   0.518188
14 27   0.518188
14 28   0.518188
14 29   0.518188
14 30   0.518188
14 31   0.518188
14 32   0.518188
14 33   0.518188
14 34   0.518188
14 35   0.518188
14 36   0.518188
14 37   0.518188
14 38   0.518188
14 39   0.518188
14 40   0.518188
15 1   0.523984
15 2   0.523984
15 3   0.523984
15 4   0.523984
15 5   0.523984
15 6   0.523984
15 7   0.523984
15 8   0.523984
15 9   0.523984
15 10   0.523984
15 11   0.523984
15 12   0.523984
15 13   0.523984
15 14   0.523984
15 15   0.523984
15 16   0.523984
15 17   0.523984
15 18   0.523984
15 19   0.523984
15 20   0.523984
15 21   0.523984
15 22   0.523984
15 23   0.523984
15 24   0.523984
15 25   0.523984
15 26   0.523984
15 27   0.523984
15 28   0.523984
15 29   0.523984
15 30   0.523984
15 31   0.523984
15 32   0.523984
15 33   0.523984
15 34   0.523984
15 35   0.523984
15 36   0.523984
15 37   0.523984
15 38   0.523984
15 39   0.523984
15 40   0.523984
16 1   0.50698
16 2   0.50698
16 3   0.50698
16 4   0.50698
16 5   0.50698
16 6   0.50698
16 7   0.50698
16 8   0.50698
16 9   0.50698
16 10   0.50698
16 11   0.50698
16 12   0.50698
16 13   0.50698
16 14   0.50698
16 15   0.50698
16 16   0.50698
16 17   0.50698
16 18   0.50698
16 19   0.50698
16 20   0.50698
16 21   0.50698
16 22   0.50698
16 23   0.50698
16 24   0.50698
16 25   0.50698
16 26   0.50698
16 27   0.50698
16 28   0.50698
16 29   0.50698
16 30   0.50698
16 31   0.50698
16 32   0.50698
16 33   0.50698
16 34   0.50698
16 35   0.50698
16 36   0.50698
16 37   0.50698
16 38   0.50698
16 39   0.50698
16 40   0.50698
17 1   0.484567
17 2   0.484567
17 3   0.484567
17 4   0.484567
17 5   0.484567
17 6   0.484567
17 7   0.484567
17 8   0.484567
17 9   0.484567
17 10   0.484567
17 11   0.484567
17 12   0.484567
17 13   0.484567
17 14   0.484567
17 15   0.484567
17 16   0.484567
17 17   0.484567
17 18   0.484567
17 19   0.484567
17 20   0.484567
17 21   0.484567
17 22   0.484567
17 23   0.484567
17 24   0.484567
17 25   0.484567
17 26   0.484567
17 27   0.484567
17 28   0.484567
17 29   0.484567
17 30   0.484567
17 31   0.484567
17 32   0.484567
17 33   0.484567
17 34   0.484567
17 35   0.484567
17 36   0.484567
17 37   0.484567
17 38   0.484567
17 39   0.484567
17 40   0.484567
18 1   0.480047
18 2   0.480047
18 3   0.480047
18 4   0.480047
18 5   0.480047
18 6   0.480047
18 7   0.480047
18 8   0.480047
18 9   0.480047
18 10   0.480047
18 11   0.480047
18 12   0.480047
18 13   0.480047
18 14   0.480047
18 15   0.480047
18 16   0.480047
18 17   0.480047
18 18   0.480047
18 19   0.480047
18 20   0.480047
18 21   0.480047
18 22   0.480047
18 23   0.480047
18 24   0.480047
18 25   0.480047
18 26   0.480047
18 27   0.480047
18 28   0.480047
18 29   0.480047
18 30   0.480047
18 31   0.480047
18 32   0.480047
18 33   0.480047
18 34   0.480047
18 35   0.480047
18 36   0.480047
18 37   0.480047
18 38   0.480047
18 39   0.480047
18 40   0.480047
19 1   0.500111
19 2   0.500111
19 3   0.500111
19 4   0.500111
19 5   0.500111
19 6   0.500111
19 7   0.500111
19 8   0.500111
19 9   0.500111
19 10   0.500111
19 11   0.500111
19 12   0.500111
19 13   0.500111
19 14   0.500111
19 15   0.500111
19 16   0.500111
19 17   0.500111
19 18   0.500111
19 19   0.500111
19 20   0.500111
19 21   0.500111
19 22   0.500111
19 23   0.500111
19 24   0.500111
19 25   0.500111
19 26   0.500111
19 27   0.500111
19 28   0.500111
19 29   0.500111
19 30   0.500111
19 31   0.500111
19 32   0.500111
19 33   0.500111
19 34   0.500111
19 35   0.500111
19 36   0.500111
19 37   0.500111
19 38   0.500111
19 39   0.500111
19 40   0.500111
20 1   0.52014
20 2   0.52014
20 3   0.52014
20 4   0.52014
20 5   0.52014
20 6   0.52014
20 7   0.52014
20 8   0.52014
20 9   0.52014
20 10   0.52014
20 11   0.52014
20 12   0.52014
20 13   0.52014
20 14   0.52014
20 15   0.52014
20 16   0.52014
20 17   0.52014
20 18   0.52014
20 19   0.52014
20 20   0.52014
20 21   0.52014
20 22   0.52014
20 23   0.52014
20 24   0.52014
20 25   0.52014
20 26   0.52014
20 27   0.52014
20 28   0.52014
20 29   0.52014
20 30   0.52014
20 31   0.52014
20 32   0.52014
20 33   0.52014
20 34   0.52014
20 35   0.52014
20 36   0.52014
20 37   0.52014
20 38   0.52014
20 39   0.52014
20 40   0.52014
21 1   0.511891
21 2   0.511891
21 3   0.511891
21 4   0.511891
21 5   0.511891
21 6   0.511891
21 7   0.511891
21 8   0.511891
21 9   0.511891
21 10   0.511891
21 11   0.511891
21 12   0.511891
21 13   0.511891
21 14   0.511891
21 15   0.511891
21 16   0.511891
21 17   0.511891
21 18   0.511891
21 19   0.511891
21 20   0.511891
21 21   0.511891
21 22   0.511891
21 23   0.511891
21 24   0.511891
21 25   0.511891
21 26   0.511891
21 27   0.511891
21 28   0.511891
21 29   0.511891
21 30   0.511891
21 31   0.511891
21 32   0.511891
21 33   0.511891
21 34   0.511891
21 35   0.511891
21 36   0.511891
21 37   0.511891
21 38   0.511891
21 39   0.511891
21 40   0.511891
22 1   0.487652
22 2   0.487652
22 3   0.487652
22 4   0.487652
22 5   0.487652
22 6   0.487652
22 7   0.487652
22 8   0.487652
22 9   0.487652
22 10   0.487652
22 11   0.487652
22 12   0.487652
22 13   0.487652
22 14   0.487652
22 15   0.487652
22 16   0.487652
22 17   0.487652
22 18   0.487652
22 19   0.487652
22 20   0.487652
22 21   0.487652
22 22   0.487652
22 23   0.487652
22 24   0.487652
22 25   0.487652
22 26   0.487652
22 27   0.487652
22 28   0.487652
22 29   0.487652
22 30   0.487652
22 31   0.487652
22 32   0.487652
22 33   0.487652
22 34   0.487652
22 35   0.487652
22 36   0.487652
22 37   0.487652
22 38   0.487652
22 39   0.487652
22 40   0.487652
23 1   0.481065
23 2   0.481065
23 3   0.481065
23 4   0.481065
23 5   0.481065
23 6   0.481065
23 7   0.481065
23 8   0.481065
23 9   0.481065
23 10   0.481065
23 11   0.481065
23 12   0.481065
23 13   0.481065
23 14   0.481065
23 15   0.481065
23 16   0.481065
23 17   0.481065
23 18   0.481065
23 19   0.481065
23 20   0.481065
23 21   0.481065
23 22   0.481065
23 23   0.481065
23 24   0.481065
23 25   0.481065
23 26   0.481065
23 27   0.481065
23 28   0.481065
23 29   0.481065
23 30   0.481065
23 31   0.481065
23 32   0.481065
23 33   0.481065
23 34   0.481065
23 35   0.481065
23 36   0.481065
23 37   0.481065
23 38   0.481065
23 39   0.481065
23 40   0.481065
24 1   0.499458
24 2   0.499458
24 3   0.499458
24 4   0.499458
24 5   0.499458
24 6   0.499458
24 7   0.499458
24 8   0.499458
24 9   0.499458
24 10   0.499458
24 11   0.499458
24 12   0.499458
24 13   0.499458
24 14   0.499458
24 15   0.499458
24 16   0.499458
24 17   0.499458
24 18   0.499458
24 19   0.499458
24 20   0.499458
24 21   0.499458
24 22   0.499458
24 23   0.499458
24 24   0.499458
24 25   0.499458
24 26   0.499458
24 27   0.499458
24 28   0.499458
24 29   0.499458
24 30   0.499458
24 31   0.499458
24 32   0.499458
24 33   0.499458
24 34   0.499458
24 35   0.499458
24 36   0.499458
24 37   0.499458
24 38   0.499458
24 39   0.499458
24 40   0.499458
25 1   0.519469
25 2   0.519469
25 3   0.519469
25 4   0.519469
25 5   0.519469
25 6   0.519469
25 7   0.519469
25 8   0.519469
25 9   0.519469
25 10   0.519469
25 11   0.519469
25 12   0.519469
25 13   0.519469
25 14   0.519469
25 15   0.519469
25 16   0.519469
25 17   0.519469
25 18   0.519469
25 19   0.519469
25 20   0.519469
25 21   0.519469
25 22   0.519469
25 23   0.519469
25 24   0.519469
25 25   0.519469
25 26   0.519469
25 27   0.519469
25 28   0.519469
25 29   0.519469
25 30   0.519469
25 31   0.519469
25 32   0.519469
25 33   0.519469
25 34   0.519469
25 35   0.519469
25 36   0.519469
25 37   0.519469
25 38   0.519469
25 39   0.519469
25 40   0.519469
26 1   0.516606
26 2   0.516606
26 3   0.516606
26 4   0.516606
26 5   0.516606
26 6   0.516606
26 7   0.516606
26 8   0.516606
26 9   0.516606
26 10   0.516606
26 11   0.516606
26 12   0.516606
26 13   0.516606
26 14   0.516606
26 15   0.516606
26 16   0.516606
26 17   0.516606
26 18   0.516606
26 19   0.516606
26 20   0.516606
26 21   0.516606
26 22   0.516606
26 23   0.516606
26 24   0.516606
26 25   0.516606
26 26   0.516606
26 27   0.516606
26 28   0.516606
26 29   0.516606
26 30   0.516606
26 31   0.516606
26 32   0.516606
26 33   0.516606
26 34   0.516606
26 35   0.516606
26 36   0.516606
26 37   0.516606
26 38   0.516606
26 39   0.516606
26 40   0.516606
27 1   0.492669
27 2   0.492669
27 3   0.492669
27 4   0.492669
27 5   0.492669
27 6   0.492669
27 7   0.492669
27 8   0.492669
27 9   0.492669
27 10   0.492669
27 11   0.492669
27 12   0.492669
27 13   0.492669
27 14   0.492669
27 15   0.492669
27 16   0.492669
27 17   0.492669
27 18   0.492669
27 19   0.492669
27 20   0.492669
27 21   0.492669
27 22   0.492669
27 23   0.492669
27 24   0.492669
27 25   0.492669
27 26   0.492669
27 27   0.492669
27 28   0.492669
27 29   0.492669
27 30   0.492669
27 31   0.492669
27 32   0.492669
27 33   0.492669
27 34   0.492669
27 35   0.492669
27 36   0.492669
27 37   0.492669
27 38   0.492669
27 39   0.492669
27 40   0.492669
28 1   0.475449
28 2   0.475449
28 3   0.475449
28 4   0.475449
28 5   0.475449
28 6   0.475449
28 7   0.475449
28 8   0.475449
28 9   0.475449
28 10   0.475449
28 11   0.475449
28 12   0.475449
28 13   0.475449
28 14   0.475449
28 15   0.475449
28 16   0.475449
28 17   0.475449
28 18   0.475449
28 19   0.475449
28 20   0.475449
28 21   0.475449
28 22   0.475449
28 23   0.475449
28 24   0.475449
28 25   0.475449
28 26   0.475449
28 27   0.475449
28 28   0.475449
28 29   0.475449
28 30   0.475449
28 31   0.475449
28 32   0.475449
28 33   0.475449
28 34   0.475449
28 35   0.475449
28 36   0.475449
28 37   0.475449
28 38   0.475449
28 39   0.475449
28 40   0.475449
29 1   0.482732
29 2   0.482732
29 3   0.482732
29 4   0.482732
29 5   0.482732
29 6   0.482732
29 7   0.482732
29 8   0.482732
29 9   0.482732
29 10   0.482732
29 11   0.482732
29 12   0.482732
29 13   0.482732
29 14   0.482732
29 15   0.482732
29 16   0.482732
29 17   0.482732
29 18   0.482732
29 19   0.482732
29 20   0.482732
29 21   0.482732
29 22   0.482732
29 23   0.482732
29 24   0.482732
29 25   0.482732
29 26   0.482732
29 27   0.482732
29 28   0.482732
29 29   0.482732
29 30   0.482732
29 31   0.482732
29 32   0.482732
29 33   0.482732
29 34   0.482732
29 35   0.482732
29 36   0.482732
29 37   0.482732
29 38   0.482732
29 39   0.482732
29 40   0.482732
30 1   0.504998
30 2   0.504998
30 3   0.504998
30 4   0.504998
30 5   0.504998
30 6   0.504998
30 7   0.504998
30 8   0.504998
30 9   0.504998
30 10   0.504998
30 11   0.504998
30 12   0.504998
30 13   0.504998
30 14   0.504998
30 15   0.504998
30 16   0.504998
30 17   0.504998
30 18   0.504998
30 19   0.504998
30 20   0.504998
30 21   0.504998
30 22   0.504998
30 23   0.504998
30 24   0.504998
30 25   0.504998
30 26   0.504998
30 27   0.504998
30 28   0.504998
30 29   0.504998
30 30   0.504998
30 31   0.504998
30 32   0.504998
30 33   0.504998
30 34   0.504998
30 35   0.504998
30 36   0.504998
30 37   0.504998
30 38   0.504998
30 39   0.504998
30 40   0.504998
31 1   0.526852
31 2   0.526852
31 3   0.526852
31 4   0.526852
31 5   0.526852
31 6   0.526852
31 7   0.526852
31 8   0.526852
31 9   0.526852
31 10   0.526852
31 11   0.526852
31 12   0.526852
31 13   0.526852
31 14   0.526852
31 15   0.526852
31 16   0.526852
31 17   0.526852
31 18   0.526852
31 19   0.526852
31 20   0.526852
31 21   0.526852
31 22   0.526852
31 23   0.526852
31 24   0.526852
31 25   0.526852
31 26   0.526852
31 27   0.526852
31 28   0.526852
31 29   0.526852
31 30   0.526852
31 31   0.526852
31 32   0.526852
31 33   0.526852
31 34   0.526852
31 35   0.526852
31 36   0.526852
31 37   0.526852
31 38   0.526852
31 39   0.526852
31 40   0.526852
32 1   0.53517
32 2   0.53517
32 3   0.53517
32 4   0.53517
32 5   0.53517
32 6   0.53517
32 7   0.53517
32 8   0.53517
32 9   0.53517
32 10   0.53517
32 11   0.53517
32 12   0.53517
32 13   0.53517
32 14   0.53517
32 15   0.53517
32 16   0.53517
32 17   0.53517
32 18   0.53517
32 19   0.53517
32 20   0.53517
32 21   0.53517
32 22   0.53517
32 23   0.53517
32 24   0.53517
32 25   0.53517
32 26   0.53517
32 27   0.53517
32 28   0.53517
32 29   0.53517
32 30   0.53517
32 31   0.53517
32 32   0.53517
32 33   0.53517
32 34   0.53517
32 35   0.53517
32 36   0.53517
32 37   0.53517
32 38   0.53517
32 39   0.53517
32 40   0.53517
33 1   0.515681
33 2   0.515681
33 3   0.515681
33 4   0.515681
33 5   0.515681
33 6   0.515681
33 7   0.515681
33 8   0.515681
33 9   0.515681
33 10   0.515681
33 11   0.515681
33 12   0.515681
33 13   0.515681
33 14   0.515681
33 15   0.515681
33 16   0.515681
33 17   0.515681
33 18   0.515681
33 19   0.515681
33 20   0.515681
33 21   0.515681
33 22   0.515681
33 23   0.515681
33 24   0.515681
33 25   0.515681
33 26   0.515681
33 27   0.515681
33 28   0.515681
33 29   0.515681
33 30   0.515681
33 31   0.515681
33 32   0.515681
33 33   0.515681
33 34   0.515681
33 35   0.515681
33 36   0.515681
33 37   0.515681
33 38   0.515681
33 39   0.515681
33 40   0.515681
34 1   0.467575
34 2   0.467575
34 3   0.467575
34 4   0.467575
34 5   0.467575
34 6   0.467575
34 7   0.467575
34 8   0.467575
34 9   0.467575
34 10   0.467575
34 11   0.467575
34 12   0.467575
34 13   0.467575
34 14   0.467575
34 15   0.467575
34 16   0.467575
34 17   0.467575
34 18   0.467575
34 19   0.467575
34 20   0.467575
34 21   0.467575
34 22   0.467575
34 23   0.467575
34 24   0.467575
34 25   0.467575
34 26   0.467575
34 27   0.467575
34 28   0.467575
34 29   0.467575
34 30   0.467575
34 31   0.467575
34 32   0.467575
34 33   0.467575
34 34   0.467575
34 35   0.467575
34 36   0.467575
34 37   0.467575
34 38   0.467575
34 39   0.467575
34 40   0.467575
35 1   0.416191
35 2   0.416191
35 3   0.416191
35 4   0.416191
35 5   0.416191
35 6   0.416191
35 7   0.416191
35 8   0.416191
35 9   0.416191
35 10   0.416191
35 11   0.416191
35 12   0.416191
35 13   0.416191
35 14   0.416191
35 15   0.416191
35 16   0.416191
35 17   0.416191
35 18   0.416191
35 19   0.416191
35 20   0.416191
35 21   0.416191
35 22   0.416191
35 23   0.416191
35 24   0.416191
35 25   0.416191
35 26   0.416191
35 27   0.416191
35 28   0.416191
35 29   0.416191
35 30   0.416191
35 31   0.416191
35 32   0.416191
35 33   0.416191
35 34   0.416191
35 35   0.416191
35 36   0.416191
35 37   0.416191
35 38   0.416191
35 39   0.416191
35 40   0.416191
36 1   0.394215
36 2   0.394215
36 3   0.394215
36 4   0.394215
36 5   0.394215
36 6   0.394215
36 7   0.394215
36 8   0.394215
36 9   0.394215
36 10   0.394215
36 11   0.394215
36 12   0.394215
36 13   0.394215
36 14   0.394215
36 15   0.394215
36 16   0.394215
36 17   0.394215
36 18   0.394215
36 19   0.394215
36 20   0.394215
36 21   0.394215
36 22   0.394215
36 23   0.394215
36 24   0.394215
36 25   0.394215
36 26   0.394215
36 27   0.394215
36 28   0.394215
36 29   0.394215
36 30   0.394215
36 31   0.394215
36 32   0.394215
36 33   0.394215
36 34   0.394215
36 35   0.394215
36 36   0.394215
36 37   0.394215
36 38   0.394215
36 39   0.394215
36 40   0.394215
37 1   0.404994
37 2   0.404994
37 3   0.404994
37 4   0.404994
37 5   0.404994
37 6   0.404994
37 7   0.404994
37 8   0.404994
37 9   0.404994
37 10   0.404994
37 11   0.404994
37 12   0.404994
37 13   0.404994
37 14   0.404994
37 15   0.404994
37 16   0.404994
37 17   0.404994
37 18   0.404994
37 19   0.404994
37 20   0.404994
37 21   0.404994
37 22   0.404994
37 23   0.404994
37 24   0.404994
37 25   0.404994
37 26   0.404994
37 27   0.404994
37 28   0.404994
37 29   0.404994
37 30   0.404994
37 31   0.404994
37 32   0.404994
37 33   0.404994
37 34   0.404994
37 35   0.404994
37 36   0.404994
37 37   0.404994
37 38   0.404994
37 39   0.404994
37 40   0.404994
38 1   0.435064
38 2   0.435064
38 3   0.435064
38 4   0.435064
38 5   0.435064
38 6   0.435064
38 7   0.435064
38 8   0.435064
38 9   0.435064
38 10   0.435064
38 11   0.435064
38 12   0.435064
38 13   0.435064
38 14   0.435064
38 15   0.435064
38 16   0.435064
38 17   0.435064
38 18   0.435064
38 19   0.435064
38 20   0.435064
38 21   0.435064
38 22   0.435064
38 23   0.435064
38 24   0.435064
38 25   0.435064
38 26   0.435064
38 27   0.435064
38 28   0.435064
38 29   0.435064
38 30   0.435064
38 31   0.435064
38 32   0.435064
38 33   0.435064
38 34   0.435064
38 35   0.435064
38 36   0.435064
38 37   0.435064
38 38   0.435064
38 39   0.435064
38 40   0.435064
39 1   0.472469
39 2   0.472469
39 3   0.472469
39 4   0.472469
39 5   0.472469
39 6   0.472469
39 7   0.472469
39 8   0.472469
39 9   0.472469
39 10   0.472469
39 11   0.472469
39 12   0.472469
39 13   0.472469
39 14   0.472469
39 15   0.472469
39 16   0.472469
39 17   0.472469
39 18   0.472469
39 19   0.472469
39 20   0.472469
39 21   0.472469
39 22   0.472469
39 23   0.472469
39 24   0.472469
39 25   0.472469
39 26   0.472469
39 27   0.472469
39 28   0.472469
39 29   0.472469
39 30   0.472469
39 31   0.472469
39 32   0.472469
39 33   0.472469
39 34   0.472469
39 35   0.472469
39 36   0.472469
39 37   0.472469
39 38   0.472469
39 39   0.472469
39 40   0.472469
40 1   0.500203
40 2   0.500203
40 3   0.500203
40 4   0.500203
40 5   0.500203
40 6   0.500203
40 7   0.500203
40 8   0.500203
40 9   0.500203
40 10   0.500203
40 11   0.500203
40 12   0.500203
40 13   0.500203
40 14   0.500203
40 15   0.500203
40 16   0.500203
40 17   0.500203
40 18   0.500203
40 19   0.500203
40 20   0.500203
40 21   0.500203
40 22   0.500203
40 23   0.500203
40 24   0.500203
40 25   0.500203
40 26   0.500203
40 27   0.500203
40 28   0.500203
40 29   0.500203
40 30   0.500203
40 31   0.500203
40 32   0.500203
40 33   0.500203
40 34   0.500203
40 35   0.500203
40 36   0.500203
40 37   0.500203
40 38   0.500203
40 39   0.500203
40 40   0.500203
