1 1   0.016733
1 2   0.016733
1 3   0.016733
1 4   0.016733
1 5   0.016733
1 6   0.016733
1 7   0.016733
1 8   0.016733
1 9   0.016733
1 10   0.016733
1 11   0.016733
1 12   0.016733
1 13   0.016733
1 14   0.016733
1 15   0.016733
1 16   0.016733
1 17   0.016733
1 18   0.016733
1 19   0.016733
1 20   0.016733
1 21   0.016733
1 22   0.016733
1 23   0.016733
1 24   0.016733
1 25   0.016733
1 26   0.016733
1 27   0.016733
1 28   0.016733
1 29   0.016733
1 30   0.016733
1 31   0.016733
1 32   0.016733
1 33   0.016733
1 34   0.016733
1 35   0.016733
1 36   0.016733
1 37   0.016733
1 38   0.016733
1 39   0.016733
1 40   0.016733
2 1   0.0256999
2 2   0.0256999
2 3   0.0256999
2 4   0.0256999
2 5   0.0256999
2 6   0.0256999
2 7   0.0256999
2 8   0.0256999
2 9   0.0256999
2 10   0.0256999
2 11   0.0256999
2 12   0.0256999
2 13   0.0256999
2 14   0.0256999
2 15   0.0256999
2 16   0.0256999
2 17   0.0256999
2 18   0.0256999
2 19   0.0256999
2 20   0.0256999
2 21   0.0256999
2 22   0.0256999
2 23   0.0256999
2 24   0.0256999
2 25   0.0256999
2 26   0.0256999
2 27   0.0256999
2 28   0.0256999
2 29   0.0256999
2 30   0.0256999
2 31   0.0256999
2 32   0.0256999
2 33   0.0256999
2 34   0.0256999
2 35   0.0256999
2 36   0.0256999
2 37   0.0256999
2 38   0.0256999
2 39   0.0256999
2 40   0.0256999
3 1   0.0391959
3 2   0.0391959
3 3   0.0391959
3 4   0.0391959
3 5   0.0391959
3 6   0.0391959
3 7   0.0391959
3 8   0.0391959
3 9   0.0391959
3 10   0.0391959
3 11   0.0391959
3 12   0.0391959
3 13   0.0391959
3 14   0.0391959
3 15   0.0391959
3 16   0.0391959
3 17   0.0391959
3 18   0.0391959
3 19   0.0391959
3 20   0.0391959
3 21   0.0391959
3 22   0.0391959
3 23   0.0391959
3 24   0.0391959
3 25   0.0391959
3 26   0.0391959
3 27   0.0391959
3 28   0.0391959
3 29   0.0391959
3 30   0.0391959
3 31   0.0391959
3 32   0.0391959
3 33   0.0391959
3 34   0.0391959
3 35   0.0391959
3 36   0.0391959
3 37   0.0391959
3 38   0.0391959
3 39   0.0391959
3 40   0.0391959
4 1   0.0547743
4 2   0.0547743
4 3   0.0547743
4 4   0.0547743
4 5   0.0547743
4 6   0.0547743
4 7   0.0547743
4 8   0.0547743
4 9   0.0547743
4 10   0.0547743
4 11   0.0547743
4 12   0.0547743
4 13   0.0547743
4 14   0.0547743
4 15   0.0547743
4 16   0.0547743
4 17   0.0547743
4 18   0.0547743
4 19   0.0547743
4 20   0.0547743
4 21   0.0547743
4 22   0.0547743
4 23   0.0547743
4 24   0.0547743
4 25   0.0547743
4 26   0.0547743
4 27   0.0547743
4 28   0.0547743
4 29   0.0547743
4 30   0.0547743
4 31   0.0547743
4 32   0.0547743
4 33   0.0547743
4 34   0.0547743
4 35   0.0547743
4 36   0.0547743
4 37   0.0547743
4 38   0.0547743
4 39   0.0547743
4 40   0.0547743
5 1   0.0761995
5 2   0.0761995
5 3   0.0761995
5 4   0.0761995
5 5   0.0761995
5 6   0.0761995
5 7   0.0761995
5 8   0.0761995
5 9   0.0761995
5 10   0.0761995
5 11   0.0761995
5 12   0.0761995
5 13   0.0761995
5 14   0.0761995
5 15   0.0761995
5 16   0.0761995
5 17   0.0761995
5 18   0.0761995
5 19   0.0761995
5 20   0.0761995
5 21   0.0761995
5 22   0.0761995
5 23   0.0761995
5 24   0.0761995
5 25   0.0761995
5 26   0.0761995
5 27   0.0761995
5 28   0.0761995
5 29   0.0761995
5 30   0.0761995
5 31   0.0761995
5 32   0.0761995
5 33   0.0761995
5 34   0.0761995
5 35   0.0761995
5 36   0.0761995
5 37   0.0761995
5 38   0.0761995
5 39   0.0761995
5 40   0.0761995
6 1   0.110203
6 2   0.110203
6 3   0.110203
6 4   0.110203
6 5   0.110203
6 6   0.110203
6 7   0.110203
6 8   0.110203
6 9   0.110203
6 10   0.110203
6 11   0.110203
6 12   0.110203
6 13   0.110203
6 14   0.110203
6 15   0.110203
6 16   0.110203
6 17   0.110203
6 18   0.110203
6 19   0.110203
6 20   0.110203
6 21   0.110203
6 22   0.110203
6 23   0.110203
6 24   0.110203
6 25   0.110203
6 26   0.110203
6 27   0.110203
6 28   0.110203
6 29   0.110203
6 30   0.110203
6 31   0.110203
6 32   0.110203
6 33   0.110203
6 34   0.110203
6 35   0.110203
6 36   0.110203
6 37   0.110203
6 38   0.110203
6 39   0.110203
6 40   0.110203
7 1   0.159908
7 2   0.159908
7 3   0.159908
7 4   0.159908
7 5   0.159908
7 6   0.159908
7 7   0.159908
7 8   0.159908
7 9   0.159908
7 10   0.159908
7 11   0.159908
7 12   0.159908
7 13   0.159908
7 14   0.159908
7 15   0.159908
7 16   0.159908
7 17   0.159908
7 18   0.159908
7 19   0.159908
7 20   0.159908
7 21   0.159908
7 22   0.159908
7 23   0.159908
7 24   0.159908
7 25   0.159908
7 26   0.159908
7 27   0.159908
7 28   0.159908
7 29   0.159908
7 30   0.159908
7 31   0.159908
7 32   0.159908
7 33   0.159908
7 34   0.159908
7 35   0.159908
7 36   0.159908
7 37   0.159908
7 38   0.159908
7 39   0.159908
7 40   0.159908
8 1   0.22191
8 2   0.22191
8 3   0.22191
8 4   0.22191
8 5   0.22191
8 6   0.22191
8 7   0.22191
8 8   0.22191
8 9   0.22191
8 10   0.22191
8 11   0.22191
8 12   0.22191
8 13   0.22191
8 14   0.22191
8 15   0.22191
8 16   0.22191
8 17   0.22191
8 18   0.22191
8 19   0.22191
8 20   0.22191
8 21   0.22191
8 22   0.22191
8 23   0.22191
8 24   0.22191
8 25   0.22191
8 26   0.22191
8 27   0.22191
8 28   0.22191
8 29   0.22191
8 30   0.22191
8 31   0.22191
8 32   0.22191
8 33   0.22191
8 34   0.22191
8 35   0.22191
8 36   0.22191
8 37   0.22191
8 38   0.22191
8 39   0.22191
8 40   0.22191
9 1   0.289154
9 2   0.289154
9 3   0.289154
9 4   0.289154
9 5   0.289154
9 6   0.289154
9 7   0.289154
9 8   0.289154
9 9   0.289154
9 10   0.289154
9 11   0.289154
9 12   0.289154
9 13   0.289154
9 14   0.289154
9 15   0.289154
9 16   0.289154
9 17   0.289154
9 18   0.289154
9 19   0.289154
9 20   0.289154
9 21   0.289154
9 22   0.289154
9 23   0.289154
9 24   0.289154
9 25   0.289154
9 26   0.289154
9 27   0.289154
9 28   0.289154
9 29   0.289154
9 30   0.289154
9 31   0.289154
9 32   0.289154
9 33   0.289154
9 34   0.289154
9 35   0.289154
9 36   0.289154
9 37   0.289154
9 38   0.289154
9 39   0.289154
9 40   0.289154
10 1   0.356017
10 2   0.356017
10 3   0.356017
10 4   0.356017
10 5   0.356017
10 6   0.356017
10 7   0.356017
10 8   0.356017
10 9   0.356017
10 10   0.356017
10 11   0.356017
10 12   0.356017
10 13   0.356017
10 14   0.356017
10 15   0.356017
10 16   0.356017
10 17   0.356017
10 18   0.356017
10 19   0.356017
10 20   0.356017
10 21   0.356017
10 22   0.356017
10 23   0.356017
10 24   0.356017
10 25   0.356017
10 26   0.356017
10 27   0.356017
10 28   0.356017
10 29   0.356017
10 30   0.356017
10 31   0.356017
10 32   0.356017
10 33   0.356017
10 34   0.356017
10 35   0.356017
10 36   0.356017
10 37   0.356017
10 38   0.356017
10 39   0.356017
10 40   0.356017
11 1   0.420359
11 2   0.420359
11 3   0.420359
11 4   0.420359
11 5   0.420359
11 6   0.420359
11 7   0.420359
11 8   0.420359
11 9   0.420359
11 10   0.420359
11 11   0.420359
11 12   0.420359
11 13   0.420359
11 14   0.420359
11 15   0.420359
11 16   0.420359
11 17   0.420359
11 18   0.420359
11 19   0.420359
11 20   0.420359
11 21   0.420359
11 22   0.420359
11 23   0.420359
11 24   0.420359
11 25   0.420359
11 26   0.420359
11 27   0.420359
11 28   0.420359
11 29   0.420359
11 30   0.420359
11 31   0.420359
11 32   0.420359
11 33   0.420359
11 34   0.420359
11 35   0.420359
11 36   0.420359
11 37   0.420359
11 38   0.420359
11 39   0.420359
11 40   0.420359
12 1   0.480764
12 2   0.480764
12 3   0.480764
12 4   0.480764
12 5   0.480764
12 6   0.480764
12 7   0.480764
12 8   0.480764
12 9   0.480764
12 10   0.480764
12 11   0.480764
12 12   0.480764
12 13   0.480764
12 14   0.480764
12 15   0.480764
12 16   0.480764
12 17   0.480764
12 18   0.480764
12 19   0.480764
12 20   0.480764
12 21   0.480764
12 22   0.480764
12 23   0.480764
12 24   0.480764
12 25   0.480764
12 26   0.480764
12 27   0.480764
12 28   0.480764
12 29   0.480764
12 30   0.480764
12 31   0.480764
12 32   0.480764
12 33   0.480764
12 34   0.480764
12 35   0.480764
12 36   0.480764
12 37   0.480764
12 38   0.480764
12 39   0.480764
12 40   0.480764
13 1   0.532388
13 2   0.532388
13 3   0.532388
13 4   0.532388
13 5   0.532388
13 6   0.532388
13 7   0.532388
13 8   0.532388
13 9   0.532388
13 10   0.532388
13 11   0.532388
13 12   0.532388
13 13   0.532388
13 14   0.532388
13 15   0.532388
13 16   0.532388
13 17   0.532388
13 18   0.532388
13 19   0.532388
13 20   0.532388
13 21   0.532388
13 22   0.532388
13 23   0.532388
13 24   0.532388
13 25   0.532388
13 26   0.532388
13 27   0.532388
13 28   0.532388
13 29   0.532388
13 30   0.532388
13 31   0.532388
13 32   0.532388
13 33   0.532388
13 34   0.532388
13 35   0.532388
13 36   0.532388
13 37   0.532388
13 38   0.532388
13 39   0.532388
13 40   0.532388
14 1   0.56651
14 2   0.56651
14 3   0.56651
14 4   0.56651
14 5   0.56651
14 6   0.56651
14 7   0.56651
14 8   0.56651
14 9   0.56651
14 10   0.56651
14 11   0.56651
14 12   0.56651
14 13   0.56651
14 14   0.56651
14 15   0.56651
14 16   0.56651
14 17   0.56651
14 18   0.56651
14 19   0.56651
14 20   0.56651
14 21   0.56651
14 22   0.56651
14 23   0.56651
14 24   0.56651
14 25   0.56651
14 26   0.56651
14 27   0.56651
14 28   0.56651
14 29   0.56651
14 30   0.56651
14 31   0.56651
14 32   0.56651
14 33   0.56651
14 34   0.56651
14 35   0.56651
14 36   0.56651
14 37   0.56651
14 38   0.56651
14 39   0.56651
14 40   0.56651
15 1   0.575211
15 2   0.575211
15 3   0.575211
15 4   0.575211
15 5   0.575211
15 6   0.575211
15 7   0.575211
15 8   0.575211
15 9   0.575211
15 10   0.575211
15 11   0.575211
15 12   0.575211
15 13   0.575211
15 14   0.575211
15 15   0.575211
15 16   0.575211
15 17   0.575211
15 18   0.575211
15 19   0.575211
15 20   0.575211
15 21   0.575211
15 22   0.575211
15 23   0.575211
15 24   0.575211
15 25   0.575211
15 26   0.575211
15 27   0.575211
15 28   0.575211
15 29   0.575211
15 30   0.575211
15 31   0.575211
15 32   0.575211
15 33   0.575211
15 34   0.575211
15 35   0.575211
15 36   0.575211
15 37   0.575211
15 38   0.575211
15 39   0.575211
15 40   0.575211
16 1   0.557411
16 2   0.557411
16 3   0.557411
16 4   0.557411
16 5   0.557411
16 6   0.557411
16 7   0.557411
16 8   0.557411
16 9   0.557411
16 10   0.557411
16 11   0.557411
16 12   0.557411
16 13   0.557411
16 14   0.557411
16 15   0.557411
16 16   0.557411
16 17   0.557411
16 18   0.557411
16 19   0.557411
16 20   0.557411
16 21   0.557411
16 22   0.557411
16 23   0.557411
16 24   0.557411
16 25   0.557411
16 26   0.557411
16 27   0.557411
16 28   0.557411
16 29   0.557411
16 30   0.557411
16 31   0.557411
16 32   0.557411
16 33   0.557411
16 34   0.557411
16 35   0.557411
16 36   0.557411
16 37   0.557411
16 38   0.557411
16 39   0.557411
16 40   0.557411
17 1   0.521409
17 2   0.521409
17 3   0.521409
17 4   0.521409
17 5   0.521409
17 6   0.521409
17 7   0.521409
17 8   0.521409
17 9   0.521409
17 10   0.521409
17 11   0.521409
17 12   0.521409
17 13   0.521409
17 14   0.521409
17 15   0.521409
17 16   0.521409
17 17   0.521409
17 18   0.521409
17 19   0.521409
17 20   0.521409
17 21   0.521409
17 22   0.521409
17 23   0.521409
17 24   0.521409
17 25   0.521409
17 26   0.521409
17 27   0.521409
17 28   0.521409
17 29   0.521409
17 30   0.521409
17 31   0.521409
17 32   0.521409
17 33   0.521409
17 34   0.521409
17 35   0.521409
17 36   0.521409
17 37   0.521409
17 38   0.521409
17 39   0.521409
17 40   0.521409
18 1   0.48264
18 2   0.48264
18 3   0.48264
18 4   0.48264
18 5   0.48264
18 6   0.48264
18 7   0.48264
18 8   0.48264
18 9   0.48264
18 10   0.48264
18 11   0.48264
18 12   0.48264
18 13   0.48264
18 14   0.48264
18 15   0.48264
18 16   0.48264
18 17   0.48264
18 18   0.48264
18 19   0.48264
18 20   0.48264
18 21   0.48264
18 22   0.48264
18 23   0.48264
18 24   0.48264
18 25   0.48264
18 26   0.48264
18 27   0.48264
18 28   0.48264
18 29   0.48264
18 30   0.48264
18 31   0.48264
18 32   0.48264
18 33   0.48264
18 34   0.48264
18 35   0.48264
18 36   0.48264
18 37   0.48264
18 38   0.48264
18 39   0.48264
18 40   0.48264
19 1   0.458005
19 2   0.458005
19 3   0.458005
19 4   0.458005
19 5   0.458005
19 6   0.458005
19 7   0.458005
19 8   0.458005
19 9   0.458005
19 10   0.458005
19 11   0.458005
19 12   0.458005
19 13   0.458005
19 14   0.458005
19 15   0.458005
19 16   0.458005
19 17   0.458005
19 18   0.458005
19 19   0.458005
19 20   0.458005
19 21   0.458005
19 22   0.458005
19 23   0.458005
19 24   0.458005
19 25   0.458005
19 26   0.458005
19 27   0.458005
19 28   0.458005
19 29   0.458005
19 30   0.458005
19 31   0.458005
19 32   0.458005
19 33   0.458005
19 34   0.458005
19 35   0.458005
19 36   0.458005
19 37   0.458005
19 38   0.458005
19 39   0.458005
19 40   0.458005
20 1   0.458416
20 2   0.458416
20 3   0.458416
20 4   0.458416
20 5   0.458416
20 6   0.458416
20 7   0.458416
20 8   0.458416
20 9   0.458416
20 10   0.458416
20 11   0.458416
20 12   0.458416
20 13   0.458416
20 14   0.458416
20 15   0.458416
20 16   0.458416
20 17   0.458416
20 18   0.458416
20 19   0.458416
20 20   0.458416
20 21   0.458416
20 22   0.458416
20 23   0.458416
20 24   0.458416
20 25   0.458416
20 26   0.458416
20 27   0.458416
20 28   0.458416
20 29   0.458416
20 30   0.458416
20 31   0.458416
20 32   0.458416
20 33   0.458416
20 34   0.458416
20 35   0.458416
20 36   0.458416
20 37   0.458416
20 38   0.458416
20 39   0.458416
20 40   0.458416
21 1   0.482704
21 2   0.482704
21 3   0.482704
21 4   0.482704
21 5   0.482704
21 6   0.482704
21 7   0.482704
21 8   0.482704
21 9   0.482704
21 10   0.482704
21 11   0.482704
21 12   0.482704
21 13   0.482704
21 14   0.482704
21 15   0.482704
21 16   0.482704
21 17   0.482704
21 18   0.482704
21 19   0.482704
21 20   0.482704
21 21   0.482704
21 22   0.482704
21 23   0.482704
21 24   0.482704
21 25   0.482704
21 26   0.482704
21 27   0.482704
21 28   0.482704
21 29   0.482704
21 30   0.482704
21 31   0.482704
21 32   0.482704
21 33   0.482704
21 34   0.482704
21 35   0.482704
21 36   0.482704
21 37   0.482704
21 38   0.482704
21 39   0.482704
21 40   0.482704
22 1   0.517072
22 2   0.517072
22 3   0.517072
22 4   0.517072
22 5   0.517072
22 6   0.517072
22 7   0.517072
22 8   0.517072
22 9   0.517072
22 10   0.517072
22 11   0.517072
22 12   0.517072
22 13   0.517072
22 14   0.517072
22 15   0.517072
22 16   0.517072
22 17   0.517072
22 18   0.517072
22 19   0.517072
22 20   0.517072
22 21   0.517072
22 22   0.517072
22 23   0.517072
22 24   0.517072
22 25   0.517072
22 26   0.517072
22 27   0.517072
22 28   0.517072
22 29   0.517072
22 30   0.517072
22 31   0.517072
22 32   0.517072
22 33   0.517072
22 34   0.517072
22 35   0.517072
22 36   0.517072
22 37   0.517072
22 38   0.517072
22 39   0.517072
22 40   0.517072
23 1   0.541887
23 2   0.541887
23 3   0.541887
23 4   0.541887
23 5   0.541887
23 6   0.541887
23 7   0.541887
23 8   0.541887
23 9   0.541887
23 10   0.541887
23 11   0.541887
23 12   0.541887
23 13   0.541887
23 14   0.541887
23 15   0.541887
23 16   0.541887
23 17   0.541887
23 18   0.541887
23 19   0.541887
23 20   0.541887
23 21   0.541887
23 22   0.541887
23 23   0.541887
23 24   0.541887
23 25   0.541887
23 26   0.541887
23 27   0.541887
23 28   0.541887
23 29   0.541887
23 30   0.541887
23 31   0.541887
23 32   0.541887
23 33   0.541887
23 34   0.541887
23 35   0.541887
23 36   0.541887
23 37   0.541887
23 38   0.541887
23 39   0.541887
23 40   0.541887
24 1   0.54252
24 2   0.54252
24 3   0.54252
24 4   0.54252
24 5   0.54252
24 6   0.54252
24 7   0.54252
24 8   0.54252
24 9   0.54252
24 10   0.54252
24 11   0.54252
24 12   0.54252
24 13   0.54252
24 14   0.54252
24 15   0.54252
24 16   0.54252
24 17   0.54252
24 18   0.54252
24 19   0.54252
24 20   0.54252
24 21   0.54252
24 22   0.54252
24 23   0.54252
24 24   0.54252
24 25   0.54252
24 26   0.54252
24 27   0.54252
24 28   0.54252
24 29   0.54252
24 30   0.54252
24 31   0.54252
24 32   0.54252
24 33   0.54252
24 34   0.54252
24 35   0.54252
24 36   0.54252
24 37   0.54252
24 38   0.54252
24 39   0.54252
24 40   0.54252
25 1   0.517425
25 2   0.517425
25 3   0.517425
25 4   0.517425
25 5   0.517425
25 6   0.517425
25 7   0.517425
25 8   0.517425
25 9   0.517425
25 10   0.517425
25 11   0.517425
25 12   0.517425
25 13   0.517425
25 14   0.517425
25 15   0.517425
25 16   0.517425
25 17   0.517425
25 18   0.517425
25 19   0.517425
25 20   0.517425
25 21   0.517425
25 22   0.517425
25 23   0.517425
25 24   0.517425
25 25   0.517425
25 26   0.517425
25 27   0.517425
25 28   0.517425
25 29   0.517425
25 30   0.517425
25 31   0.517425
25 32   0.517425
25 33   0.517425
25 34   0.517425
25 35   0.517425
25 36   0.517425
25 37   0.517425
25 38   0.517425
25 39   0.517425
25 40   0.517425
26 1   0.478191
26 2   0.478191
26 3   0.478191
26 4   0.478191
26 5   0.478191
26 6   0.478191
26 7   0.478191
26 8   0.478191
26 9   0.478191
26 10   0.478191
26 11   0.478191
26 12   0.478191
26 13   0.478191
26 14   0.478191
26 15   0.478191
26 16   0.478191
26 17   0.478191
26 18   0.478191
26 19   0.478191
26 20   0.478191
26 21   0.478191
26 22   0.478191
26 23   0.478191
26 24   0.478191
26 25   0.478191
26 26   0.478191
26 27   0.478191
26 28   0.478191
26 29   0.478191
26 30   0.478191
26 31   0.478191
26 32   0.478191
26 33   0.478191
26 34   0.478191
26 35   0.478191
26 36   0.478191
26 37   0.478191
26 38   0.478191
26 39   0.478191
26 40   0.478191
27 1   0.442473
27 2   0.442473
27 3   0.442473
27 4   0.442473
27 5   0.442473
27 6   0.442473
27 7   0.442473
27 8   0.442473
27 9   0.442473
27 10   0.442473
27 11   0.442473
27 12   0.442473
27 13   0.442473
27 14   0.442473
27 15   0.442473
27 16   0.442473
27 17   0.442473
27 18   0.442473
27 19   0.442473
27 20   0.442473
27 21   0.442473
27 22   0.442473
27 23   0.442473
27 24   0.442473
27 25   0.442473
27 26   0.442473
27 27   0.442473
27 28   0.442473
27 29   0.442473
27 30   0.442473
27 31   0.442473
27 32   0.442473
27 33   0.442473
27 34   0.442473
27 35   0.442473
27 36   0.442473
27 37   0.442473
27 38   0.442473
27 39   0.442473
27 40   0.442473
28 1   0.425375
28 2   0.425375
28 3   0.425375
28 4   0.425375
28 5   0.425375
28 6   0.425375
28 7   0.425375
28 8   0.425375
28 9   0.425375
28 10   0.425375
28 11   0.425375
28 12   0.425375
28 13   0.425375
28 14   0.425375
28 15   0.425375
28 16   0.425375
28 17   0.425375
28 18   0.425375
28 19   0.425375
28 20   0.425375
28 21   0.425375
28 22   0.425375
28 23   0.425375
28 24   0.425375
28 25   0.425375
28 26   0.425375
28 27   0.425375
28 28   0.425375
28 29   0.425375
28 30   0.425375
28 31   0.425375
28 32   0.425375
28 33   0.425375
28 34   0.425375
28 35   0.425375
28 36   0.425375
28 37   0.425375
28 38   0.425375
28 39   0.425375
28 40   0.425375
29 1   0.434108
29 2   0.434108
29 3   0.434108
29 4   0.434108
29 5   0.434108
29 6   0.434108
29 7   0.434108
29 8   0.434108
29 9   0.434108
29 10   0.434108
29 11   0.434108
29 12   0.434108
29 13   0.434108
29 14   0.434108
29 15   0.434108
29 16   0.434108
29 17   0.434108
29 18   0.434108
29 19   0.434108
29 20   0.434108
29 21   0.434108
29 22   0.434108
29 23   0.434108
29 24   0.434108
29 25   0.434108
29 26   0.434108
29 27   0.434108
29 28   0.434108
29 29   0.434108
29 30   0.434108
29 31   0.434108
29 32   0.434108
29 33   0.434108
29 34   0.434108
29 35   0.434108
29 36   0.434108
29 37   0.434108
29 38   0.434108
29 39   0.434108
29 40   0.434108
30 1   0.467373
30 2   0.467373
30 3   0.467373
30 4   0.467373
30 5   0.467373
30 6   0.467373
30 7   0.467373
30 8   0.467373
30 9   0.467373
30 10   0.467373
30 11   0.467373
30 12   0.467373
30 13   0.467373
30 14   0.467373
30 15   0.467373
30 16   0.467373
30 17   0.467373
30 18   0.467373
30 19   0.467373
30 20   0.467373
30 21   0.467373
30 22   0.467373
30 23   0.467373
30 24   0.467373
30 25   0.467373
30 26   0.467373
30 27   0.467373
30 28   0.467373
30 29   0.467373
30 30   0.467373
30 31   0.467373
30 32   0.467373
30 33   0.467373
30 34   0.467373
30 35   0.467373
30 36   0.467373
30 37   0.467373
30 38   0.467373
30 39   0.467373
30 40   0.467373
31 1   0.518408
31 2   0.518408
31 3   0.518408
31 4   0.518408
31 5   0.518408
31 6   0.518408
31 7   0.518408
31 8   0.518408
31 9   0.518408
31 10   0.518408
31 11   0.518408
31 12   0.518408
31 13   0.518408
31 14   0.518408
31 15   0.518408
31 16   0.518408
31 17   0.518408
31 18   0.518408
31 19   0.518408
31 20   0.518408
31 21   0.518408
31 22   0.518408
31 23   0.518408
31 24   0.518408
31 25   0.518408
31 26   0.518408
31 27   0.518408
31 28   0.518408
31 29   0.518408
31 30   0.518408
31 31   0.518408
31 32   0.518408
31 33   0.518408
31 34   0.518408
31 35   0.518408
31 36   0.518408
31 37   0.518408
31 38   0.518408
31 39   0.518408
31 40   0.518408
32 1   0.57942
32 2   0.57942
32 3   0.57942
32 4   0.57942
32 5   0.57942
32 6   0.57942
32 7   0.57942
32 8   0.57942
32 9   0.57942
32 10   0.57942
32 11   0.57942
32 12   0.57942
32 13   0.57942
32 14   0.57942
32 15   0.57942
32 16   0.57942
32 17   0.57942
32 18   0.57942
32 19   0.57942
32 20   0.57942
32 21   0.57942
32 22   0.57942
32 23   0.57942
32 24   0.57942
32 25   0.57942
32 26   0.57942
32 27   0.57942
32 28   0.57942
32 29   0.57942
32 30   0.57942
32 31   0.57942
32 32   0.57942
32 33   0.57942
32 34   0.57942
32 35   0.57942
32 36   0.57942
32 37   0.57942
32 38   0.57942
32 39   0.57942
32 40   0.57942
33 1   0.644755
33 2   0.644755
33 3   0.644755
33 4   0.644755
33 5   0.644755
33 6   0.644755
33 7   0.644755
33 8   0.644755
33 9   0.644755
33 10   0.644755
33 11   0.644755
33 12   0.644755
33 13   0.644755
33 14   0.644755
33 15   0.644755
33 16   0.644755
33 17   0.644755
33 18   0.644755
33 19   0.644755
33 20   0.644755
33 21   0.644755
33 22   0.644755
33 23   0.644755
33 24   0.644755
33 25   0.644755
33 26   0.644755
33 27   0.644755
33 28   0.644755
33 29   0.644755
33 30   0.644755
33 31   0.644755
33 32   0.644755
33 33   0.644755
33 34   0.644755
33 35   0.644755
33 36   0.644755
33 37   0.644755
33 38   0.644755
33 39   0.644755
33 40   0.644755
34 1   0.71127
34 2   0.71127
34 3   0.71127
34 4   0.71127
34 5   0.71127
34 6   0.71127
34 7   0.71127
34 8   0.71127
34 9   0.71127
34 10   0.71127
34 11   0.71127
34 12   0.71127
34 13   0.71127
34 14   0.71127
34 15   0.71127
34 16   0.71127
34 17   0.71127
34 18   0.71127
34 19   0.71127
34 20   0.71127
34 21   0.71127
34 22   0.71127
34 23   0.71127
34 24   0.71127
34 25   0.71127
34 26   0.71127
34 27   0.71127
34 28   0.71127
34 29   0.71127
34 30   0.71127
34 31   0.71127
34 32   0.71127
34 33   0.71127
34 34   0.71127
34 35   0.71127
34 36   0.71127
34 37   0.71127
34 38   0.71127
34 39   0.71127
34 40   0.71127
35 1   0.776475
35 2   0.776475
35 3   0.776475
35 4   0.776475
35 5   0.776475
35 6   0.776475
35 7   0.776475
35 8   0.776475
35 9   0.776475
35 10   0.776475
35 11   0.776475
35 12   0.776475
35 13   0.776475
35 14   0.776475
35 15   0.776475
35 16   0.776475
35 17   0.776475
35 18   0.776475
35 19   0.776475
35 20   0.776475
35 21   0.776475
35 22   0.776475
35 23   0.776475
35 24   0.776475
35 25   0.776475
35 26   0.776475
35 27   0.776475
35 28   0.776475
35 29   0.776475
35 30   0.776475
35 31   0.776475
35 32   0.776475
35 33   0.776475
35 34   0.776475
35 35   0.776475
35 36   0.776475
35 37   0.776475
35 38   0.776475
35 39   0.776475
35 40   0.776475
36 1   0.836469
36 2   0.836469
36 3   0.836469
36 4   0.836469
36 5   0.836469
36 6   0.836469
36 7   0.836469
36 8   0.836469
36 9   0.836469
36 10   0.836469
36 11   0.836469
36 12   0.836469
36 13   0.836469
36 14   0.836469
36 15   0.836469
36 16   0.836469
36 17   0.836469
36 18   0.836469
36 19   0.836469
36 20   0.836469
36 21   0.836469
36 22   0.836469
36 23   0.836469
36 24   0.836469
36 25   0.836469
36 26   0.836469
36 27   0.836469
36 28   0.836469
36 29   0.836469
36 30   0.836469
36 31   0.836469
36 32   0.836469
36 33   0.836469
36 34   0.836469
36 35   0.836469
36 36   0.836469
36 37   0.836469
36 38   0.836469
36 39   0.836469
36 40   0.836469
37 1   0.885609
37 2   0.885609
37 3   0.885609
37 4   0.885609
37 5   0.885609
37 6   0.885609
37 7   0.885609
37 8   0.885609
37 9   0.885609
37 10   0.885609
37 11   0.885609
37 12   0.885609
37 13   0.885609
37 14   0.885609
37 15   0.885609
37 16   0.885609
37 17   0.885609
37 18   0.885609
37 19   0.885609
37 20   0.885609
37 21   0.885609
37 22   0.885609
37 23   0.885609
37 24   0.885609
37 25   0.885609
37 26   0.885609
37 27   0.885609
37 28   0.885609
37 29   0.885609
37 30   0.885609
37 31   0.885609
37 32   0.885609
37 33   0.885609
37 34   0.885609
37 35   0.885609
37 36   0.885609
37 37   0.885609
37 38   0.885609
37 39   0.885609
37 40   0.885609
38 1   0.919008
38 2   0.919008
38 3   0.919008
38 4   0.919008
38 5   0.919008
38 6   0.919008
38 7   0.919008
38 8   0.919008
38 9   0.919008
38 10   0.919008
38 11   0.919008
38 12   0.919008
38 13   0.919008
38 14   0.919008
38 15   0.919008
38 16   0.919008
38 17   0.919008
38 18   0.919008
38 19   0.919008
38 20   0.919008
38 21   0.919008
38 22   0.919008
38 23   0.919008
38 24   0.919008
38 25   0.919008
38 26   0.919008
38 27   0.919008
38 28   0.919008
38 29   0.919008
38 30   0.919008
38 31   0.919008
38 32   0.919008
38 33   0.919008
38 34   0.919008
38 35   0.919008
38 36   0.919008
38 37   0.919008
38 38   0.919008
38 39   0.919008
38 40   0.919008
39 1   0.936311
39 2   0.936311
39 3   0.936311
39 4   0.936311
39 5   0.936311
39 6   0.936311
39 7   0.936311
39 8   0.936311
39 9   0.936311
39 10   0.936311
39 11   0.936311
39 12   0.936311
39 13   0.936311
39 14   0.936311
39 15   0.936311
39 16   0.936311
39 17   0.936311
39 18   0.936311
39 19   0.936311
39 20   0.936311
39 21   0.936311
39 22   0.936311
39 23   0.936311
39 24   0.936311
39 25   0.936311
39 26   0.936311
39 27   0.936311
39 28   0.936311
39 29   0.936311
39 30   0.936311
39 31   0.936311
39 32   0.936311
39 33   0.936311
39 34   0.936311
39 35   0.936311
39 36   0.936311
39 37   0.936311
39 38   0.936311
39 39   0.936311
39 40   0.936311
40 1   0.942339
40 2   0.942339
40 3   0.942339
40 4   0.942339
40 5   0.942339
40 6   0.942339
40 7   0.942339
40 8   0.942339
40 9   0.942339
40 10   0.942339
40 11   0.942339
40 12   0.942339
40 13   0.942339
40 14   0.942339
40 15   0.942339
40 16   0.942339
40 17   0.942339
40 18   0.942339
40 19   0.942339
40 20   0.942339
40 21   0.942339
40 22   0.942339
40 23   0.942339
40 24   0.942339
40 25   0.942339
40 26   0.942339
40 27   0.942339
40 28   0.942339
40 29   0.942339
40 30   0.942339
40 31   0.942339
40 32   0.942339
40 33   0.942339
40 34   0.942339
40 35   0.942339
40 36   0.942339
40 37   0.942339
40 38   0.942339
40 39   0.942339
40 40   0.942339
