1 1   6.94862e-005
1 2   6.94862e-005
1 3   6.94862e-005
1 4   6.94862e-005
1 5   6.94862e-005
1 6   6.94862e-005
1 7   6.94862e-005
1 8   6.94862e-005
1 9   6.94862e-005
1 10   6.94862e-005
1 11   6.94862e-005
1 12   6.94862e-005
1 13   6.94862e-005
1 14   6.94862e-005
1 15   6.94862e-005
1 16   6.94862e-005
1 17   6.94862e-005
1 18   6.94862e-005
1 19   6.94862e-005
1 20   6.94862e-005
1 21   6.94862e-005
1 22   6.94862e-005
1 23   6.94862e-005
1 24   6.94862e-005
1 25   6.94862e-005
1 26   6.94862e-005
1 27   6.94862e-005
1 28   6.94862e-005
1 29   6.94862e-005
1 30   6.94862e-005
1 31   6.94862e-005
1 32   6.94862e-005
1 33   6.94862e-005
1 34   6.94862e-005
1 35   6.94862e-005
1 36   6.94862e-005
1 37   6.94862e-005
1 38   6.94862e-005
1 39   6.94862e-005
1 40   6.94862e-005
2 1   0.00305838
2 2   0.00305838
2 3   0.00305838
2 4   0.00305838
2 5   0.00305838
2 6   0.00305838
2 7   0.00305838
2 8   0.00305838
2 9   0.00305838
2 10   0.00305838
2 11   0.00305838
2 12   0.00305838
2 13   0.00305838
2 14   0.00305838
2 15   0.00305838
2 16   0.00305838
2 17   0.00305838
2 18   0.00305838
2 19   0.00305838
2 20   0.00305838
2 21   0.00305838
2 22   0.00305838
2 23   0.00305838
2 24   0.00305838
2 25   0.00305838
2 26   0.00305838
2 27   0.00305838
2 28   0.00305838
2 29   0.00305838
2 30   0.00305838
2 31   0.00305838
2 32   0.00305838
2 33   0.00305838
2 34   0.00305838
2 35   0.00305838
2 36   0.00305838
2 37   0.00305838
2 38   0.00305838
2 39   0.00305838
2 40   0.00305838
3 1   0.00835244
3 2   0.00835244
3 3   0.00835244
3 4   0.00835244
3 5   0.00835244
3 6   0.00835244
3 7   0.00835244
3 8   0.00835244
3 9   0.00835244
3 10   0.00835244
3 11   0.00835244
3 12   0.00835244
3 13   0.00835244
3 14   0.00835244
3 15   0.00835244
3 16   0.00835244
3 17   0.00835244
3 18   0.00835244
3 19   0.00835244
3 20   0.00835244
3 21   0.00835244
3 22   0.00835244
3 23   0.00835244
3 24   0.00835244
3 25   0.00835244
3 26   0.00835244
3 27   0.00835244
3 28   0.00835244
3 29   0.00835244
3 30   0.00835244
3 31   0.00835244
3 32   0.00835244
3 33   0.00835244
3 34   0.00835244
3 35   0.00835244
3 36   0.00835244
3 37   0.00835244
3 38   0.00835244
3 39   0.00835244
3 40   0.00835244
4 1   0.0150092
4 2   0.0150092
4 3   0.0150092
4 4   0.0150092
4 5   0.0150092
4 6   0.0150092
4 7   0.0150092
4 8   0.0150092
4 9   0.0150092
4 10   0.0150092
4 11   0.0150092
4 12   0.0150092
4 13   0.0150092
4 14   0.0150092
4 15   0.0150092
4 16   0.0150092
4 17   0.0150092
4 18   0.0150092
4 19   0.0150092
4 20   0.0150092
4 21   0.0150092
4 22   0.0150092
4 23   0.0150092
4 24   0.0150092
4 25   0.0150092
4 26   0.0150092
4 27   0.0150092
4 28   0.0150092
4 29   0.0150092
4 30   0.0150092
4 31   0.0150092
4 32   0.0150092
4 33   0.0150092
4 34   0.0150092
4 35   0.0150092
4 36   0.0150092
4 37   0.0150092
4 38   0.0150092
4 39   0.0150092
4 40   0.0150092
5 1   0.0223352
5 2   0.0223352
5 3   0.0223352
5 4   0.0223352
5 5   0.0223352
5 6   0.0223352
5 7   0.0223352
5 8   0.0223352
5 9   0.0223352
5 10   0.0223352
5 11   0.0223352
5 12   0.0223352
5 13   0.0223352
5 14   0.0223352
5 15   0.0223352
5 16   0.0223352
5 17   0.0223352
5 18   0.0223352
5 19   0.0223352
5 20   0.0223352
5 21   0.0223352
5 22   0.0223352
5 23   0.0223352
5 24   0.0223352
5 25   0.0223352
5 26   0.0223352
5 27   0.0223352
5 28   0.0223352
5 29   0.0223352
5 30   0.0223352
5 31   0.0223352
5 32   0.0223352
5 33   0.0223352
5 34   0.0223352
5 35   0.0223352
5 36   0.0223352
5 37   0.0223352
5 38   0.0223352
5 39   0.0223352
5 40   0.0223352
6 1   0.0301671
6 2   0.0301671
6 3   0.0301671
6 4   0.0301671
6 5   0.0301671
6 6   0.0301671
6 7   0.0301671
6 8   0.0301671
6 9   0.0301671
6 10   0.0301671
6 11   0.0301671
6 12   0.0301671
6 13   0.0301671
6 14   0.0301671
6 15   0.0301671
6 16   0.0301671
6 17   0.0301671
6 18   0.0301671
6 19   0.0301671
6 20   0.0301671
6 21   0.0301671
6 22   0.0301671
6 23   0.0301671
6 24   0.0301671
6 25   0.0301671
6 26   0.0301671
6 27   0.0301671
6 28   0.0301671
6 29   0.0301671
6 30   0.0301671
6 31   0.0301671
6 32   0.0301671
6 33   0.0301671
6 34   0.0301671
6 35   0.0301671
6 36   0.0301671
6 37   0.0301671
6 38   0.0301671
6 39   0.0301671
6 40   0.0301671
7 1   0.0389646
7 2   0.0389646
7 3   0.0389646
7 4   0.0389646
7 5   0.0389646
7 6   0.0389646
7 7   0.0389646
7 8   0.0389646
7 9   0.0389646
7 10   0.0389646
7 11   0.0389646
7 12   0.0389646
7 13   0.0389646
7 14   0.0389646
7 15   0.0389646
7 16   0.0389646
7 17   0.0389646
7 18   0.0389646
7 19   0.0389646
7 20   0.0389646
7 21   0.0389646
7 22   0.0389646
7 23   0.0389646
7 24   0.0389646
7 25   0.0389646
7 26   0.0389646
7 27   0.0389646
7 28   0.0389646
7 29   0.0389646
7 30   0.0389646
7 31   0.0389646
7 32   0.0389646
7 33   0.0389646
7 34   0.0389646
7 35   0.0389646
7 36   0.0389646
7 37   0.0389646
7 38   0.0389646
7 39   0.0389646
7 40   0.0389646
8 1   0.0499564
8 2   0.0499564
8 3   0.0499564
8 4   0.0499564
8 5   0.0499564
8 6   0.0499564
8 7   0.0499564
8 8   0.0499564
8 9   0.0499564
8 10   0.0499564
8 11   0.0499564
8 12   0.0499564
8 13   0.0499564
8 14   0.0499564
8 15   0.0499564
8 16   0.0499564
8 17   0.0499564
8 18   0.0499564
8 19   0.0499564
8 20   0.0499564
8 21   0.0499564
8 22   0.0499564
8 23   0.0499564
8 24   0.0499564
8 25   0.0499564
8 26   0.0499564
8 27   0.0499564
8 28   0.0499564
8 29   0.0499564
8 30   0.0499564
8 31   0.0499564
8 32   0.0499564
8 33   0.0499564
8 34   0.0499564
8 35   0.0499564
8 36   0.0499564
8 37   0.0499564
8 38   0.0499564
8 39   0.0499564
8 40   0.0499564
9 1   0.0653451
9 2   0.0653451
9 3   0.0653451
9 4   0.0653451
9 5   0.0653451
9 6   0.0653451
9 7   0.0653451
9 8   0.0653451
9 9   0.0653451
9 10   0.0653451
9 11   0.0653451
9 12   0.0653451
9 13   0.0653451
9 14   0.0653451
9 15   0.0653451
9 16   0.0653451
9 17   0.0653451
9 18   0.0653451
9 19   0.0653451
9 20   0.0653451
9 21   0.0653451
9 22   0.0653451
9 23   0.0653451
9 24   0.0653451
9 25   0.0653451
9 26   0.0653451
9 27   0.0653451
9 28   0.0653451
9 29   0.0653451
9 30   0.0653451
9 31   0.0653451
9 32   0.0653451
9 33   0.0653451
9 34   0.0653451
9 35   0.0653451
9 36   0.0653451
9 37   0.0653451
9 38   0.0653451
9 39   0.0653451
9 40   0.0653451
10 1   0.0881601
10 2   0.0881601
10 3   0.0881601
10 4   0.0881601
10 5   0.0881601
10 6   0.0881601
10 7   0.0881601
10 8   0.0881601
10 9   0.0881601
10 10   0.0881601
10 11   0.0881601
10 12   0.0881601
10 13   0.0881601
10 14   0.0881601
10 15   0.0881601
10 16   0.0881601
10 17   0.0881601
10 18   0.0881601
10 19   0.0881601
10 20   0.0881601
10 21   0.0881601
10 22   0.0881601
10 23   0.0881601
10 24   0.0881601
10 25   0.0881601
10 26   0.0881601
10 27   0.0881601
10 28   0.0881601
10 29   0.0881601
10 30   0.0881601
10 31   0.0881601
10 32   0.0881601
10 33   0.0881601
10 34   0.0881601
10 35   0.0881601
10 36   0.0881601
10 37   0.0881601
10 38   0.0881601
10 39   0.0881601
10 40   0.0881601
11 1   0.121365
11 2   0.121365
11 3   0.121365
11 4   0.121365
11 5   0.121365
11 6   0.121365
11 7   0.121365
11 8   0.121365
11 9   0.121365
11 10   0.121365
11 11   0.121365
11 12   0.121365
11 13   0.121365
11 14   0.121365
11 15   0.121365
11 16   0.121365
11 17   0.121365
11 18   0.121365
11 19   0.121365
11 20   0.121365
11 21   0.121365
11 22   0.121365
11 23   0.121365
11 24   0.121365
11 25   0.121365
11 26   0.121365
11 27   0.121365
11 28   0.121365
11 29   0.121365
11 30   0.121365
11 31   0.121365
11 32   0.121365
11 33   0.121365
11 34   0.121365
11 35   0.121365
11 36   0.121365
11 37   0.121365
11 38   0.121365
11 39   0.121365
11 40   0.121365
12 1   0.166406
12 2   0.166406
12 3   0.166406
12 4   0.166406
12 5   0.166406
12 6   0.166406
12 7   0.166406
12 8   0.166406
12 9   0.166406
12 10   0.166406
12 11   0.166406
12 12   0.166406
12 13   0.166406
12 14   0.166406
12 15   0.166406
12 16   0.166406
12 17   0.166406
12 18   0.166406
12 19   0.166406
12 20   0.166406
12 21   0.166406
12 22   0.166406
12 23   0.166406
12 24   0.166406
12 25   0.166406
12 26   0.166406
12 27   0.166406
12 28   0.166406
12 29   0.166406
12 30   0.166406
12 31   0.166406
12 32   0.166406
12 33   0.166406
12 34   0.166406
12 35   0.166406
12 36   0.166406
12 37   0.166406
12 38   0.166406
12 39   0.166406
12 40   0.166406
13 1   0.22201
13 2   0.22201
13 3   0.22201
13 4   0.22201
13 5   0.22201
13 6   0.22201
13 7   0.22201
13 8   0.22201
13 9   0.22201
13 10   0.22201
13 11   0.22201
13 12   0.22201
13 13   0.22201
13 14   0.22201
13 15   0.22201
13 16   0.22201
13 17   0.22201
13 18   0.22201
13 19   0.22201
13 20   0.22201
13 21   0.22201
13 22   0.22201
13 23   0.22201
13 24   0.22201
13 25   0.22201
13 26   0.22201
13 27   0.22201
13 28   0.22201
13 29   0.22201
13 30   0.22201
13 31   0.22201
13 32   0.22201
13 33   0.22201
13 34   0.22201
13 35   0.22201
13 36   0.22201
13 37   0.22201
13 38   0.22201
13 39   0.22201
13 40   0.22201
14 1   0.284021
14 2   0.284021
14 3   0.284021
14 4   0.284021
14 5   0.284021
14 6   0.284021
14 7   0.284021
14 8   0.284021
14 9   0.284021
14 10   0.284021
14 11   0.284021
14 12   0.284021
14 13   0.284021
14 14   0.284021
14 15   0.284021
14 16   0.284021
14 17   0.284021
14 18   0.284021
14 19   0.284021
14 20   0.284021
14 21   0.284021
14 22   0.284021
14 23   0.284021
14 24   0.284021
14 25   0.284021
14 26   0.284021
14 27   0.284021
14 28   0.284021
14 29   0.284021
14 30   0.284021
14 31   0.284021
14 32   0.284021
14 33   0.284021
14 34   0.284021
14 35   0.284021
14 36   0.284021
14 37   0.284021
14 38   0.284021
14 39   0.284021
14 40   0.284021
15 1   0.346394
15 2   0.346394
15 3   0.346394
15 4   0.346394
15 5   0.346394
15 6   0.346394
15 7   0.346394
15 8   0.346394
15 9   0.346394
15 10   0.346394
15 11   0.346394
15 12   0.346394
15 13   0.346394
15 14   0.346394
15 15   0.346394
15 16   0.346394
15 17   0.346394
15 18   0.346394
15 19   0.346394
15 20   0.346394
15 21   0.346394
15 22   0.346394
15 23   0.346394
15 24   0.346394
15 25   0.346394
15 26   0.346394
15 27   0.346394
15 28   0.346394
15 29   0.346394
15 30   0.346394
15 31   0.346394
15 32   0.346394
15 33   0.346394
15 34   0.346394
15 35   0.346394
15 36   0.346394
15 37   0.346394
15 38   0.346394
15 39   0.346394
15 40   0.346394
16 1   0.402808
16 2   0.402808
16 3   0.402808
16 4   0.402808
16 5   0.402808
16 6   0.402808
16 7   0.402808
16 8   0.402808
16 9   0.402808
16 10   0.402808
16 11   0.402808
16 12   0.402808
16 13   0.402808
16 14   0.402808
16 15   0.402808
16 16   0.402808
16 17   0.402808
16 18   0.402808
16 19   0.402808
16 20   0.402808
16 21   0.402808
16 22   0.402808
16 23   0.402808
16 24   0.402808
16 25   0.402808
16 26   0.402808
16 27   0.402808
16 28   0.402808
16 29   0.402808
16 30   0.402808
16 31   0.402808
16 32   0.402808
16 33   0.402808
16 34   0.402808
16 35   0.402808
16 36   0.402808
16 37   0.402808
16 38   0.402808
16 39   0.402808
16 40   0.402808
17 1   0.448205
17 2   0.448205
17 3   0.448205
17 4   0.448205
17 5   0.448205
17 6   0.448205
17 7   0.448205
17 8   0.448205
17 9   0.448205
17 10   0.448205
17 11   0.448205
17 12   0.448205
17 13   0.448205
17 14   0.448205
17 15   0.448205
17 16   0.448205
17 17   0.448205
17 18   0.448205
17 19   0.448205
17 20   0.448205
17 21   0.448205
17 22   0.448205
17 23   0.448205
17 24   0.448205
17 25   0.448205
17 26   0.448205
17 27   0.448205
17 28   0.448205
17 29   0.448205
17 30   0.448205
17 31   0.448205
17 32   0.448205
17 33   0.448205
17 34   0.448205
17 35   0.448205
17 36   0.448205
17 37   0.448205
17 38   0.448205
17 39   0.448205
17 40   0.448205
18 1   0.479801
18 2   0.479801
18 3   0.479801
18 4   0.479801
18 5   0.479801
18 6   0.479801
18 7   0.479801
18 8   0.479801
18 9   0.479801
18 10   0.479801
18 11   0.479801
18 12   0.479801
18 13   0.479801
18 14   0.479801
18 15   0.479801
18 16   0.479801
18 17   0.479801
18 18   0.479801
18 19   0.479801
18 20   0.479801
18 21   0.479801
18 22   0.479801
18 23   0.479801
18 24   0.479801
18 25   0.479801
18 26   0.479801
18 27   0.479801
18 28   0.479801
18 29   0.479801
18 30   0.479801
18 31   0.479801
18 32   0.479801
18 33   0.479801
18 34   0.479801
18 35   0.479801
18 36   0.479801
18 37   0.479801
18 38   0.479801
18 39   0.479801
18 40   0.479801
19 1   0.497446
19 2   0.497446
19 3   0.497446
19 4   0.497446
19 5   0.497446
19 6   0.497446
19 7   0.497446
19 8   0.497446
19 9   0.497446
19 10   0.497446
19 11   0.497446
19 12   0.497446
19 13   0.497446
19 14   0.497446
19 15   0.497446
19 16   0.497446
19 17   0.497446
19 18   0.497446
19 19   0.497446
19 20   0.497446
19 21   0.497446
19 22   0.497446
19 23   0.497446
19 24   0.497446
19 25   0.497446
19 26   0.497446
19 27   0.497446
19 28   0.497446
19 29   0.497446
19 30   0.497446
19 31   0.497446
19 32   0.497446
19 33   0.497446
19 34   0.497446
19 35   0.497446
19 36   0.497446
19 37   0.497446
19 38   0.497446
19 39   0.497446
19 40   0.497446
20 1   0.503404
20 2   0.503404
20 3   0.503404
20 4   0.503404
20 5   0.503404
20 6   0.503404
20 7   0.503404
20 8   0.503404
20 9   0.503404
20 10   0.503404
20 11   0.503404
20 12   0.503404
20 13   0.503404
20 14   0.503404
20 15   0.503404
20 16   0.503404
20 17   0.503404
20 18   0.503404
20 19   0.503404
20 20   0.503404
20 21   0.503404
20 22   0.503404
20 23   0.503404
20 24   0.503404
20 25   0.503404
20 26   0.503404
20 27   0.503404
20 28   0.503404
20 29   0.503404
20 30   0.503404
20 31   0.503404
20 32   0.503404
20 33   0.503404
20 34   0.503404
20 35   0.503404
20 36   0.503404
20 37   0.503404
20 38   0.503404
20 39   0.503404
20 40   0.503404
21 1   0.501751
21 2   0.501751
21 3   0.501751
21 4   0.501751
21 5   0.501751
21 6   0.501751
21 7   0.501751
21 8   0.501751
21 9   0.501751
21 10   0.501751
21 11   0.501751
21 12   0.501751
21 13   0.501751
21 14   0.501751
21 15   0.501751
21 16   0.501751
21 17   0.501751
21 18   0.501751
21 19   0.501751
21 20   0.501751
21 21   0.501751
21 22   0.501751
21 23   0.501751
21 24   0.501751
21 25   0.501751
21 26   0.501751
21 27   0.501751
21 28   0.501751
21 29   0.501751
21 30   0.501751
21 31   0.501751
21 32   0.501751
21 33   0.501751
21 34   0.501751
21 35   0.501751
21 36   0.501751
21 37   0.501751
21 38   0.501751
21 39   0.501751
21 40   0.501751
22 1   0.497616
22 2   0.497616
22 3   0.497616
22 4   0.497616
22 5   0.497616
22 6   0.497616
22 7   0.497616
22 8   0.497616
22 9   0.497616
22 10   0.497616
22 11   0.497616
22 12   0.497616
22 13   0.497616
22 14   0.497616
22 15   0.497616
22 16   0.497616
22 17   0.497616
22 18   0.497616
22 19   0.497616
22 20   0.497616
22 21   0.497616
22 22   0.497616
22 23   0.497616
22 24   0.497616
22 25   0.497616
22 26   0.497616
22 27   0.497616
22 28   0.497616
22 29   0.497616
22 30   0.497616
22 31   0.497616
22 32   0.497616
22 33   0.497616
22 34   0.497616
22 35   0.497616
22 36   0.497616
22 37   0.497616
22 38   0.497616
22 39   0.497616
22 40   0.497616
23 1   0.496411
23 2   0.496411
23 3   0.496411
23 4   0.496411
23 5   0.496411
23 6   0.496411
23 7   0.496411
23 8   0.496411
23 9   0.496411
23 10   0.496411
23 11   0.496411
23 12   0.496411
23 13   0.496411
23 14   0.496411
23 15   0.496411
23 16   0.496411
23 17   0.496411
23 18   0.496411
23 19   0.496411
23 20   0.496411
23 21   0.496411
23 22   0.496411
23 23   0.496411
23 24   0.496411
23 25   0.496411
23 26   0.496411
23 27   0.496411
23 28   0.496411
23 29   0.496411
23 30   0.496411
23 31   0.496411
23 32   0.496411
23 33   0.496411
23 34   0.496411
23 35   0.496411
23 36   0.496411
23 37   0.496411
23 38   0.496411
23 39   0.496411
23 40   0.496411
24 1   0.503062
24 2   0.503062
24 3   0.503062
24 4   0.503062
24 5   0.503062
24 6   0.503062
24 7   0.503062
24 8   0.503062
24 9   0.503062
24 10   0.503062
24 11   0.503062
24 12   0.503062
24 13   0.503062
24 14   0.503062
24 15   0.503062
24 16   0.503062
24 17   0.503062
24 18   0.503062
24 19   0.503062
24 20   0.503062
24 21   0.503062
24 22   0.503062
24 23   0.503062
24 24   0.503062
24 25   0.503062
24 26   0.503062
24 27   0.503062
24 28   0.503062
24 29   0.503062
24 30   0.503062
24 31   0.503062
24 32   0.503062
24 33   0.503062
24 34   0.503062
24 35   0.503062
24 36   0.503062
24 37   0.503062
24 38   0.503062
24 39   0.503062
24 40   0.503062
25 1   0.52125
25 2   0.52125
25 3   0.52125
25 4   0.52125
25 5   0.52125
25 6   0.52125
25 7   0.52125
25 8   0.52125
25 9   0.52125
25 10   0.52125
25 11   0.52125
25 12   0.52125
25 13   0.52125
25 14   0.52125
25 15   0.52125
25 16   0.52125
25 17   0.52125
25 18   0.52125
25 19   0.52125
25 20   0.52125
25 21   0.52125
25 22   0.52125
25 23   0.52125
25 24   0.52125
25 25   0.52125
25 26   0.52125
25 27   0.52125
25 28   0.52125
25 29   0.52125
25 30   0.52125
25 31   0.52125
25 32   0.52125
25 33   0.52125
25 34   0.52125
25 35   0.52125
25 36   0.52125
25 37   0.52125
25 38   0.52125
25 39   0.52125
25 40   0.52125
26 1   0.552802
26 2   0.552802
26 3   0.552802
26 4   0.552802
26 5   0.552802
26 6   0.552802
26 7   0.552802
26 8   0.552802
26 9   0.552802
26 10   0.552802
26 11   0.552802
26 12   0.552802
26 13   0.552802
26 14   0.552802
26 15   0.552802
26 16   0.552802
26 17   0.552802
26 18   0.552802
26 19   0.552802
26 20   0.552802
26 21   0.552802
26 22   0.552802
26 23   0.552802
26 24   0.552802
26 25   0.552802
26 26   0.552802
26 27   0.552802
26 28   0.552802
26 29   0.552802
26 30   0.552802
26 31   0.552802
26 32   0.552802
26 33   0.552802
26 34   0.552802
26 35   0.552802
26 36   0.552802
26 37   0.552802
26 38   0.552802
26 39   0.552802
26 40   0.552802
27 1   0.597408
27 2   0.597408
27 3   0.597408
27 4   0.597408
27 5   0.597408
27 6   0.597408
27 7   0.597408
27 8   0.597408
27 9   0.597408
27 10   0.597408
27 11   0.597408
27 12   0.597408
27 13   0.597408
27 14   0.597408
27 15   0.597408
27 16   0.597408
27 17   0.597408
27 18   0.597408
27 19   0.597408
27 20   0.597408
27 21   0.597408
27 22   0.597408
27 23   0.597408
27 24   0.597408
27 25   0.597408
27 26   0.597408
27 27   0.597408
27 28   0.597408
27 29   0.597408
27 30   0.597408
27 31   0.597408
27 32   0.597408
27 33   0.597408
27 34   0.597408
27 35   0.597408
27 36   0.597408
27 37   0.597408
27 38   0.597408
27 39   0.597408
27 40   0.597408
28 1   0.65268
28 2   0.65268
28 3   0.65268
28 4   0.65268
28 5   0.65268
28 6   0.65268
28 7   0.65268
28 8   0.65268
28 9   0.65268
28 10   0.65268
28 11   0.65268
28 12   0.65268
28 13   0.65268
28 14   0.65268
28 15   0.65268
28 16   0.65268
28 17   0.65268
28 18   0.65268
28 19   0.65268
28 20   0.65268
28 21   0.65268
28 22   0.65268
28 23   0.65268
28 24   0.65268
28 25   0.65268
28 26   0.65268
28 27   0.65268
28 28   0.65268
28 29   0.65268
28 30   0.65268
28 31   0.65268
28 32   0.65268
28 33   0.65268
28 34   0.65268
28 35   0.65268
28 36   0.65268
28 37   0.65268
28 38   0.65268
28 39   0.65268
28 40   0.65268
29 1   0.714419
29 2   0.714419
29 3   0.714419
29 4   0.714419
29 5   0.714419
29 6   0.714419
29 7   0.714419
29 8   0.714419
29 9   0.714419
29 10   0.714419
29 11   0.714419
29 12   0.714419
29 13   0.714419
29 14   0.714419
29 15   0.714419
29 16   0.714419
29 17   0.714419
29 18   0.714419
29 19   0.714419
29 20   0.714419
29 21   0.714419
29 22   0.714419
29 23   0.714419
29 24   0.714419
29 25   0.714419
29 26   0.714419
29 27   0.714419
29 28   0.714419
29 29   0.714419
29 30   0.714419
29 31   0.714419
29 32   0.714419
29 33   0.714419
29 34   0.714419
29 35   0.714419
29 36   0.714419
29 37   0.714419
29 38   0.714419
29 39   0.714419
29 40   0.714419
30 1   0.777038
30 2   0.777038
30 3   0.777038
30 4   0.777038
30 5   0.777038
30 6   0.777038
30 7   0.777038
30 8   0.777038
30 9   0.777038
30 10   0.777038
30 11   0.777038
30 12   0.777038
30 13   0.777038
30 14   0.777038
30 15   0.777038
30 16   0.777038
30 17   0.777038
30 18   0.777038
30 19   0.777038
30 20   0.777038
30 21   0.777038
30 22   0.777038
30 23   0.777038
30 24   0.777038
30 25   0.777038
30 26   0.777038
30 27   0.777038
30 28   0.777038
30 29   0.777038
30 30   0.777038
30 31   0.777038
30 32   0.777038
30 33   0.777038
30 34   0.777038
30 35   0.777038
30 36   0.777038
30 37   0.777038
30 38   0.777038
30 39   0.777038
30 40   0.777038
31 1   0.834367
31 2   0.834367
31 3   0.834367
31 4   0.834367
31 5   0.834367
31 6   0.834367
31 7   0.834367
31 8   0.834367
31 9   0.834367
31 10   0.834367
31 11   0.834367
31 12   0.834367
31 13   0.834367
31 14   0.834367
31 15   0.834367
31 16   0.834367
31 17   0.834367
31 18   0.834367
31 19   0.834367
31 20   0.834367
31 21   0.834367
31 22   0.834367
31 23   0.834367
31 24   0.834367
31 25   0.834367
31 26   0.834367
31 27   0.834367
31 28   0.834367
31 29   0.834367
31 30   0.834367
31 31   0.834367
31 32   0.834367
31 33   0.834367
31 34   0.834367
31 35   0.834367
31 36   0.834367
31 37   0.834367
31 38   0.834367
31 39   0.834367
31 40   0.834367
32 1   0.88107
32 2   0.88107
32 3   0.88107
32 4   0.88107
32 5   0.88107
32 6   0.88107
32 7   0.88107
32 8   0.88107
32 9   0.88107
32 10   0.88107
32 11   0.88107
32 12   0.88107
32 13   0.88107
32 14   0.88107
32 15   0.88107
32 16   0.88107
32 17   0.88107
32 18   0.88107
32 19   0.88107
32 20   0.88107
32 21   0.88107
32 22   0.88107
32 23   0.88107
32 24   0.88107
32 25   0.88107
32 26   0.88107
32 27   0.88107
32 28   0.88107
32 29   0.88107
32 30   0.88107
32 31   0.88107
32 32   0.88107
32 33   0.88107
32 34   0.88107
32 35   0.88107
32 36   0.88107
32 37   0.88107
32 38   0.88107
32 39   0.88107
32 40   0.88107
33 1   0.914354
33 2   0.914354
33 3   0.914354
33 4   0.914354
33 5   0.914354
33 6   0.914354
33 7   0.914354
33 8   0.914354
33 9   0.914354
33 10   0.914354
33 11   0.914354
33 12   0.914354
33 13   0.914354
33 14   0.914354
33 15   0.914354
33 16   0.914354
33 17   0.914354
33 18   0.914354
33 19   0.914354
33 20   0.914354
33 21   0.914354
33 22   0.914354
33 23   0.914354
33 24   0.914354
33 25   0.914354
33 26   0.914354
33 27   0.914354
33 28   0.914354
33 29   0.914354
33 30   0.914354
33 31   0.914354
33 32   0.914354
33 33   0.914354
33 34   0.914354
33 35   0.914354
33 36   0.914354
33 37   0.914354
33 38   0.914354
33 39   0.914354
33 40   0.914354
34 1   0.935063
34 2   0.935063
34 3   0.935063
34 4   0.935063
34 5   0.935063
34 6   0.935063
34 7   0.935063
34 8   0.935063
34 9   0.935063
34 10   0.935063
34 11   0.935063
34 12   0.935063
34 13   0.935063
34 14   0.935063
34 15   0.935063
34 16   0.935063
34 17   0.935063
34 18   0.935063
34 19   0.935063
34 20   0.935063
34 21   0.935063
34 22   0.935063
34 23   0.935063
34 24   0.935063
34 25   0.935063
34 26   0.935063
34 27   0.935063
34 28   0.935063
34 29   0.935063
34 30   0.935063
34 31   0.935063
34 32   0.935063
34 33   0.935063
34 34   0.935063
34 35   0.935063
34 36   0.935063
34 37   0.935063
34 38   0.935063
34 39   0.935063
34 40   0.935063
35 1   0.947257
35 2   0.947257
35 3   0.947257
35 4   0.947257
35 5   0.947257
35 6   0.947257
35 7   0.947257
35 8   0.947257
35 9   0.947257
35 10   0.947257
35 11   0.947257
35 12   0.947257
35 13   0.947257
35 14   0.947257
35 15   0.947257
35 16   0.947257
35 17   0.947257
35 18   0.947257
35 19   0.947257
35 20   0.947257
35 21   0.947257
35 22   0.947257
35 23   0.947257
35 24   0.947257
35 25   0.947257
35 26   0.947257
35 27   0.947257
35 28   0.947257
35 29   0.947257
35 30   0.947257
35 31   0.947257
35 32   0.947257
35 33   0.947257
35 34   0.947257
35 35   0.947257
35 36   0.947257
35 37   0.947257
35 38   0.947257
35 39   0.947257
35 40   0.947257
36 1   0.956225
36 2   0.956225
36 3   0.956225
36 4   0.956225
36 5   0.956225
36 6   0.956225
36 7   0.956225
36 8   0.956225
36 9   0.956225
36 10   0.956225
36 11   0.956225
36 12   0.956225
36 13   0.956225
36 14   0.956225
36 15   0.956225
36 16   0.956225
36 17   0.956225
36 18   0.956225
36 19   0.956225
36 20   0.956225
36 21   0.956225
36 22   0.956225
36 23   0.956225
36 24   0.956225
36 25   0.956225
36 26   0.956225
36 27   0.956225
36 28   0.956225
36 29   0.956225
36 30   0.956225
36 31   0.956225
36 32   0.956225
36 33   0.956225
36 34   0.956225
36 35   0.956225
36 36   0.956225
36 37   0.956225
36 38   0.956225
36 39   0.956225
36 40   0.956225
37 1   0.965933
37 2   0.965933
37 3   0.965933
37 4   0.965933
37 5   0.965933
37 6   0.965933
37 7   0.965933
37 8   0.965933
37 9   0.965933
37 10   0.965933
37 11   0.965933
37 12   0.965933
37 13   0.965933
37 14   0.965933
37 15   0.965933
37 16   0.965933
37 17   0.965933
37 18   0.965933
37 19   0.965933
37 20   0.965933
37 21   0.965933
37 22   0.965933
37 23   0.965933
37 24   0.965933
37 25   0.965933
37 26   0.965933
37 27   0.965933
37 28   0.965933
37 29   0.965933
37 30   0.965933
37 31   0.965933
37 32   0.965933
37 33   0.965933
37 34   0.965933
37 35   0.965933
37 36   0.965933
37 37   0.965933
37 38   0.965933
37 39   0.965933
37 40   0.965933
38 1   0.977273
38 2   0.977273
38 3   0.977273
38 4   0.977273
38 5   0.977273
38 6   0.977273
38 7   0.977273
38 8   0.977273
38 9   0.977273
38 10   0.977273
38 11   0.977273
38 12   0.977273
38 13   0.977273
38 14   0.977273
38 15   0.977273
38 16   0.977273
38 17   0.977273
38 18   0.977273
38 19   0.977273
38 20   0.977273
38 21   0.977273
38 22   0.977273
38 23   0.977273
38 24   0.977273
38 25   0.977273
38 26   0.977273
38 27   0.977273
38 28   0.977273
38 29   0.977273
38 30   0.977273
38 31   0.977273
38 32   0.977273
38 33   0.977273
38 34   0.977273
38 35   0.977273
38 36   0.977273
38 37   0.977273
38 38   0.977273
38 39   0.977273
38 40   0.977273
39 1   0.988071
39 2   0.988071
39 3   0.988071
39 4   0.988071
39 5   0.988071
39 6   0.988071
39 7   0.988071
39 8   0.988071
39 9   0.988071
39 10   0.988071
39 11   0.988071
39 12   0.988071
39 13   0.988071
39 14   0.988071
39 15   0.988071
39 16   0.988071
39 17   0.988071
39 18   0.988071
39 19   0.988071
39 20   0.988071
39 21   0.988071
39 22   0.988071
39 23   0.988071
39 24   0.988071
39 25   0.988071
39 26   0.988071
39 27   0.988071
39 28   0.988071
39 29   0.988071
39 30   0.988071
39 31   0.988071
39 32   0.988071
39 33   0.988071
39 34   0.988071
39 35   0.988071
39 36   0.988071
39 37   0.988071
39 38   0.988071
39 39   0.988071
39 40   0.988071
40 1   0.99477
40 2   0.99477
40 3   0.99477
40 4   0.99477
40 5   0.99477
40 6   0.99477
40 7   0.99477
40 8   0.99477
40 9   0.99477
40 10   0.99477
40 11   0.99477
40 12   0.99477
40 13   0.99477
40 14   0.99477
40 15   0.99477
40 16   0.99477
40 17   0.99477
40 18   0.99477
40 19   0.99477
40 20   0.99477
40 21   0.99477
40 22   0.99477
40 23   0.99477
40 24   0.99477
40 25   0.99477
40 26   0.99477
40 27   0.99477
40 28   0.99477
40 29   0.99477
40 30   0.99477
40 31   0.99477
40 32   0.99477
40 33   0.99477
40 34   0.99477
40 35   0.99477
40 36   0.99477
40 37   0.99477
40 38   0.99477
40 39   0.99477
40 40   0.99477
