1 1   0.976339
1 2   0.976339
1 3   0.976339
1 4   0.976339
1 5   0.976339
1 6   0.976339
1 7   0.976339
1 8   0.976339
1 9   0.976339
1 10   0.976339
1 11   0.976339
1 12   0.976339
1 13   0.976339
1 14   0.976339
1 15   0.976339
1 16   0.976339
1 17   0.976339
1 18   0.976339
1 19   0.976339
1 20   0.976339
1 21   0.976339
1 22   0.976339
1 23   0.976339
1 24   0.976339
1 25   0.976339
1 26   0.976339
1 27   0.976339
1 28   0.976339
1 29   0.976339
1 30   0.976339
1 31   0.976339
1 32   0.976339
1 33   0.976339
1 34   0.976339
1 35   0.976339
1 36   0.976339
1 37   0.976339
1 38   0.976339
1 39   0.976339
1 40   0.976339
2 1   0.974574
2 2   0.974574
2 3   0.974574
2 4   0.974574
2 5   0.974574
2 6   0.974574
2 7   0.974574
2 8   0.974574
2 9   0.974574
2 10   0.974574
2 11   0.974574
2 12   0.974574
2 13   0.974574
2 14   0.974574
2 15   0.974574
2 16   0.974574
2 17   0.974574
2 18   0.974574
2 19   0.974574
2 20   0.974574
2 21   0.974574
2 22   0.974574
2 23   0.974574
2 24   0.974574
2 25   0.974574
2 26   0.974574
2 27   0.974574
2 28   0.974574
2 29   0.974574
2 30   0.974574
2 31   0.974574
2 32   0.974574
2 33   0.974574
2 34   0.974574
2 35   0.974574
2 36   0.974574
2 37   0.974574
2 38   0.974574
2 39   0.974574
2 40   0.974574
3 1   0.960528
3 2   0.960528
3 3   0.960528
3 4   0.960528
3 5   0.960528
3 6   0.960528
3 7   0.960528
3 8   0.960528
3 9   0.960528
3 10   0.960528
3 11   0.960528
3 12   0.960528
3 13   0.960528
3 14   0.960528
3 15   0.960528
3 16   0.960528
3 17   0.960528
3 18   0.960528
3 19   0.960528
3 20   0.960528
3 21   0.960528
3 22   0.960528
3 23   0.960528
3 24   0.960528
3 25   0.960528
3 26   0.960528
3 27   0.960528
3 28   0.960528
3 29   0.960528
3 30   0.960528
3 31   0.960528
3 32   0.960528
3 33   0.960528
3 34   0.960528
3 35   0.960528
3 36   0.960528
3 37   0.960528
3 38   0.960528
3 39   0.960528
3 40   0.960528
4 1   0.92769
4 2   0.92769
4 3   0.92769
4 4   0.92769
4 5   0.92769
4 6   0.92769
4 7   0.92769
4 8   0.92769
4 9   0.92769
4 10   0.92769
4 11   0.92769
4 12   0.92769
4 13   0.92769
4 14   0.92769
4 15   0.92769
4 16   0.92769
4 17   0.92769
4 18   0.92769
4 19   0.92769
4 20   0.92769
4 21   0.92769
4 22   0.92769
4 23   0.92769
4 24   0.92769
4 25   0.92769
4 26   0.92769
4 27   0.92769
4 28   0.92769
4 29   0.92769
4 30   0.92769
4 31   0.92769
4 32   0.92769
4 33   0.92769
4 34   0.92769
4 35   0.92769
4 36   0.92769
4 37   0.92769
4 38   0.92769
4 39   0.92769
4 40   0.92769
5 1   0.881382
5 2   0.881382
5 3   0.881382
5 4   0.881382
5 5   0.881382
5 6   0.881382
5 7   0.881382
5 8   0.881382
5 9   0.881382
5 10   0.881382
5 11   0.881382
5 12   0.881382
5 13   0.881382
5 14   0.881382
5 15   0.881382
5 16   0.881382
5 17   0.881382
5 18   0.881382
5 19   0.881382
5 20   0.881382
5 21   0.881382
5 22   0.881382
5 23   0.881382
5 24   0.881382
5 25   0.881382
5 26   0.881382
5 27   0.881382
5 28   0.881382
5 29   0.881382
5 30   0.881382
5 31   0.881382
5 32   0.881382
5 33   0.881382
5 34   0.881382
5 35   0.881382
5 36   0.881382
5 37   0.881382
5 38   0.881382
5 39   0.881382
5 40   0.881382
6 1   0.826946
6 2   0.826946
6 3   0.826946
6 4   0.826946
6 5   0.826946
6 6   0.826946
6 7   0.826946
6 8   0.826946
6 9   0.826946
6 10   0.826946
6 11   0.826946
6 12   0.826946
6 13   0.826946
6 14   0.826946
6 15   0.826946
6 16   0.826946
6 17   0.826946
6 18   0.826946
6 19   0.826946
6 20   0.826946
6 21   0.826946
6 22   0.826946
6 23   0.826946
6 24   0.826946
6 25   0.826946
6 26   0.826946
6 27   0.826946
6 28   0.826946
6 29   0.826946
6 30   0.826946
6 31   0.826946
6 32   0.826946
6 33   0.826946
6 34   0.826946
6 35   0.826946
6 36   0.826946
6 37   0.826946
6 38   0.826946
6 39   0.826946
6 40   0.826946
7 1   0.759545
7 2   0.759545
7 3   0.759545
7 4   0.759545
7 5   0.759545
7 6   0.759545
7 7   0.759545
7 8   0.759545
7 9   0.759545
7 10   0.759545
7 11   0.759545
7 12   0.759545
7 13   0.759545
7 14   0.759545
7 15   0.759545
7 16   0.759545
7 17   0.759545
7 18   0.759545
7 19   0.759545
7 20   0.759545
7 21   0.759545
7 22   0.759545
7 23   0.759545
7 24   0.759545
7 25   0.759545
7 26   0.759545
7 27   0.759545
7 28   0.759545
7 29   0.759545
7 30   0.759545
7 31   0.759545
7 32   0.759545
7 33   0.759545
7 34   0.759545
7 35   0.759545
7 36   0.759545
7 37   0.759545
7 38   0.759545
7 39   0.759545
7 40   0.759545
8 1   0.674873
8 2   0.674873
8 3   0.674873
8 4   0.674873
8 5   0.674873
8 6   0.674873
8 7   0.674873
8 8   0.674873
8 9   0.674873
8 10   0.674873
8 11   0.674873
8 12   0.674873
8 13   0.674873
8 14   0.674873
8 15   0.674873
8 16   0.674873
8 17   0.674873
8 18   0.674873
8 19   0.674873
8 20   0.674873
8 21   0.674873
8 22   0.674873
8 23   0.674873
8 24   0.674873
8 25   0.674873
8 26   0.674873
8 27   0.674873
8 28   0.674873
8 29   0.674873
8 30   0.674873
8 31   0.674873
8 32   0.674873
8 33   0.674873
8 34   0.674873
8 35   0.674873
8 36   0.674873
8 37   0.674873
8 38   0.674873
8 39   0.674873
8 40   0.674873
9 1   0.581303
9 2   0.581303
9 3   0.581303
9 4   0.581303
9 5   0.581303
9 6   0.581303
9 7   0.581303
9 8   0.581303
9 9   0.581303
9 10   0.581303
9 11   0.581303
9 12   0.581303
9 13   0.581303
9 14   0.581303
9 15   0.581303
9 16   0.581303
9 17   0.581303
9 18   0.581303
9 19   0.581303
9 20   0.581303
9 21   0.581303
9 22   0.581303
9 23   0.581303
9 24   0.581303
9 25   0.581303
9 26   0.581303
9 27   0.581303
9 28   0.581303
9 29   0.581303
9 30   0.581303
9 31   0.581303
9 32   0.581303
9 33   0.581303
9 34   0.581303
9 35   0.581303
9 36   0.581303
9 37   0.581303
9 38   0.581303
9 39   0.581303
9 40   0.581303
10 1   0.497416
10 2   0.497416
10 3   0.497416
10 4   0.497416
10 5   0.497416
10 6   0.497416
10 7   0.497416
10 8   0.497416
10 9   0.497416
10 10   0.497416
10 11   0.497416
10 12   0.497416
10 13   0.497416
10 14   0.497416
10 15   0.497416
10 16   0.497416
10 17   0.497416
10 18   0.497416
10 19   0.497416
10 20   0.497416
10 21   0.497416
10 22   0.497416
10 23   0.497416
10 24   0.497416
10 25   0.497416
10 26   0.497416
10 27   0.497416
10 28   0.497416
10 29   0.497416
10 30   0.497416
10 31   0.497416
10 32   0.497416
10 33   0.497416
10 34   0.497416
10 35   0.497416
10 36   0.497416
10 37   0.497416
10 38   0.497416
10 39   0.497416
10 40   0.497416
11 1   0.442787
11 2   0.442787
11 3   0.442787
11 4   0.442787
11 5   0.442787
11 6   0.442787
11 7   0.442787
11 8   0.442787
11 9   0.442787
11 10   0.442787
11 11   0.442787
11 12   0.442787
11 13   0.442787
11 14   0.442787
11 15   0.442787
11 16   0.442787
11 17   0.442787
11 18   0.442787
11 19   0.442787
11 20   0.442787
11 21   0.442787
11 22   0.442787
11 23   0.442787
11 24   0.442787
11 25   0.442787
11 26   0.442787
11 27   0.442787
11 28   0.442787
11 29   0.442787
11 30   0.442787
11 31   0.442787
11 32   0.442787
11 33   0.442787
11 34   0.442787
11 35   0.442787
11 36   0.442787
11 37   0.442787
11 38   0.442787
11 39   0.442787
11 40   0.442787
12 1   0.428157
12 2   0.428157
12 3   0.428157
12 4   0.428157
12 5   0.428157
12 6   0.428157
12 7   0.428157
12 8   0.428157
12 9   0.428157
12 10   0.428157
12 11   0.428157
12 12   0.428157
12 13   0.428157
12 14   0.428157
12 15   0.428157
12 16   0.428157
12 17   0.428157
12 18   0.428157
12 19   0.428157
12 20   0.428157
12 21   0.428157
12 22   0.428157
12 23   0.428157
12 24   0.428157
12 25   0.428157
12 26   0.428157
12 27   0.428157
12 28   0.428157
12 29   0.428157
12 30   0.428157
12 31   0.428157
12 32   0.428157
12 33   0.428157
12 34   0.428157
12 35   0.428157
12 36   0.428157
12 37   0.428157
12 38   0.428157
12 39   0.428157
12 40   0.428157
13 1   0.446258
13 2   0.446258
13 3   0.446258
13 4   0.446258
13 5   0.446258
13 6   0.446258
13 7   0.446258
13 8   0.446258
13 9   0.446258
13 10   0.446258
13 11   0.446258
13 12   0.446258
13 13   0.446258
13 14   0.446258
13 15   0.446258
13 16   0.446258
13 17   0.446258
13 18   0.446258
13 19   0.446258
13 20   0.446258
13 21   0.446258
13 22   0.446258
13 23   0.446258
13 24   0.446258
13 25   0.446258
13 26   0.446258
13 27   0.446258
13 28   0.446258
13 29   0.446258
13 30   0.446258
13 31   0.446258
13 32   0.446258
13 33   0.446258
13 34   0.446258
13 35   0.446258
13 36   0.446258
13 37   0.446258
13 38   0.446258
13 39   0.446258
13 40   0.446258
14 1   0.476234
14 2   0.476234
14 3   0.476234
14 4   0.476234
14 5   0.476234
14 6   0.476234
14 7   0.476234
14 8   0.476234
14 9   0.476234
14 10   0.476234
14 11   0.476234
14 12   0.476234
14 13   0.476234
14 14   0.476234
14 15   0.476234
14 16   0.476234
14 17   0.476234
14 18   0.476234
14 19   0.476234
14 20   0.476234
14 21   0.476234
14 22   0.476234
14 23   0.476234
14 24   0.476234
14 25   0.476234
14 26   0.476234
14 27   0.476234
14 28   0.476234
14 29   0.476234
14 30   0.476234
14 31   0.476234
14 32   0.476234
14 33   0.476234
14 34   0.476234
14 35   0.476234
14 36   0.476234
14 37   0.476234
14 38   0.476234
14 39   0.476234
14 40   0.476234
15 1   0.501852
15 2   0.501852
15 3   0.501852
15 4   0.501852
15 5   0.501852
15 6   0.501852
15 7   0.501852
15 8   0.501852
15 9   0.501852
15 10   0.501852
15 11   0.501852
15 12   0.501852
15 13   0.501852
15 14   0.501852
15 15   0.501852
15 16   0.501852
15 17   0.501852
15 18   0.501852
15 19   0.501852
15 20   0.501852
15 21   0.501852
15 22   0.501852
15 23   0.501852
15 24   0.501852
15 25   0.501852
15 26   0.501852
15 27   0.501852
15 28   0.501852
15 29   0.501852
15 30   0.501852
15 31   0.501852
15 32   0.501852
15 33   0.501852
15 34   0.501852
15 35   0.501852
15 36   0.501852
15 37   0.501852
15 38   0.501852
15 39   0.501852
15 40   0.501852
16 1   0.519354
16 2   0.519354
16 3   0.519354
16 4   0.519354
16 5   0.519354
16 6   0.519354
16 7   0.519354
16 8   0.519354
16 9   0.519354
16 10   0.519354
16 11   0.519354
16 12   0.519354
16 13   0.519354
16 14   0.519354
16 15   0.519354
16 16   0.519354
16 17   0.519354
16 18   0.519354
16 19   0.519354
16 20   0.519354
16 21   0.519354
16 22   0.519354
16 23   0.519354
16 24   0.519354
16 25   0.519354
16 26   0.519354
16 27   0.519354
16 28   0.519354
16 29   0.519354
16 30   0.519354
16 31   0.519354
16 32   0.519354
16 33   0.519354
16 34   0.519354
16 35   0.519354
16 36   0.519354
16 37   0.519354
16 38   0.519354
16 39   0.519354
16 40   0.519354
17 1   0.528017
17 2   0.528017
17 3   0.528017
17 4   0.528017
17 5   0.528017
17 6   0.528017
17 7   0.528017
17 8   0.528017
17 9   0.528017
17 10   0.528017
17 11   0.528017
17 12   0.528017
17 13   0.528017
17 14   0.528017
17 15   0.528017
17 16   0.528017
17 17   0.528017
17 18   0.528017
17 19   0.528017
17 20   0.528017
17 21   0.528017
17 22   0.528017
17 23   0.528017
17 24   0.528017
17 25   0.528017
17 26   0.528017
17 27   0.528017
17 28   0.528017
17 29   0.528017
17 30   0.528017
17 31   0.528017
17 32   0.528017
17 33   0.528017
17 34   0.528017
17 35   0.528017
17 36   0.528017
17 37   0.528017
17 38   0.528017
17 39   0.528017
17 40   0.528017
18 1   0.524265
18 2   0.524265
18 3   0.524265
18 4   0.524265
18 5   0.524265
18 6   0.524265
18 7   0.524265
18 8   0.524265
18 9   0.524265
18 10   0.524265
18 11   0.524265
18 12   0.524265
18 13   0.524265
18 14   0.524265
18 15   0.524265
18 16   0.524265
18 17   0.524265
18 18   0.524265
18 19   0.524265
18 20   0.524265
18 21   0.524265
18 22   0.524265
18 23   0.524265
18 24   0.524265
18 25   0.524265
18 26   0.524265
18 27   0.524265
18 28   0.524265
18 29   0.524265
18 30   0.524265
18 31   0.524265
18 32   0.524265
18 33   0.524265
18 34   0.524265
18 35   0.524265
18 36   0.524265
18 37   0.524265
18 38   0.524265
18 39   0.524265
18 40   0.524265
19 1   0.509242
19 2   0.509242
19 3   0.509242
19 4   0.509242
19 5   0.509242
19 6   0.509242
19 7   0.509242
19 8   0.509242
19 9   0.509242
19 10   0.509242
19 11   0.509242
19 12   0.509242
19 13   0.509242
19 14   0.509242
19 15   0.509242
19 16   0.509242
19 17   0.509242
19 18   0.509242
19 19   0.509242
19 20   0.509242
19 21   0.509242
19 22   0.509242
19 23   0.509242
19 24   0.509242
19 25   0.509242
19 26   0.509242
19 27   0.509242
19 28   0.509242
19 29   0.509242
19 30   0.509242
19 31   0.509242
19 32   0.509242
19 33   0.509242
19 34   0.509242
19 35   0.509242
19 36   0.509242
19 37   0.509242
19 38   0.509242
19 39   0.509242
19 40   0.509242
20 1   0.490614
20 2   0.490614
20 3   0.490614
20 4   0.490614
20 5   0.490614
20 6   0.490614
20 7   0.490614
20 8   0.490614
20 9   0.490614
20 10   0.490614
20 11   0.490614
20 12   0.490614
20 13   0.490614
20 14   0.490614
20 15   0.490614
20 16   0.490614
20 17   0.490614
20 18   0.490614
20 19   0.490614
20 20   0.490614
20 21   0.490614
20 22   0.490614
20 23   0.490614
20 24   0.490614
20 25   0.490614
20 26   0.490614
20 27   0.490614
20 28   0.490614
20 29   0.490614
20 30   0.490614
20 31   0.490614
20 32   0.490614
20 33   0.490614
20 34   0.490614
20 35   0.490614
20 36   0.490614
20 37   0.490614
20 38   0.490614
20 39   0.490614
20 40   0.490614
21 1   0.476216
21 2   0.476216
21 3   0.476216
21 4   0.476216
21 5   0.476216
21 6   0.476216
21 7   0.476216
21 8   0.476216
21 9   0.476216
21 10   0.476216
21 11   0.476216
21 12   0.476216
21 13   0.476216
21 14   0.476216
21 15   0.476216
21 16   0.476216
21 17   0.476216
21 18   0.476216
21 19   0.476216
21 20   0.476216
21 21   0.476216
21 22   0.476216
21 23   0.476216
21 24   0.476216
21 25   0.476216
21 26   0.476216
21 27   0.476216
21 28   0.476216
21 29   0.476216
21 30   0.476216
21 31   0.476216
21 32   0.476216
21 33   0.476216
21 34   0.476216
21 35   0.476216
21 36   0.476216
21 37   0.476216
21 38   0.476216
21 39   0.476216
21 40   0.476216
22 1   0.472155
22 2   0.472155
22 3   0.472155
22 4   0.472155
22 5   0.472155
22 6   0.472155
22 7   0.472155
22 8   0.472155
22 9   0.472155
22 10   0.472155
22 11   0.472155
22 12   0.472155
22 13   0.472155
22 14   0.472155
22 15   0.472155
22 16   0.472155
22 17   0.472155
22 18   0.472155
22 19   0.472155
22 20   0.472155
22 21   0.472155
22 22   0.472155
22 23   0.472155
22 24   0.472155
22 25   0.472155
22 26   0.472155
22 27   0.472155
22 28   0.472155
22 29   0.472155
22 30   0.472155
22 31   0.472155
22 32   0.472155
22 33   0.472155
22 34   0.472155
22 35   0.472155
22 36   0.472155
22 37   0.472155
22 38   0.472155
22 39   0.472155
22 40   0.472155
23 1   0.480259
23 2   0.480259
23 3   0.480259
23 4   0.480259
23 5   0.480259
23 6   0.480259
23 7   0.480259
23 8   0.480259
23 9   0.480259
23 10   0.480259
23 11   0.480259
23 12   0.480259
23 13   0.480259
23 14   0.480259
23 15   0.480259
23 16   0.480259
23 17   0.480259
23 18   0.480259
23 19   0.480259
23 20   0.480259
23 21   0.480259
23 22   0.480259
23 23   0.480259
23 24   0.480259
23 25   0.480259
23 26   0.480259
23 27   0.480259
23 28   0.480259
23 29   0.480259
23 30   0.480259
23 31   0.480259
23 32   0.480259
23 33   0.480259
23 34   0.480259
23 35   0.480259
23 36   0.480259
23 37   0.480259
23 38   0.480259
23 39   0.480259
23 40   0.480259
24 1   0.498424
24 2   0.498424
24 3   0.498424
24 4   0.498424
24 5   0.498424
24 6   0.498424
24 7   0.498424
24 8   0.498424
24 9   0.498424
24 10   0.498424
24 11   0.498424
24 12   0.498424
24 13   0.498424
24 14   0.498424
24 15   0.498424
24 16   0.498424
24 17   0.498424
24 18   0.498424
24 19   0.498424
24 20   0.498424
24 21   0.498424
24 22   0.498424
24 23   0.498424
24 24   0.498424
24 25   0.498424
24 26   0.498424
24 27   0.498424
24 28   0.498424
24 29   0.498424
24 30   0.498424
24 31   0.498424
24 32   0.498424
24 33   0.498424
24 34   0.498424
24 35   0.498424
24 36   0.498424
24 37   0.498424
24 38   0.498424
24 39   0.498424
24 40   0.498424
25 1   0.524347
25 2   0.524347
25 3   0.524347
25 4   0.524347
25 5   0.524347
25 6   0.524347
25 7   0.524347
25 8   0.524347
25 9   0.524347
25 10   0.524347
25 11   0.524347
25 12   0.524347
25 13   0.524347
25 14   0.524347
25 15   0.524347
25 16   0.524347
25 17   0.524347
25 18   0.524347
25 19   0.524347
25 20   0.524347
25 21   0.524347
25 22   0.524347
25 23   0.524347
25 24   0.524347
25 25   0.524347
25 26   0.524347
25 27   0.524347
25 28   0.524347
25 29   0.524347
25 30   0.524347
25 31   0.524347
25 32   0.524347
25 33   0.524347
25 34   0.524347
25 35   0.524347
25 36   0.524347
25 37   0.524347
25 38   0.524347
25 39   0.524347
25 40   0.524347
26 1   0.553447
26 2   0.553447
26 3   0.553447
26 4   0.553447
26 5   0.553447
26 6   0.553447
26 7   0.553447
26 8   0.553447
26 9   0.553447
26 10   0.553447
26 11   0.553447
26 12   0.553447
26 13   0.553447
26 14   0.553447
26 15   0.553447
26 16   0.553447
26 17   0.553447
26 18   0.553447
26 19   0.553447
26 20   0.553447
26 21   0.553447
26 22   0.553447
26 23   0.553447
26 24   0.553447
26 25   0.553447
26 26   0.553447
26 27   0.553447
26 28   0.553447
26 29   0.553447
26 30   0.553447
26 31   0.553447
26 32   0.553447
26 33   0.553447
26 34   0.553447
26 35   0.553447
26 36   0.553447
26 37   0.553447
26 38   0.553447
26 39   0.553447
26 40   0.553447
27 1   0.571514
27 2   0.571514
27 3   0.571514
27 4   0.571514
27 5   0.571514
27 6   0.571514
27 7   0.571514
27 8   0.571514
27 9   0.571514
27 10   0.571514
27 11   0.571514
27 12   0.571514
27 13   0.571514
27 14   0.571514
27 15   0.571514
27 16   0.571514
27 17   0.571514
27 18   0.571514
27 19   0.571514
27 20   0.571514
27 21   0.571514
27 22   0.571514
27 23   0.571514
27 24   0.571514
27 25   0.571514
27 26   0.571514
27 27   0.571514
27 28   0.571514
27 29   0.571514
27 30   0.571514
27 31   0.571514
27 32   0.571514
27 33   0.571514
27 34   0.571514
27 35   0.571514
27 36   0.571514
27 37   0.571514
27 38   0.571514
27 39   0.571514
27 40   0.571514
28 1   0.55793
28 2   0.55793
28 3   0.55793
28 4   0.55793
28 5   0.55793
28 6   0.55793
28 7   0.55793
28 8   0.55793
28 9   0.55793
28 10   0.55793
28 11   0.55793
28 12   0.55793
28 13   0.55793
28 14   0.55793
28 15   0.55793
28 16   0.55793
28 17   0.55793
28 18   0.55793
28 19   0.55793
28 20   0.55793
28 21   0.55793
28 22   0.55793
28 23   0.55793
28 24   0.55793
28 25   0.55793
28 26   0.55793
28 27   0.55793
28 28   0.55793
28 29   0.55793
28 30   0.55793
28 31   0.55793
28 32   0.55793
28 33   0.55793
28 34   0.55793
28 35   0.55793
28 36   0.55793
28 37   0.55793
28 38   0.55793
28 39   0.55793
28 40   0.55793
29 1   0.502949
29 2   0.502949
29 3   0.502949
29 4   0.502949
29 5   0.502949
29 6   0.502949
29 7   0.502949
29 8   0.502949
29 9   0.502949
29 10   0.502949
29 11   0.502949
29 12   0.502949
29 13   0.502949
29 14   0.502949
29 15   0.502949
29 16   0.502949
29 17   0.502949
29 18   0.502949
29 19   0.502949
29 20   0.502949
29 21   0.502949
29 22   0.502949
29 23   0.502949
29 24   0.502949
29 25   0.502949
29 26   0.502949
29 27   0.502949
29 28   0.502949
29 29   0.502949
29 30   0.502949
29 31   0.502949
29 32   0.502949
29 33   0.502949
29 34   0.502949
29 35   0.502949
29 36   0.502949
29 37   0.502949
29 38   0.502949
29 39   0.502949
29 40   0.502949
30 1   0.418074
30 2   0.418074
30 3   0.418074
30 4   0.418074
30 5   0.418074
30 6   0.418074
30 7   0.418074
30 8   0.418074
30 9   0.418074
30 10   0.418074
30 11   0.418074
30 12   0.418074
30 13   0.418074
30 14   0.418074
30 15   0.418074
30 16   0.418074
30 17   0.418074
30 18   0.418074
30 19   0.418074
30 20   0.418074
30 21   0.418074
30 22   0.418074
30 23   0.418074
30 24   0.418074
30 25   0.418074
30 26   0.418074
30 27   0.418074
30 28   0.418074
30 29   0.418074
30 30   0.418074
30 31   0.418074
30 32   0.418074
30 33   0.418074
30 34   0.418074
30 35   0.418074
30 36   0.418074
30 37   0.418074
30 38   0.418074
30 39   0.418074
30 40   0.418074
31 1   0.325116
31 2   0.325116
31 3   0.325116
31 4   0.325116
31 5   0.325116
31 6   0.325116
31 7   0.325116
31 8   0.325116
31 9   0.325116
31 10   0.325116
31 11   0.325116
31 12   0.325116
31 13   0.325116
31 14   0.325116
31 15   0.325116
31 16   0.325116
31 17   0.325116
31 18   0.325116
31 19   0.325116
31 20   0.325116
31 21   0.325116
31 22   0.325116
31 23   0.325116
31 24   0.325116
31 25   0.325116
31 26   0.325116
31 27   0.325116
31 28   0.325116
31 29   0.325116
31 30   0.325116
31 31   0.325116
31 32   0.325116
31 33   0.325116
31 34   0.325116
31 35   0.325116
31 36   0.325116
31 37   0.325116
31 38   0.325116
31 39   0.325116
31 40   0.325116
32 1   0.241085
32 2   0.241085
32 3   0.241085
32 4   0.241085
32 5   0.241085
32 6   0.241085
32 7   0.241085
32 8   0.241085
32 9   0.241085
32 10   0.241085
32 11   0.241085
32 12   0.241085
32 13   0.241085
32 14   0.241085
32 15   0.241085
32 16   0.241085
32 17   0.241085
32 18   0.241085
32 19   0.241085
32 20   0.241085
32 21   0.241085
32 22   0.241085
32 23   0.241085
32 24   0.241085
32 25   0.241085
32 26   0.241085
32 27   0.241085
32 28   0.241085
32 29   0.241085
32 30   0.241085
32 31   0.241085
32 32   0.241085
32 33   0.241085
32 34   0.241085
32 35   0.241085
32 36   0.241085
32 37   0.241085
32 38   0.241085
32 39   0.241085
32 40   0.241085
33 1   0.173126
33 2   0.173126
33 3   0.173126
33 4   0.173126
33 5   0.173126
33 6   0.173126
33 7   0.173126
33 8   0.173126
33 9   0.173126
33 10   0.173126
33 11   0.173126
33 12   0.173126
33 13   0.173126
33 14   0.173126
33 15   0.173126
33 16   0.173126
33 17   0.173126
33 18   0.173126
33 19   0.173126
33 20   0.173126
33 21   0.173126
33 22   0.173126
33 23   0.173126
33 24   0.173126
33 25   0.173126
33 26   0.173126
33 27   0.173126
33 28   0.173126
33 29   0.173126
33 30   0.173126
33 31   0.173126
33 32   0.173126
33 33   0.173126
33 34   0.173126
33 35   0.173126
33 36   0.173126
33 37   0.173126
33 38   0.173126
33 39   0.173126
33 40   0.173126
34 1   0.118009
34 2   0.118009
34 3   0.118009
34 4   0.118009
34 5   0.118009
34 6   0.118009
34 7   0.118009
34 8   0.118009
34 9   0.118009
34 10   0.118009
34 11   0.118009
34 12   0.118009
34 13   0.118009
34 14   0.118009
34 15   0.118009
34 16   0.118009
34 17   0.118009
34 18   0.118009
34 19   0.118009
34 20   0.118009
34 21   0.118009
34 22   0.118009
34 23   0.118009
34 24   0.118009
34 25   0.118009
34 26   0.118009
34 27   0.118009
34 28   0.118009
34 29   0.118009
34 30   0.118009
34 31   0.118009
34 32   0.118009
34 33   0.118009
34 34   0.118009
34 35   0.118009
34 36   0.118009
34 37   0.118009
34 38   0.118009
34 39   0.118009
34 40   0.118009
35 1   0.0713565
35 2   0.0713565
35 3   0.0713565
35 4   0.0713565
35 5   0.0713565
35 6   0.0713565
35 7   0.0713565
35 8   0.0713565
35 9   0.0713565
35 10   0.0713565
35 11   0.0713565
35 12   0.0713565
35 13   0.0713565
35 14   0.0713565
35 15   0.0713565
35 16   0.0713565
35 17   0.0713565
35 18   0.0713565
35 19   0.0713565
35 20   0.0713565
35 21   0.0713565
35 22   0.0713565
35 23   0.0713565
35 24   0.0713565
35 25   0.0713565
35 26   0.0713565
35 27   0.0713565
35 28   0.0713565
35 29   0.0713565
35 30   0.0713565
35 31   0.0713565
35 32   0.0713565
35 33   0.0713565
35 34   0.0713565
35 35   0.0713565
35 36   0.0713565
35 37   0.0713565
35 38   0.0713565
35 39   0.0713565
35 40   0.0713565
36 1   0.0380283
36 2   0.0380283
36 3   0.0380283
36 4   0.0380283
36 5   0.0380283
36 6   0.0380283
36 7   0.0380283
36 8   0.0380283
36 9   0.0380283
36 10   0.0380283
36 11   0.0380283
36 12   0.0380283
36 13   0.0380283
36 14   0.0380283
36 15   0.0380283
36 16   0.0380283
36 17   0.0380283
36 18   0.0380283
36 19   0.0380283
36 20   0.0380283
36 21   0.0380283
36 22   0.0380283
36 23   0.0380283
36 24   0.0380283
36 25   0.0380283
36 26   0.0380283
36 27   0.0380283
36 28   0.0380283
36 29   0.0380283
36 30   0.0380283
36 31   0.0380283
36 32   0.0380283
36 33   0.0380283
36 34   0.0380283
36 35   0.0380283
36 36   0.0380283
36 37   0.0380283
36 38   0.0380283
36 39   0.0380283
36 40   0.0380283
37 1   0.0230275
37 2   0.0230275
37 3   0.0230275
37 4   0.0230275
37 5   0.0230275
37 6   0.0230275
37 7   0.0230275
37 8   0.0230275
37 9   0.0230275
37 10   0.0230275
37 11   0.0230275
37 12   0.0230275
37 13   0.0230275
37 14   0.0230275
37 15   0.0230275
37 16   0.0230275
37 17   0.0230275
37 18   0.0230275
37 19   0.0230275
37 20   0.0230275
37 21   0.0230275
37 22   0.0230275
37 23   0.0230275
37 24   0.0230275
37 25   0.0230275
37 26   0.0230275
37 27   0.0230275
37 28   0.0230275
37 29   0.0230275
37 30   0.0230275
37 31   0.0230275
37 32   0.0230275
37 33   0.0230275
37 34   0.0230275
37 35   0.0230275
37 36   0.0230275
37 37   0.0230275
37 38   0.0230275
37 39   0.0230275
37 40   0.0230275
38 1   0.0175948
38 2   0.0175948
38 3   0.0175948
38 4   0.0175948
38 5   0.0175948
38 6   0.0175948
38 7   0.0175948
38 8   0.0175948
38 9   0.0175948
38 10   0.0175948
38 11   0.0175948
38 12   0.0175948
38 13   0.0175948
38 14   0.0175948
38 15   0.0175948
38 16   0.0175948
38 17   0.0175948
38 18   0.0175948
38 19   0.0175948
38 20   0.0175948
38 21   0.0175948
38 22   0.0175948
38 23   0.0175948
38 24   0.0175948
38 25   0.0175948
38 26   0.0175948
38 27   0.0175948
38 28   0.0175948
38 29   0.0175948
38 30   0.0175948
38 31   0.0175948
38 32   0.0175948
38 33   0.0175948
38 34   0.0175948
38 35   0.0175948
38 36   0.0175948
38 37   0.0175948
38 38   0.0175948
38 39   0.0175948
38 40   0.0175948
39 1   0.00997266
39 2   0.00997266
39 3   0.00997266
39 4   0.00997266
39 5   0.00997266
39 6   0.00997266
39 7   0.00997266
39 8   0.00997266
39 9   0.00997266
39 10   0.00997266
39 11   0.00997266
39 12   0.00997266
39 13   0.00997266
39 14   0.00997266
39 15   0.00997266
39 16   0.00997266
39 17   0.00997266
39 18   0.00997266
39 19   0.00997266
39 20   0.00997266
39 21   0.00997266
39 22   0.00997266
39 23   0.00997266
39 24   0.00997266
39 25   0.00997266
39 26   0.00997266
39 27   0.00997266
39 28   0.00997266
39 29   0.00997266
39 30   0.00997266
39 31   0.00997266
39 32   0.00997266
39 33   0.00997266
39 34   0.00997266
39 35   0.00997266
39 36   0.00997266
39 37   0.00997266
39 38   0.00997266
39 39   0.00997266
39 40   0.00997266
40 1   0.00209774
40 2   0.00209774
40 3   0.00209774
40 4   0.00209774
40 5   0.00209774
40 6   0.00209774
40 7   0.00209774
40 8   0.00209774
40 9   0.00209774
40 10   0.00209774
40 11   0.00209774
40 12   0.00209774
40 13   0.00209774
40 14   0.00209774
40 15   0.00209774
40 16   0.00209774
40 17   0.00209774
40 18   0.00209774
40 19   0.00209774
40 20   0.00209774
40 21   0.00209774
40 22   0.00209774
40 23   0.00209774
40 24   0.00209774
40 25   0.00209774
40 26   0.00209774
40 27   0.00209774
40 28   0.00209774
40 29   0.00209774
40 30   0.00209774
40 31   0.00209774
40 32   0.00209774
40 33   0.00209774
40 34   0.00209774
40 35   0.00209774
40 36   0.00209774
40 37   0.00209774
40 38   0.00209774
40 39   0.00209774
40 40   0.00209774
