1 1   0.995466
1 2   0.995466
1 3   0.995466
1 4   0.995466
1 5   0.995466
1 6   0.995466
1 7   0.995466
1 8   0.995466
1 9   0.995466
1 10   0.995466
1 11   0.995466
1 12   0.995466
1 13   0.995466
1 14   0.995466
1 15   0.995466
1 16   0.995466
1 17   0.995466
1 18   0.995466
1 19   0.995466
1 20   0.995466
1 21   0.995466
1 22   0.995466
1 23   0.995466
1 24   0.995466
1 25   0.995466
1 26   0.995466
1 27   0.995466
1 28   0.995466
1 29   0.995466
1 30   0.995466
1 31   0.995466
1 32   0.995466
1 33   0.995466
1 34   0.995466
1 35   0.995466
1 36   0.995466
1 37   0.995466
1 38   0.995466
1 39   0.995466
1 40   0.995466
2 1   1.00083
2 2   1.00083
2 3   1.00083
2 4   1.00083
2 5   1.00083
2 6   1.00083
2 7   1.00083
2 8   1.00083
2 9   1.00083
2 10   1.00083
2 11   1.00083
2 12   1.00083
2 13   1.00083
2 14   1.00083
2 15   1.00083
2 16   1.00083
2 17   1.00083
2 18   1.00083
2 19   1.00083
2 20   1.00083
2 21   1.00083
2 22   1.00083
2 23   1.00083
2 24   1.00083
2 25   1.00083
2 26   1.00083
2 27   1.00083
2 28   1.00083
2 29   1.00083
2 30   1.00083
2 31   1.00083
2 32   1.00083
2 33   1.00083
2 34   1.00083
2 35   1.00083
2 36   1.00083
2 37   1.00083
2 38   1.00083
2 39   1.00083
2 40   1.00083
3 1   1.00777
3 2   1.00777
3 3   1.00777
3 4   1.00777
3 5   1.00777
3 6   1.00777
3 7   1.00777
3 8   1.00777
3 9   1.00777
3 10   1.00777
3 11   1.00777
3 12   1.00777
3 13   1.00777
3 14   1.00777
3 15   1.00777
3 16   1.00777
3 17   1.00777
3 18   1.00777
3 19   1.00777
3 20   1.00777
3 21   1.00777
3 22   1.00777
3 23   1.00777
3 24   1.00777
3 25   1.00777
3 26   1.00777
3 27   1.00777
3 28   1.00777
3 29   1.00777
3 30   1.00777
3 31   1.00777
3 32   1.00777
3 33   1.00777
3 34   1.00777
3 35   1.00777
3 36   1.00777
3 37   1.00777
3 38   1.00777
3 39   1.00777
3 40   1.00777
4 1   1.01065
4 2   1.01065
4 3   1.01065
4 4   1.01065
4 5   1.01065
4 6   1.01065
4 7   1.01065
4 8   1.01065
4 9   1.01065
4 10   1.01065
4 11   1.01065
4 12   1.01065
4 13   1.01065
4 14   1.01065
4 15   1.01065
4 16   1.01065
4 17   1.01065
4 18   1.01065
4 19   1.01065
4 20   1.01065
4 21   1.01065
4 22   1.01065
4 23   1.01065
4 24   1.01065
4 25   1.01065
4 26   1.01065
4 27   1.01065
4 28   1.01065
4 29   1.01065
4 30   1.01065
4 31   1.01065
4 32   1.01065
4 33   1.01065
4 34   1.01065
4 35   1.01065
4 36   1.01065
4 37   1.01065
4 38   1.01065
4 39   1.01065
4 40   1.01065
5 1   1.00531
5 2   1.00531
5 3   1.00531
5 4   1.00531
5 5   1.00531
5 6   1.00531
5 7   1.00531
5 8   1.00531
5 9   1.00531
5 10   1.00531
5 11   1.00531
5 12   1.00531
5 13   1.00531
5 14   1.00531
5 15   1.00531
5 16   1.00531
5 17   1.00531
5 18   1.00531
5 19   1.00531
5 20   1.00531
5 21   1.00531
5 22   1.00531
5 23   1.00531
5 24   1.00531
5 25   1.00531
5 26   1.00531
5 27   1.00531
5 28   1.00531
5 29   1.00531
5 30   1.00531
5 31   1.00531
5 32   1.00531
5 33   1.00531
5 34   1.00531
5 35   1.00531
5 36   1.00531
5 37   1.00531
5 38   1.00531
5 39   1.00531
5 40   1.00531
6 1   0.992198
6 2   0.992198
6 3   0.992198
6 4   0.992198
6 5   0.992198
6 6   0.992198
6 7   0.992198
6 8   0.992198
6 9   0.992198
6 10   0.992198
6 11   0.992198
6 12   0.992198
6 13   0.992198
6 14   0.992198
6 15   0.992198
6 16   0.992198
6 17   0.992198
6 18   0.992198
6 19   0.992198
6 20   0.992198
6 21   0.992198
6 22   0.992198
6 23   0.992198
6 24   0.992198
6 25   0.992198
6 26   0.992198
6 27   0.992198
6 28   0.992198
6 29   0.992198
6 30   0.992198
6 31   0.992198
6 32   0.992198
6 33   0.992198
6 34   0.992198
6 35   0.992198
6 36   0.992198
6 37   0.992198
6 38   0.992198
6 39   0.992198
6 40   0.992198
7 1   0.977066
7 2   0.977066
7 3   0.977066
7 4   0.977066
7 5   0.977066
7 6   0.977066
7 7   0.977066
7 8   0.977066
7 9   0.977066
7 10   0.977066
7 11   0.977066
7 12   0.977066
7 13   0.977066
7 14   0.977066
7 15   0.977066
7 16   0.977066
7 17   0.977066
7 18   0.977066
7 19   0.977066
7 20   0.977066
7 21   0.977066
7 22   0.977066
7 23   0.977066
7 24   0.977066
7 25   0.977066
7 26   0.977066
7 27   0.977066
7 28   0.977066
7 29   0.977066
7 30   0.977066
7 31   0.977066
7 32   0.977066
7 33   0.977066
7 34   0.977066
7 35   0.977066
7 36   0.977066
7 37   0.977066
7 38   0.977066
7 39   0.977066
7 40   0.977066
8 1   0.968146
8 2   0.968146
8 3   0.968146
8 4   0.968146
8 5   0.968146
8 6   0.968146
8 7   0.968146
8 8   0.968146
8 9   0.968146
8 10   0.968146
8 11   0.968146
8 12   0.968146
8 13   0.968146
8 14   0.968146
8 15   0.968146
8 16   0.968146
8 17   0.968146
8 18   0.968146
8 19   0.968146
8 20   0.968146
8 21   0.968146
8 22   0.968146
8 23   0.968146
8 24   0.968146
8 25   0.968146
8 26   0.968146
8 27   0.968146
8 28   0.968146
8 29   0.968146
8 30   0.968146
8 31   0.968146
8 32   0.968146
8 33   0.968146
8 34   0.968146
8 35   0.968146
8 36   0.968146
8 37   0.968146
8 38   0.968146
8 39   0.968146
8 40   0.968146
9 1   0.9712
9 2   0.9712
9 3   0.9712
9 4   0.9712
9 5   0.9712
9 6   0.9712
9 7   0.9712
9 8   0.9712
9 9   0.9712
9 10   0.9712
9 11   0.9712
9 12   0.9712
9 13   0.9712
9 14   0.9712
9 15   0.9712
9 16   0.9712
9 17   0.9712
9 18   0.9712
9 19   0.9712
9 20   0.9712
9 21   0.9712
9 22   0.9712
9 23   0.9712
9 24   0.9712
9 25   0.9712
9 26   0.9712
9 27   0.9712
9 28   0.9712
9 29   0.9712
9 30   0.9712
9 31   0.9712
9 32   0.9712
9 33   0.9712
9 34   0.9712
9 35   0.9712
9 36   0.9712
9 37   0.9712
9 38   0.9712
9 39   0.9712
9 40   0.9712
10 1   0.985794
10 2   0.985794
10 3   0.985794
10 4   0.985794
10 5   0.985794
10 6   0.985794
10 7   0.985794
10 8   0.985794
10 9   0.985794
10 10   0.985794
10 11   0.985794
10 12   0.985794
10 13   0.985794
10 14   0.985794
10 15   0.985794
10 16   0.985794
10 17   0.985794
10 18   0.985794
10 19   0.985794
10 20   0.985794
10 21   0.985794
10 22   0.985794
10 23   0.985794
10 24   0.985794
10 25   0.985794
10 26   0.985794
10 27   0.985794
10 28   0.985794
10 29   0.985794
10 30   0.985794
10 31   0.985794
10 32   0.985794
10 33   0.985794
10 34   0.985794
10 35   0.985794
10 36   0.985794
10 37   0.985794
10 38   0.985794
10 39   0.985794
10 40   0.985794
11 1   1.00518
11 2   1.00518
11 3   1.00518
11 4   1.00518
11 5   1.00518
11 6   1.00518
11 7   1.00518
11 8   1.00518
11 9   1.00518
11 10   1.00518
11 11   1.00518
11 12   1.00518
11 13   1.00518
11 14   1.00518
11 15   1.00518
11 16   1.00518
11 17   1.00518
11 18   1.00518
11 19   1.00518
11 20   1.00518
11 21   1.00518
11 22   1.00518
11 23   1.00518
11 24   1.00518
11 25   1.00518
11 26   1.00518
11 27   1.00518
11 28   1.00518
11 29   1.00518
11 30   1.00518
11 31   1.00518
11 32   1.00518
11 33   1.00518
11 34   1.00518
11 35   1.00518
11 36   1.00518
11 37   1.00518
11 38   1.00518
11 39   1.00518
11 40   1.00518
12 1   1.01935
12 2   1.01935
12 3   1.01935
12 4   1.01935
12 5   1.01935
12 6   1.01935
12 7   1.01935
12 8   1.01935
12 9   1.01935
12 10   1.01935
12 11   1.01935
12 12   1.01935
12 13   1.01935
12 14   1.01935
12 15   1.01935
12 16   1.01935
12 17   1.01935
12 18   1.01935
12 19   1.01935
12 20   1.01935
12 21   1.01935
12 22   1.01935
12 23   1.01935
12 24   1.01935
12 25   1.01935
12 26   1.01935
12 27   1.01935
12 28   1.01935
12 29   1.01935
12 30   1.01935
12 31   1.01935
12 32   1.01935
12 33   1.01935
12 34   1.01935
12 35   1.01935
12 36   1.01935
12 37   1.01935
12 38   1.01935
12 39   1.01935
12 40   1.01935
13 1   1.01887
13 2   1.01887
13 3   1.01887
13 4   1.01887
13 5   1.01887
13 6   1.01887
13 7   1.01887
13 8   1.01887
13 9   1.01887
13 10   1.01887
13 11   1.01887
13 12   1.01887
13 13   1.01887
13 14   1.01887
13 15   1.01887
13 16   1.01887
13 17   1.01887
13 18   1.01887
13 19   1.01887
13 20   1.01887
13 21   1.01887
13 22   1.01887
13 23   1.01887
13 24   1.01887
13 25   1.01887
13 26   1.01887
13 27   1.01887
13 28   1.01887
13 29   1.01887
13 30   1.01887
13 31   1.01887
13 32   1.01887
13 33   1.01887
13 34   1.01887
13 35   1.01887
13 36   1.01887
13 37   1.01887
13 38   1.01887
13 39   1.01887
13 40   1.01887
14 1   0.997326
14 2   0.997326
14 3   0.997326
14 4   0.997326
14 5   0.997326
14 6   0.997326
14 7   0.997326
14 8   0.997326
14 9   0.997326
14 10   0.997326
14 11   0.997326
14 12   0.997326
14 13   0.997326
14 14   0.997326
14 15   0.997326
14 16   0.997326
14 17   0.997326
14 18   0.997326
14 19   0.997326
14 20   0.997326
14 21   0.997326
14 22   0.997326
14 23   0.997326
14 24   0.997326
14 25   0.997326
14 26   0.997326
14 27   0.997326
14 28   0.997326
14 29   0.997326
14 30   0.997326
14 31   0.997326
14 32   0.997326
14 33   0.997326
14 34   0.997326
14 35   0.997326
14 36   0.997326
14 37   0.997326
14 38   0.997326
14 39   0.997326
14 40   0.997326
15 1   0.951884
15 2   0.951884
15 3   0.951884
15 4   0.951884
15 5   0.951884
15 6   0.951884
15 7   0.951884
15 8   0.951884
15 9   0.951884
15 10   0.951884
15 11   0.951884
15 12   0.951884
15 13   0.951884
15 14   0.951884
15 15   0.951884
15 16   0.951884
15 17   0.951884
15 18   0.951884
15 19   0.951884
15 20   0.951884
15 21   0.951884
15 22   0.951884
15 23   0.951884
15 24   0.951884
15 25   0.951884
15 26   0.951884
15 27   0.951884
15 28   0.951884
15 29   0.951884
15 30   0.951884
15 31   0.951884
15 32   0.951884
15 33   0.951884
15 34   0.951884
15 35   0.951884
15 36   0.951884
15 37   0.951884
15 38   0.951884
15 39   0.951884
15 40   0.951884
16 1   0.882635
16 2   0.882635
16 3   0.882635
16 4   0.882635
16 5   0.882635
16 6   0.882635
16 7   0.882635
16 8   0.882635
16 9   0.882635
16 10   0.882635
16 11   0.882635
16 12   0.882635
16 13   0.882635
16 14   0.882635
16 15   0.882635
16 16   0.882635
16 17   0.882635
16 18   0.882635
16 19   0.882635
16 20   0.882635
16 21   0.882635
16 22   0.882635
16 23   0.882635
16 24   0.882635
16 25   0.882635
16 26   0.882635
16 27   0.882635
16 28   0.882635
16 29   0.882635
16 30   0.882635
16 31   0.882635
16 32   0.882635
16 33   0.882635
16 34   0.882635
16 35   0.882635
16 36   0.882635
16 37   0.882635
16 38   0.882635
16 39   0.882635
16 40   0.882635
17 1   0.791775
17 2   0.791775
17 3   0.791775
17 4   0.791775
17 5   0.791775
17 6   0.791775
17 7   0.791775
17 8   0.791775
17 9   0.791775
17 10   0.791775
17 11   0.791775
17 12   0.791775
17 13   0.791775
17 14   0.791775
17 15   0.791775
17 16   0.791775
17 17   0.791775
17 18   0.791775
17 19   0.791775
17 20   0.791775
17 21   0.791775
17 22   0.791775
17 23   0.791775
17 24   0.791775
17 25   0.791775
17 26   0.791775
17 27   0.791775
17 28   0.791775
17 29   0.791775
17 30   0.791775
17 31   0.791775
17 32   0.791775
17 33   0.791775
17 34   0.791775
17 35   0.791775
17 36   0.791775
17 37   0.791775
17 38   0.791775
17 39   0.791775
17 40   0.791775
18 1   0.683291
18 2   0.683291
18 3   0.683291
18 4   0.683291
18 5   0.683291
18 6   0.683291
18 7   0.683291
18 8   0.683291
18 9   0.683291
18 10   0.683291
18 11   0.683291
18 12   0.683291
18 13   0.683291
18 14   0.683291
18 15   0.683291
18 16   0.683291
18 17   0.683291
18 18   0.683291
18 19   0.683291
18 20   0.683291
18 21   0.683291
18 22   0.683291
18 23   0.683291
18 24   0.683291
18 25   0.683291
18 26   0.683291
18 27   0.683291
18 28   0.683291
18 29   0.683291
18 30   0.683291
18 31   0.683291
18 32   0.683291
18 33   0.683291
18 34   0.683291
18 35   0.683291
18 36   0.683291
18 37   0.683291
18 38   0.683291
18 39   0.683291
18 40   0.683291
19 1   0.563003
19 2   0.563003
19 3   0.563003
19 4   0.563003
19 5   0.563003
19 6   0.563003
19 7   0.563003
19 8   0.563003
19 9   0.563003
19 10   0.563003
19 11   0.563003
19 12   0.563003
19 13   0.563003
19 14   0.563003
19 15   0.563003
19 16   0.563003
19 17   0.563003
19 18   0.563003
19 19   0.563003
19 20   0.563003
19 21   0.563003
19 22   0.563003
19 23   0.563003
19 24   0.563003
19 25   0.563003
19 26   0.563003
19 27   0.563003
19 28   0.563003
19 29   0.563003
19 30   0.563003
19 31   0.563003
19 32   0.563003
19 33   0.563003
19 34   0.563003
19 35   0.563003
19 36   0.563003
19 37   0.563003
19 38   0.563003
19 39   0.563003
19 40   0.563003
20 1   0.438308
20 2   0.438308
20 3   0.438308
20 4   0.438308
20 5   0.438308
20 6   0.438308
20 7   0.438308
20 8   0.438308
20 9   0.438308
20 10   0.438308
20 11   0.438308
20 12   0.438308
20 13   0.438308
20 14   0.438308
20 15   0.438308
20 16   0.438308
20 17   0.438308
20 18   0.438308
20 19   0.438308
20 20   0.438308
20 21   0.438308
20 22   0.438308
20 23   0.438308
20 24   0.438308
20 25   0.438308
20 26   0.438308
20 27   0.438308
20 28   0.438308
20 29   0.438308
20 30   0.438308
20 31   0.438308
20 32   0.438308
20 33   0.438308
20 34   0.438308
20 35   0.438308
20 36   0.438308
20 37   0.438308
20 38   0.438308
20 39   0.438308
20 40   0.438308
21 1   0.31728
21 2   0.31728
21 3   0.31728
21 4   0.31728
21 5   0.31728
21 6   0.31728
21 7   0.31728
21 8   0.31728
21 9   0.31728
21 10   0.31728
21 11   0.31728
21 12   0.31728
21 13   0.31728
21 14   0.31728
21 15   0.31728
21 16   0.31728
21 17   0.31728
21 18   0.31728
21 19   0.31728
21 20   0.31728
21 21   0.31728
21 22   0.31728
21 23   0.31728
21 24   0.31728
21 25   0.31728
21 26   0.31728
21 27   0.31728
21 28   0.31728
21 29   0.31728
21 30   0.31728
21 31   0.31728
21 32   0.31728
21 33   0.31728
21 34   0.31728
21 35   0.31728
21 36   0.31728
21 37   0.31728
21 38   0.31728
21 39   0.31728
21 40   0.31728
22 1   0.207578
22 2   0.207578
22 3   0.207578
22 4   0.207578
22 5   0.207578
22 6   0.207578
22 7   0.207578
22 8   0.207578
22 9   0.207578
22 10   0.207578
22 11   0.207578
22 12   0.207578
22 13   0.207578
22 14   0.207578
22 15   0.207578
22 16   0.207578
22 17   0.207578
22 18   0.207578
22 19   0.207578
22 20   0.207578
22 21   0.207578
22 22   0.207578
22 23   0.207578
22 24   0.207578
22 25   0.207578
22 26   0.207578
22 27   0.207578
22 28   0.207578
22 29   0.207578
22 30   0.207578
22 31   0.207578
22 32   0.207578
22 33   0.207578
22 34   0.207578
22 35   0.207578
22 36   0.207578
22 37   0.207578
22 38   0.207578
22 39   0.207578
22 40   0.207578
23 1   0.115722
23 2   0.115722
23 3   0.115722
23 4   0.115722
23 5   0.115722
23 6   0.115722
23 7   0.115722
23 8   0.115722
23 9   0.115722
23 10   0.115722
23 11   0.115722
23 12   0.115722
23 13   0.115722
23 14   0.115722
23 15   0.115722
23 16   0.115722
23 17   0.115722
23 18   0.115722
23 19   0.115722
23 20   0.115722
23 21   0.115722
23 22   0.115722
23 23   0.115722
23 24   0.115722
23 25   0.115722
23 26   0.115722
23 27   0.115722
23 28   0.115722
23 29   0.115722
23 30   0.115722
23 31   0.115722
23 32   0.115722
23 33   0.115722
23 34   0.115722
23 35   0.115722
23 36   0.115722
23 37   0.115722
23 38   0.115722
23 39   0.115722
23 40   0.115722
24 1   0.0466445
24 2   0.0466445
24 3   0.0466445
24 4   0.0466445
24 5   0.0466445
24 6   0.0466445
24 7   0.0466445
24 8   0.0466445
24 9   0.0466445
24 10   0.0466445
24 11   0.0466445
24 12   0.0466445
24 13   0.0466445
24 14   0.0466445
24 15   0.0466445
24 16   0.0466445
24 17   0.0466445
24 18   0.0466445
24 19   0.0466445
24 20   0.0466445
24 21   0.0466445
24 22   0.0466445
24 23   0.0466445
24 24   0.0466445
24 25   0.0466445
24 26   0.0466445
24 27   0.0466445
24 28   0.0466445
24 29   0.0466445
24 30   0.0466445
24 31   0.0466445
24 32   0.0466445
24 33   0.0466445
24 34   0.0466445
24 35   0.0466445
24 36   0.0466445
24 37   0.0466445
24 38   0.0466445
24 39   0.0466445
24 40   0.0466445
25 1   0.00290597
25 2   0.00290597
25 3   0.00290597
25 4   0.00290597
25 5   0.00290597
25 6   0.00290597
25 7   0.00290597
25 8   0.00290597
25 9   0.00290597
25 10   0.00290597
25 11   0.00290597
25 12   0.00290597
25 13   0.00290597
25 14   0.00290597
25 15   0.00290597
25 16   0.00290597
25 17   0.00290597
25 18   0.00290597
25 19   0.00290597
25 20   0.00290597
25 21   0.00290597
25 22   0.00290597
25 23   0.00290597
25 24   0.00290597
25 25   0.00290597
25 26   0.00290597
25 27   0.00290597
25 28   0.00290597
25 29   0.00290597
25 30   0.00290597
25 31   0.00290597
25 32   0.00290597
25 33   0.00290597
25 34   0.00290597
25 35   0.00290597
25 36   0.00290597
25 37   0.00290597
25 38   0.00290597
25 39   0.00290597
25 40   0.00290597
26 1   -0.0163943
26 2   -0.0163943
26 3   -0.0163943
26 4   -0.0163943
26 5   -0.0163943
26 6   -0.0163943
26 7   -0.0163943
26 8   -0.0163943
26 9   -0.0163943
26 10   -0.0163943
26 11   -0.0163943
26 12   -0.0163943
26 13   -0.0163943
26 14   -0.0163943
26 15   -0.0163943
26 16   -0.0163943
26 17   -0.0163943
26 18   -0.0163943
26 19   -0.0163943
26 20   -0.0163943
26 21   -0.0163943
26 22   -0.0163943
26 23   -0.0163943
26 24   -0.0163943
26 25   -0.0163943
26 26   -0.0163943
26 27   -0.0163943
26 28   -0.0163943
26 29   -0.0163943
26 30   -0.0163943
26 31   -0.0163943
26 32   -0.0163943
26 33   -0.0163943
26 34   -0.0163943
26 35   -0.0163943
26 36   -0.0163943
26 37   -0.0163943
26 38   -0.0163943
26 39   -0.0163943
26 40   -0.0163943
27 1   -0.0161077
27 2   -0.0161077
27 3   -0.0161077
27 4   -0.0161077
27 5   -0.0161077
27 6   -0.0161077
27 7   -0.0161077
27 8   -0.0161077
27 9   -0.0161077
27 10   -0.0161077
27 11   -0.0161077
27 12   -0.0161077
27 13   -0.0161077
27 14   -0.0161077
27 15   -0.0161077
27 16   -0.0161077
27 17   -0.0161077
27 18   -0.0161077
27 19   -0.0161077
27 20   -0.0161077
27 21   -0.0161077
27 22   -0.0161077
27 23   -0.0161077
27 24   -0.0161077
27 25   -0.0161077
27 26   -0.0161077
27 27   -0.0161077
27 28   -0.0161077
27 29   -0.0161077
27 30   -0.0161077
27 31   -0.0161077
27 32   -0.0161077
27 33   -0.0161077
27 34   -0.0161077
27 35   -0.0161077
27 36   -0.0161077
27 37   -0.0161077
27 38   -0.0161077
27 39   -0.0161077
27 40   -0.0161077
28 1   -0.00401895
28 2   -0.00401895
28 3   -0.00401895
28 4   -0.00401895
28 5   -0.00401895
28 6   -0.00401895
28 7   -0.00401895
28 8   -0.00401895
28 9   -0.00401895
28 10   -0.00401895
28 11   -0.00401895
28 12   -0.00401895
28 13   -0.00401895
28 14   -0.00401895
28 15   -0.00401895
28 16   -0.00401895
28 17   -0.00401895
28 18   -0.00401895
28 19   -0.00401895
28 20   -0.00401895
28 21   -0.00401895
28 22   -0.00401895
28 23   -0.00401895
28 24   -0.00401895
28 25   -0.00401895
28 26   -0.00401895
28 27   -0.00401895
28 28   -0.00401895
28 29   -0.00401895
28 30   -0.00401895
28 31   -0.00401895
28 32   -0.00401895
28 33   -0.00401895
28 34   -0.00401895
28 35   -0.00401895
28 36   -0.00401895
28 37   -0.00401895
28 38   -0.00401895
28 39   -0.00401895
28 40   -0.00401895
29 1   0.0114429
29 2   0.0114429
29 3   0.0114429
29 4   0.0114429
29 5   0.0114429
29 6   0.0114429
29 7   0.0114429
29 8   0.0114429
29 9   0.0114429
29 10   0.0114429
29 11   0.0114429
29 12   0.0114429
29 13   0.0114429
29 14   0.0114429
29 15   0.0114429
29 16   0.0114429
29 17   0.0114429
29 18   0.0114429
29 19   0.0114429
29 20   0.0114429
29 21   0.0114429
29 22   0.0114429
29 23   0.0114429
29 24   0.0114429
29 25   0.0114429
29 26   0.0114429
29 27   0.0114429
29 28   0.0114429
29 29   0.0114429
29 30   0.0114429
29 31   0.0114429
29 32   0.0114429
29 33   0.0114429
29 34   0.0114429
29 35   0.0114429
29 36   0.0114429
29 37   0.0114429
29 38   0.0114429
29 39   0.0114429
29 40   0.0114429
30 1   0.0235256
30 2   0.0235256
30 3   0.0235256
30 4   0.0235256
30 5   0.0235256
30 6   0.0235256
30 7   0.0235256
30 8   0.0235256
30 9   0.0235256
30 10   0.0235256
30 11   0.0235256
30 12   0.0235256
30 13   0.0235256
30 14   0.0235256
30 15   0.0235256
30 16   0.0235256
30 17   0.0235256
30 18   0.0235256
30 19   0.0235256
30 20   0.0235256
30 21   0.0235256
30 22   0.0235256
30 23   0.0235256
30 24   0.0235256
30 25   0.0235256
30 26   0.0235256
30 27   0.0235256
30 28   0.0235256
30 29   0.0235256
30 30   0.0235256
30 31   0.0235256
30 32   0.0235256
30 33   0.0235256
30 34   0.0235256
30 35   0.0235256
30 36   0.0235256
30 37   0.0235256
30 38   0.0235256
30 39   0.0235256
30 40   0.0235256
31 1   0.0284244
31 2   0.0284244
31 3   0.0284244
31 4   0.0284244
31 5   0.0284244
31 6   0.0284244
31 7   0.0284244
31 8   0.0284244
31 9   0.0284244
31 10   0.0284244
31 11   0.0284244
31 12   0.0284244
31 13   0.0284244
31 14   0.0284244
31 15   0.0284244
31 16   0.0284244
31 17   0.0284244
31 18   0.0284244
31 19   0.0284244
31 20   0.0284244
31 21   0.0284244
31 22   0.0284244
31 23   0.0284244
31 24   0.0284244
31 25   0.0284244
31 26   0.0284244
31 27   0.0284244
31 28   0.0284244
31 29   0.0284244
31 30   0.0284244
31 31   0.0284244
31 32   0.0284244
31 33   0.0284244
31 34   0.0284244
31 35   0.0284244
31 36   0.0284244
31 37   0.0284244
31 38   0.0284244
31 39   0.0284244
31 40   0.0284244
32 1   0.0253157
32 2   0.0253157
32 3   0.0253157
32 4   0.0253157
32 5   0.0253157
32 6   0.0253157
32 7   0.0253157
32 8   0.0253157
32 9   0.0253157
32 10   0.0253157
32 11   0.0253157
32 12   0.0253157
32 13   0.0253157
32 14   0.0253157
32 15   0.0253157
32 16   0.0253157
32 17   0.0253157
32 18   0.0253157
32 19   0.0253157
32 20   0.0253157
32 21   0.0253157
32 22   0.0253157
32 23   0.0253157
32 24   0.0253157
32 25   0.0253157
32 26   0.0253157
32 27   0.0253157
32 28   0.0253157
32 29   0.0253157
32 30   0.0253157
32 31   0.0253157
32 32   0.0253157
32 33   0.0253157
32 34   0.0253157
32 35   0.0253157
32 36   0.0253157
32 37   0.0253157
32 38   0.0253157
32 39   0.0253157
32 40   0.0253157
33 1   0.0157141
33 2   0.0157141
33 3   0.0157141
33 4   0.0157141
33 5   0.0157141
33 6   0.0157141
33 7   0.0157141
33 8   0.0157141
33 9   0.0157141
33 10   0.0157141
33 11   0.0157141
33 12   0.0157141
33 13   0.0157141
33 14   0.0157141
33 15   0.0157141
33 16   0.0157141
33 17   0.0157141
33 18   0.0157141
33 19   0.0157141
33 20   0.0157141
33 21   0.0157141
33 22   0.0157141
33 23   0.0157141
33 24   0.0157141
33 25   0.0157141
33 26   0.0157141
33 27   0.0157141
33 28   0.0157141
33 29   0.0157141
33 30   0.0157141
33 31   0.0157141
33 32   0.0157141
33 33   0.0157141
33 34   0.0157141
33 35   0.0157141
33 36   0.0157141
33 37   0.0157141
33 38   0.0157141
33 39   0.0157141
33 40   0.0157141
34 1   0.00278608
34 2   0.00278608
34 3   0.00278608
34 4   0.00278608
34 5   0.00278608
34 6   0.00278608
34 7   0.00278608
34 8   0.00278608
34 9   0.00278608
34 10   0.00278608
34 11   0.00278608
34 12   0.00278608
34 13   0.00278608
34 14   0.00278608
34 15   0.00278608
34 16   0.00278608
34 17   0.00278608
34 18   0.00278608
34 19   0.00278608
34 20   0.00278608
34 21   0.00278608
34 22   0.00278608
34 23   0.00278608
34 24   0.00278608
34 25   0.00278608
34 26   0.00278608
34 27   0.00278608
34 28   0.00278608
34 29   0.00278608
34 30   0.00278608
34 31   0.00278608
34 32   0.00278608
34 33   0.00278608
34 34   0.00278608
34 35   0.00278608
34 36   0.00278608
34 37   0.00278608
34 38   0.00278608
34 39   0.00278608
34 40   0.00278608
35 1   -0.00922379
35 2   -0.00922379
35 3   -0.00922379
35 4   -0.00922379
35 5   -0.00922379
35 6   -0.00922379
35 7   -0.00922379
35 8   -0.00922379
35 9   -0.00922379
35 10   -0.00922379
35 11   -0.00922379
35 12   -0.00922379
35 13   -0.00922379
35 14   -0.00922379
35 15   -0.00922379
35 16   -0.00922379
35 17   -0.00922379
35 18   -0.00922379
35 19   -0.00922379
35 20   -0.00922379
35 21   -0.00922379
35 22   -0.00922379
35 23   -0.00922379
35 24   -0.00922379
35 25   -0.00922379
35 26   -0.00922379
35 27   -0.00922379
35 28   -0.00922379
35 29   -0.00922379
35 30   -0.00922379
35 31   -0.00922379
35 32   -0.00922379
35 33   -0.00922379
35 34   -0.00922379
35 35   -0.00922379
35 36   -0.00922379
35 37   -0.00922379
35 38   -0.00922379
35 39   -0.00922379
35 40   -0.00922379
36 1   -0.0159315
36 2   -0.0159315
36 3   -0.0159315
36 4   -0.0159315
36 5   -0.0159315
36 6   -0.0159315
36 7   -0.0159315
36 8   -0.0159315
36 9   -0.0159315
36 10   -0.0159315
36 11   -0.0159315
36 12   -0.0159315
36 13   -0.0159315
36 14   -0.0159315
36 15   -0.0159315
36 16   -0.0159315
36 17   -0.0159315
36 18   -0.0159315
36 19   -0.0159315
36 20   -0.0159315
36 21   -0.0159315
36 22   -0.0159315
36 23   -0.0159315
36 24   -0.0159315
36 25   -0.0159315
36 26   -0.0159315
36 27   -0.0159315
36 28   -0.0159315
36 29   -0.0159315
36 30   -0.0159315
36 31   -0.0159315
36 32   -0.0159315
36 33   -0.0159315
36 34   -0.0159315
36 35   -0.0159315
36 36   -0.0159315
36 37   -0.0159315
36 38   -0.0159315
36 39   -0.0159315
36 40   -0.0159315
37 1   -0.0145266
37 2   -0.0145266
37 3   -0.0145266
37 4   -0.0145266
37 5   -0.0145266
37 6   -0.0145266
37 7   -0.0145266
37 8   -0.0145266
37 9   -0.0145266
37 10   -0.0145266
37 11   -0.0145266
37 12   -0.0145266
37 13   -0.0145266
37 14   -0.0145266
37 15   -0.0145266
37 16   -0.0145266
37 17   -0.0145266
37 18   -0.0145266
37 19   -0.0145266
37 20   -0.0145266
37 21   -0.0145266
37 22   -0.0145266
37 23   -0.0145266
37 24   -0.0145266
37 25   -0.0145266
37 26   -0.0145266
37 27   -0.0145266
37 28   -0.0145266
37 29   -0.0145266
37 30   -0.0145266
37 31   -0.0145266
37 32   -0.0145266
37 33   -0.0145266
37 34   -0.0145266
37 35   -0.0145266
37 36   -0.0145266
37 37   -0.0145266
37 38   -0.0145266
37 39   -0.0145266
37 40   -0.0145266
38 1   -0.00564688
38 2   -0.00564688
38 3   -0.00564688
38 4   -0.00564688
38 5   -0.00564688
38 6   -0.00564688
38 7   -0.00564688
38 8   -0.00564688
38 9   -0.00564688
38 10   -0.00564688
38 11   -0.00564688
38 12   -0.00564688
38 13   -0.00564688
38 14   -0.00564688
38 15   -0.00564688
38 16   -0.00564688
38 17   -0.00564688
38 18   -0.00564688
38 19   -0.00564688
38 20   -0.00564688
38 21   -0.00564688
38 22   -0.00564688
38 23   -0.00564688
38 24   -0.00564688
38 25   -0.00564688
38 26   -0.00564688
38 27   -0.00564688
38 28   -0.00564688
38 29   -0.00564688
38 30   -0.00564688
38 31   -0.00564688
38 32   -0.00564688
38 33   -0.00564688
38 34   -0.00564688
38 35   -0.00564688
38 36   -0.00564688
38 37   -0.00564688
38 38   -0.00564688
38 39   -0.00564688
38 40   -0.00564688
39 1   0.00614972
39 2   0.00614972
39 3   0.00614972
39 4   0.00614972
39 5   0.00614972
39 6   0.00614972
39 7   0.00614972
39 8   0.00614972
39 9   0.00614972
39 10   0.00614972
39 11   0.00614972
39 12   0.00614972
39 13   0.00614972
39 14   0.00614972
39 15   0.00614972
39 16   0.00614972
39 17   0.00614972
39 18   0.00614972
39 19   0.00614972
39 20   0.00614972
39 21   0.00614972
39 22   0.00614972
39 23   0.00614972
39 24   0.00614972
39 25   0.00614972
39 26   0.00614972
39 27   0.00614972
39 28   0.00614972
39 29   0.00614972
39 30   0.00614972
39 31   0.00614972
39 32   0.00614972
39 33   0.00614972
39 34   0.00614972
39 35   0.00614972
39 36   0.00614972
39 37   0.00614972
39 38   0.00614972
39 39   0.00614972
39 40   0.00614972
40 1   0.014395
40 2   0.014395
40 3   0.014395
40 4   0.014395
40 5   0.014395
40 6   0.014395
40 7   0.014395
40 8   0.014395
40 9   0.014395
40 10   0.014395
40 11   0.014395
40 12   0.014395
40 13   0.014395
40 14   0.014395
40 15   0.014395
40 16   0.014395
40 17   0.014395
40 18   0.014395
40 19   0.014395
40 20   0.014395
40 21   0.014395
40 22   0.014395
40 23   0.014395
40 24   0.014395
40 25   0.014395
40 26   0.014395
40 27   0.014395
40 28   0.014395
40 29   0.014395
40 30   0.014395
40 31   0.014395
40 32   0.014395
40 33   0.014395
40 34   0.014395
40 35   0.014395
40 36   0.014395
40 37   0.014395
40 38   0.014395
40 39   0.014395
40 40   0.014395
