1 1   0.993911
1 2   0.993911
1 3   0.993911
1 4   0.993911
1 5   0.993911
1 6   0.993911
1 7   0.993911
1 8   0.993911
1 9   0.993911
1 10   0.993911
1 11   0.993911
1 12   0.993911
1 13   0.993911
1 14   0.993911
1 15   0.993911
1 16   0.993911
1 17   0.993911
1 18   0.993911
1 19   0.993911
1 20   0.993911
1 21   0.993911
1 22   0.993911
1 23   0.993911
1 24   0.993911
1 25   0.993911
1 26   0.993911
1 27   0.993911
1 28   0.993911
1 29   0.993911
1 30   0.993911
1 31   0.993911
1 32   0.993911
1 33   0.993911
1 34   0.993911
1 35   0.993911
1 36   0.993911
1 37   0.993911
1 38   0.993911
1 39   0.993911
1 40   0.993911
2 1   1.00121
2 2   1.00121
2 3   1.00121
2 4   1.00121
2 5   1.00121
2 6   1.00121
2 7   1.00121
2 8   1.00121
2 9   1.00121
2 10   1.00121
2 11   1.00121
2 12   1.00121
2 13   1.00121
2 14   1.00121
2 15   1.00121
2 16   1.00121
2 17   1.00121
2 18   1.00121
2 19   1.00121
2 20   1.00121
2 21   1.00121
2 22   1.00121
2 23   1.00121
2 24   1.00121
2 25   1.00121
2 26   1.00121
2 27   1.00121
2 28   1.00121
2 29   1.00121
2 30   1.00121
2 31   1.00121
2 32   1.00121
2 33   1.00121
2 34   1.00121
2 35   1.00121
2 36   1.00121
2 37   1.00121
2 38   1.00121
2 39   1.00121
2 40   1.00121
3 1   1.00485
3 2   1.00485
3 3   1.00485
3 4   1.00485
3 5   1.00485
3 6   1.00485
3 7   1.00485
3 8   1.00485
3 9   1.00485
3 10   1.00485
3 11   1.00485
3 12   1.00485
3 13   1.00485
3 14   1.00485
3 15   1.00485
3 16   1.00485
3 17   1.00485
3 18   1.00485
3 19   1.00485
3 20   1.00485
3 21   1.00485
3 22   1.00485
3 23   1.00485
3 24   1.00485
3 25   1.00485
3 26   1.00485
3 27   1.00485
3 28   1.00485
3 29   1.00485
3 30   1.00485
3 31   1.00485
3 32   1.00485
3 33   1.00485
3 34   1.00485
3 35   1.00485
3 36   1.00485
3 37   1.00485
3 38   1.00485
3 39   1.00485
3 40   1.00485
4 1   0.997799
4 2   0.997799
4 3   0.997799
4 4   0.997799
4 5   0.997799
4 6   0.997799
4 7   0.997799
4 8   0.997799
4 9   0.997799
4 10   0.997799
4 11   0.997799
4 12   0.997799
4 13   0.997799
4 14   0.997799
4 15   0.997799
4 16   0.997799
4 17   0.997799
4 18   0.997799
4 19   0.997799
4 20   0.997799
4 21   0.997799
4 22   0.997799
4 23   0.997799
4 24   0.997799
4 25   0.997799
4 26   0.997799
4 27   0.997799
4 28   0.997799
4 29   0.997799
4 30   0.997799
4 31   0.997799
4 32   0.997799
4 33   0.997799
4 34   0.997799
4 35   0.997799
4 36   0.997799
4 37   0.997799
4 38   0.997799
4 39   0.997799
4 40   0.997799
5 1   0.985964
5 2   0.985964
5 3   0.985964
5 4   0.985964
5 5   0.985964
5 6   0.985964
5 7   0.985964
5 8   0.985964
5 9   0.985964
5 10   0.985964
5 11   0.985964
5 12   0.985964
5 13   0.985964
5 14   0.985964
5 15   0.985964
5 16   0.985964
5 17   0.985964
5 18   0.985964
5 19   0.985964
5 20   0.985964
5 21   0.985964
5 22   0.985964
5 23   0.985964
5 24   0.985964
5 25   0.985964
5 26   0.985964
5 27   0.985964
5 28   0.985964
5 29   0.985964
5 30   0.985964
5 31   0.985964
5 32   0.985964
5 33   0.985964
5 34   0.985964
5 35   0.985964
5 36   0.985964
5 37   0.985964
5 38   0.985964
5 39   0.985964
5 40   0.985964
6 1   0.977581
6 2   0.977581
6 3   0.977581
6 4   0.977581
6 5   0.977581
6 6   0.977581
6 7   0.977581
6 8   0.977581
6 9   0.977581
6 10   0.977581
6 11   0.977581
6 12   0.977581
6 13   0.977581
6 14   0.977581
6 15   0.977581
6 16   0.977581
6 17   0.977581
6 18   0.977581
6 19   0.977581
6 20   0.977581
6 21   0.977581
6 22   0.977581
6 23   0.977581
6 24   0.977581
6 25   0.977581
6 26   0.977581
6 27   0.977581
6 28   0.977581
6 29   0.977581
6 30   0.977581
6 31   0.977581
6 32   0.977581
6 33   0.977581
6 34   0.977581
6 35   0.977581
6 36   0.977581
6 37   0.977581
6 38   0.977581
6 39   0.977581
6 40   0.977581
7 1   0.970794
7 2   0.970794
7 3   0.970794
7 4   0.970794
7 5   0.970794
7 6   0.970794
7 7   0.970794
7 8   0.970794
7 9   0.970794
7 10   0.970794
7 11   0.970794
7 12   0.970794
7 13   0.970794
7 14   0.970794
7 15   0.970794
7 16   0.970794
7 17   0.970794
7 18   0.970794
7 19   0.970794
7 20   0.970794
7 21   0.970794
7 22   0.970794
7 23   0.970794
7 24   0.970794
7 25   0.970794
7 26   0.970794
7 27   0.970794
7 28   0.970794
7 29   0.970794
7 30   0.970794
7 31   0.970794
7 32   0.970794
7 33   0.970794
7 34   0.970794
7 35   0.970794
7 36   0.970794
7 37   0.970794
7 38   0.970794
7 39   0.970794
7 40   0.970794
8 1   0.956038
8 2   0.956038
8 3   0.956038
8 4   0.956038
8 5   0.956038
8 6   0.956038
8 7   0.956038
8 8   0.956038
8 9   0.956038
8 10   0.956038
8 11   0.956038
8 12   0.956038
8 13   0.956038
8 14   0.956038
8 15   0.956038
8 16   0.956038
8 17   0.956038
8 18   0.956038
8 19   0.956038
8 20   0.956038
8 21   0.956038
8 22   0.956038
8 23   0.956038
8 24   0.956038
8 25   0.956038
8 26   0.956038
8 27   0.956038
8 28   0.956038
8 29   0.956038
8 30   0.956038
8 31   0.956038
8 32   0.956038
8 33   0.956038
8 34   0.956038
8 35   0.956038
8 36   0.956038
8 37   0.956038
8 38   0.956038
8 39   0.956038
8 40   0.956038
9 1   0.923306
9 2   0.923306
9 3   0.923306
9 4   0.923306
9 5   0.923306
9 6   0.923306
9 7   0.923306
9 8   0.923306
9 9   0.923306
9 10   0.923306
9 11   0.923306
9 12   0.923306
9 13   0.923306
9 14   0.923306
9 15   0.923306
9 16   0.923306
9 17   0.923306
9 18   0.923306
9 19   0.923306
9 20   0.923306
9 21   0.923306
9 22   0.923306
9 23   0.923306
9 24   0.923306
9 25   0.923306
9 26   0.923306
9 27   0.923306
9 28   0.923306
9 29   0.923306
9 30   0.923306
9 31   0.923306
9 32   0.923306
9 33   0.923306
9 34   0.923306
9 35   0.923306
9 36   0.923306
9 37   0.923306
9 38   0.923306
9 39   0.923306
9 40   0.923306
10 1   0.866409
10 2   0.866409
10 3   0.866409
10 4   0.866409
10 5   0.866409
10 6   0.866409
10 7   0.866409
10 8   0.866409
10 9   0.866409
10 10   0.866409
10 11   0.866409
10 12   0.866409
10 13   0.866409
10 14   0.866409
10 15   0.866409
10 16   0.866409
10 17   0.866409
10 18   0.866409
10 19   0.866409
10 20   0.866409
10 21   0.866409
10 22   0.866409
10 23   0.866409
10 24   0.866409
10 25   0.866409
10 26   0.866409
10 27   0.866409
10 28   0.866409
10 29   0.866409
10 30   0.866409
10 31   0.866409
10 32   0.866409
10 33   0.866409
10 34   0.866409
10 35   0.866409
10 36   0.866409
10 37   0.866409
10 38   0.866409
10 39   0.866409
10 40   0.866409
11 1   0.790712
11 2   0.790712
11 3   0.790712
11 4   0.790712
11 5   0.790712
11 6   0.790712
11 7   0.790712
11 8   0.790712
11 9   0.790712
11 10   0.790712
11 11   0.790712
11 12   0.790712
11 13   0.790712
11 14   0.790712
11 15   0.790712
11 16   0.790712
11 17   0.790712
11 18   0.790712
11 19   0.790712
11 20   0.790712
11 21   0.790712
11 22   0.790712
11 23   0.790712
11 24   0.790712
11 25   0.790712
11 26   0.790712
11 27   0.790712
11 28   0.790712
11 29   0.790712
11 30   0.790712
11 31   0.790712
11 32   0.790712
11 33   0.790712
11 34   0.790712
11 35   0.790712
11 36   0.790712
11 37   0.790712
11 38   0.790712
11 39   0.790712
11 40   0.790712
12 1   0.710939
12 2   0.710939
12 3   0.710939
12 4   0.710939
12 5   0.710939
12 6   0.710939
12 7   0.710939
12 8   0.710939
12 9   0.710939
12 10   0.710939
12 11   0.710939
12 12   0.710939
12 13   0.710939
12 14   0.710939
12 15   0.710939
12 16   0.710939
12 17   0.710939
12 18   0.710939
12 19   0.710939
12 20   0.710939
12 21   0.710939
12 22   0.710939
12 23   0.710939
12 24   0.710939
12 25   0.710939
12 26   0.710939
12 27   0.710939
12 28   0.710939
12 29   0.710939
12 30   0.710939
12 31   0.710939
12 32   0.710939
12 33   0.710939
12 34   0.710939
12 35   0.710939
12 36   0.710939
12 37   0.710939
12 38   0.710939
12 39   0.710939
12 40   0.710939
13 1   0.637077
13 2   0.637077
13 3   0.637077
13 4   0.637077
13 5   0.637077
13 6   0.637077
13 7   0.637077
13 8   0.637077
13 9   0.637077
13 10   0.637077
13 11   0.637077
13 12   0.637077
13 13   0.637077
13 14   0.637077
13 15   0.637077
13 16   0.637077
13 17   0.637077
13 18   0.637077
13 19   0.637077
13 20   0.637077
13 21   0.637077
13 22   0.637077
13 23   0.637077
13 24   0.637077
13 25   0.637077
13 26   0.637077
13 27   0.637077
13 28   0.637077
13 29   0.637077
13 30   0.637077
13 31   0.637077
13 32   0.637077
13 33   0.637077
13 34   0.637077
13 35   0.637077
13 36   0.637077
13 37   0.637077
13 38   0.637077
13 39   0.637077
13 40   0.637077
14 1   0.567376
14 2   0.567376
14 3   0.567376
14 4   0.567376
14 5   0.567376
14 6   0.567376
14 7   0.567376
14 8   0.567376
14 9   0.567376
14 10   0.567376
14 11   0.567376
14 12   0.567376
14 13   0.567376
14 14   0.567376
14 15   0.567376
14 16   0.567376
14 17   0.567376
14 18   0.567376
14 19   0.567376
14 20   0.567376
14 21   0.567376
14 22   0.567376
14 23   0.567376
14 24   0.567376
14 25   0.567376
14 26   0.567376
14 27   0.567376
14 28   0.567376
14 29   0.567376
14 30   0.567376
14 31   0.567376
14 32   0.567376
14 33   0.567376
14 34   0.567376
14 35   0.567376
14 36   0.567376
14 37   0.567376
14 38   0.567376
14 39   0.567376
14 40   0.567376
15 1   0.49726
15 2   0.49726
15 3   0.49726
15 4   0.49726
15 5   0.49726
15 6   0.49726
15 7   0.49726
15 8   0.49726
15 9   0.49726
15 10   0.49726
15 11   0.49726
15 12   0.49726
15 13   0.49726
15 14   0.49726
15 15   0.49726
15 16   0.49726
15 17   0.49726
15 18   0.49726
15 19   0.49726
15 20   0.49726
15 21   0.49726
15 22   0.49726
15 23   0.49726
15 24   0.49726
15 25   0.49726
15 26   0.49726
15 27   0.49726
15 28   0.49726
15 29   0.49726
15 30   0.49726
15 31   0.49726
15 32   0.49726
15 33   0.49726
15 34   0.49726
15 35   0.49726
15 36   0.49726
15 37   0.49726
15 38   0.49726
15 39   0.49726
15 40   0.49726
16 1   0.434265
16 2   0.434265
16 3   0.434265
16 4   0.434265
16 5   0.434265
16 6   0.434265
16 7   0.434265
16 8   0.434265
16 9   0.434265
16 10   0.434265
16 11   0.434265
16 12   0.434265
16 13   0.434265
16 14   0.434265
16 15   0.434265
16 16   0.434265
16 17   0.434265
16 18   0.434265
16 19   0.434265
16 20   0.434265
16 21   0.434265
16 22   0.434265
16 23   0.434265
16 24   0.434265
16 25   0.434265
16 26   0.434265
16 27   0.434265
16 28   0.434265
16 29   0.434265
16 30   0.434265
16 31   0.434265
16 32   0.434265
16 33   0.434265
16 34   0.434265
16 35   0.434265
16 36   0.434265
16 37   0.434265
16 38   0.434265
16 39   0.434265
16 40   0.434265
17 1   0.400122
17 2   0.400122
17 3   0.400122
17 4   0.400122
17 5   0.400122
17 6   0.400122
17 7   0.400122
17 8   0.400122
17 9   0.400122
17 10   0.400122
17 11   0.400122
17 12   0.400122
17 13   0.400122
17 14   0.400122
17 15   0.400122
17 16   0.400122
17 17   0.400122
17 18   0.400122
17 19   0.400122
17 20   0.400122
17 21   0.400122
17 22   0.400122
17 23   0.400122
17 24   0.400122
17 25   0.400122
17 26   0.400122
17 27   0.400122
17 28   0.400122
17 29   0.400122
17 30   0.400122
17 31   0.400122
17 32   0.400122
17 33   0.400122
17 34   0.400122
17 35   0.400122
17 36   0.400122
17 37   0.400122
17 38   0.400122
17 39   0.400122
17 40   0.400122
18 1   0.412635
18 2   0.412635
18 3   0.412635
18 4   0.412635
18 5   0.412635
18 6   0.412635
18 7   0.412635
18 8   0.412635
18 9   0.412635
18 10   0.412635
18 11   0.412635
18 12   0.412635
18 13   0.412635
18 14   0.412635
18 15   0.412635
18 16   0.412635
18 17   0.412635
18 18   0.412635
18 19   0.412635
18 20   0.412635
18 21   0.412635
18 22   0.412635
18 23   0.412635
18 24   0.412635
18 25   0.412635
18 26   0.412635
18 27   0.412635
18 28   0.412635
18 29   0.412635
18 30   0.412635
18 31   0.412635
18 32   0.412635
18 33   0.412635
18 34   0.412635
18 35   0.412635
18 36   0.412635
18 37   0.412635
18 38   0.412635
18 39   0.412635
18 40   0.412635
19 1   0.466088
19 2   0.466088
19 3   0.466088
19 4   0.466088
19 5   0.466088
19 6   0.466088
19 7   0.466088
19 8   0.466088
19 9   0.466088
19 10   0.466088
19 11   0.466088
19 12   0.466088
19 13   0.466088
19 14   0.466088
19 15   0.466088
19 16   0.466088
19 17   0.466088
19 18   0.466088
19 19   0.466088
19 20   0.466088
19 21   0.466088
19 22   0.466088
19 23   0.466088
19 24   0.466088
19 25   0.466088
19 26   0.466088
19 27   0.466088
19 28   0.466088
19 29   0.466088
19 30   0.466088
19 31   0.466088
19 32   0.466088
19 33   0.466088
19 34   0.466088
19 35   0.466088
19 36   0.466088
19 37   0.466088
19 38   0.466088
19 39   0.466088
19 40   0.466088
20 1   0.534363
20 2   0.534363
20 3   0.534363
20 4   0.534363
20 5   0.534363
20 6   0.534363
20 7   0.534363
20 8   0.534363
20 9   0.534363
20 10   0.534363
20 11   0.534363
20 12   0.534363
20 13   0.534363
20 14   0.534363
20 15   0.534363
20 16   0.534363
20 17   0.534363
20 18   0.534363
20 19   0.534363
20 20   0.534363
20 21   0.534363
20 22   0.534363
20 23   0.534363
20 24   0.534363
20 25   0.534363
20 26   0.534363
20 27   0.534363
20 28   0.534363
20 29   0.534363
20 30   0.534363
20 31   0.534363
20 32   0.534363
20 33   0.534363
20 34   0.534363
20 35   0.534363
20 36   0.534363
20 37   0.534363
20 38   0.534363
20 39   0.534363
20 40   0.534363
21 1   0.587042
21 2   0.587042
21 3   0.587042
21 4   0.587042
21 5   0.587042
21 6   0.587042
21 7   0.587042
21 8   0.587042
21 9   0.587042
21 10   0.587042
21 11   0.587042
21 12   0.587042
21 13   0.587042
21 14   0.587042
21 15   0.587042
21 16   0.587042
21 17   0.587042
21 18   0.587042
21 19   0.587042
21 20   0.587042
21 21   0.587042
21 22   0.587042
21 23   0.587042
21 24   0.587042
21 25   0.587042
21 26   0.587042
21 27   0.587042
21 28   0.587042
21 29   0.587042
21 30   0.587042
21 31   0.587042
21 32   0.587042
21 33   0.587042
21 34   0.587042
21 35   0.587042
21 36   0.587042
21 37   0.587042
21 38   0.587042
21 39   0.587042
21 40   0.587042
22 1   0.599758
22 2   0.599758
22 3   0.599758
22 4   0.599758
22 5   0.599758
22 6   0.599758
22 7   0.599758
22 8   0.599758
22 9   0.599758
22 10   0.599758
22 11   0.599758
22 12   0.599758
22 13   0.599758
22 14   0.599758
22 15   0.599758
22 16   0.599758
22 17   0.599758
22 18   0.599758
22 19   0.599758
22 20   0.599758
22 21   0.599758
22 22   0.599758
22 23   0.599758
22 24   0.599758
22 25   0.599758
22 26   0.599758
22 27   0.599758
22 28   0.599758
22 29   0.599758
22 30   0.599758
22 31   0.599758
22 32   0.599758
22 33   0.599758
22 34   0.599758
22 35   0.599758
22 36   0.599758
22 37   0.599758
22 38   0.599758
22 39   0.599758
22 40   0.599758
23 1   0.566226
23 2   0.566226
23 3   0.566226
23 4   0.566226
23 5   0.566226
23 6   0.566226
23 7   0.566226
23 8   0.566226
23 9   0.566226
23 10   0.566226
23 11   0.566226
23 12   0.566226
23 13   0.566226
23 14   0.566226
23 15   0.566226
23 16   0.566226
23 17   0.566226
23 18   0.566226
23 19   0.566226
23 20   0.566226
23 21   0.566226
23 22   0.566226
23 23   0.566226
23 24   0.566226
23 25   0.566226
23 26   0.566226
23 27   0.566226
23 28   0.566226
23 29   0.566226
23 30   0.566226
23 31   0.566226
23 32   0.566226
23 33   0.566226
23 34   0.566226
23 35   0.566226
23 36   0.566226
23 37   0.566226
23 38   0.566226
23 39   0.566226
23 40   0.566226
24 1   0.502916
24 2   0.502916
24 3   0.502916
24 4   0.502916
24 5   0.502916
24 6   0.502916
24 7   0.502916
24 8   0.502916
24 9   0.502916
24 10   0.502916
24 11   0.502916
24 12   0.502916
24 13   0.502916
24 14   0.502916
24 15   0.502916
24 16   0.502916
24 17   0.502916
24 18   0.502916
24 19   0.502916
24 20   0.502916
24 21   0.502916
24 22   0.502916
24 23   0.502916
24 24   0.502916
24 25   0.502916
24 26   0.502916
24 27   0.502916
24 28   0.502916
24 29   0.502916
24 30   0.502916
24 31   0.502916
24 32   0.502916
24 33   0.502916
24 34   0.502916
24 35   0.502916
24 36   0.502916
24 37   0.502916
24 38   0.502916
24 39   0.502916
24 40   0.502916
25 1   0.432535
25 2   0.432535
25 3   0.432535
25 4   0.432535
25 5   0.432535
25 6   0.432535
25 7   0.432535
25 8   0.432535
25 9   0.432535
25 10   0.432535
25 11   0.432535
25 12   0.432535
25 13   0.432535
25 14   0.432535
25 15   0.432535
25 16   0.432535
25 17   0.432535
25 18   0.432535
25 19   0.432535
25 20   0.432535
25 21   0.432535
25 22   0.432535
25 23   0.432535
25 24   0.432535
25 25   0.432535
25 26   0.432535
25 27   0.432535
25 28   0.432535
25 29   0.432535
25 30   0.432535
25 31   0.432535
25 32   0.432535
25 33   0.432535
25 34   0.432535
25 35   0.432535
25 36   0.432535
25 37   0.432535
25 38   0.432535
25 39   0.432535
25 40   0.432535
26 1   0.362945
26 2   0.362945
26 3   0.362945
26 4   0.362945
26 5   0.362945
26 6   0.362945
26 7   0.362945
26 8   0.362945
26 9   0.362945
26 10   0.362945
26 11   0.362945
26 12   0.362945
26 13   0.362945
26 14   0.362945
26 15   0.362945
26 16   0.362945
26 17   0.362945
26 18   0.362945
26 19   0.362945
26 20   0.362945
26 21   0.362945
26 22   0.362945
26 23   0.362945
26 24   0.362945
26 25   0.362945
26 26   0.362945
26 27   0.362945
26 28   0.362945
26 29   0.362945
26 30   0.362945
26 31   0.362945
26 32   0.362945
26 33   0.362945
26 34   0.362945
26 35   0.362945
26 36   0.362945
26 37   0.362945
26 38   0.362945
26 39   0.362945
26 40   0.362945
27 1   0.289098
27 2   0.289098
27 3   0.289098
27 4   0.289098
27 5   0.289098
27 6   0.289098
27 7   0.289098
27 8   0.289098
27 9   0.289098
27 10   0.289098
27 11   0.289098
27 12   0.289098
27 13   0.289098
27 14   0.289098
27 15   0.289098
27 16   0.289098
27 17   0.289098
27 18   0.289098
27 19   0.289098
27 20   0.289098
27 21   0.289098
27 22   0.289098
27 23   0.289098
27 24   0.289098
27 25   0.289098
27 26   0.289098
27 27   0.289098
27 28   0.289098
27 29   0.289098
27 30   0.289098
27 31   0.289098
27 32   0.289098
27 33   0.289098
27 34   0.289098
27 35   0.289098
27 36   0.289098
27 37   0.289098
27 38   0.289098
27 39   0.289098
27 40   0.289098
28 1   0.209568
28 2   0.209568
28 3   0.209568
28 4   0.209568
28 5   0.209568
28 6   0.209568
28 7   0.209568
28 8   0.209568
28 9   0.209568
28 10   0.209568
28 11   0.209568
28 12   0.209568
28 13   0.209568
28 14   0.209568
28 15   0.209568
28 16   0.209568
28 17   0.209568
28 18   0.209568
28 19   0.209568
28 20   0.209568
28 21   0.209568
28 22   0.209568
28 23   0.209568
28 24   0.209568
28 25   0.209568
28 26   0.209568
28 27   0.209568
28 28   0.209568
28 29   0.209568
28 30   0.209568
28 31   0.209568
28 32   0.209568
28 33   0.209568
28 34   0.209568
28 35   0.209568
28 36   0.209568
28 37   0.209568
28 38   0.209568
28 39   0.209568
28 40   0.209568
29 1   0.134076
29 2   0.134076
29 3   0.134076
29 4   0.134076
29 5   0.134076
29 6   0.134076
29 7   0.134076
29 8   0.134076
29 9   0.134076
29 10   0.134076
29 11   0.134076
29 12   0.134076
29 13   0.134076
29 14   0.134076
29 15   0.134076
29 16   0.134076
29 17   0.134076
29 18   0.134076
29 19   0.134076
29 20   0.134076
29 21   0.134076
29 22   0.134076
29 23   0.134076
29 24   0.134076
29 25   0.134076
29 26   0.134076
29 27   0.134076
29 28   0.134076
29 29   0.134076
29 30   0.134076
29 31   0.134076
29 32   0.134076
29 33   0.134076
29 34   0.134076
29 35   0.134076
29 36   0.134076
29 37   0.134076
29 38   0.134076
29 39   0.134076
29 40   0.134076
30 1   0.0763812
30 2   0.0763812
30 3   0.0763812
30 4   0.0763812
30 5   0.0763812
30 6   0.0763812
30 7   0.0763812
30 8   0.0763812
30 9   0.0763812
30 10   0.0763812
30 11   0.0763812
30 12   0.0763812
30 13   0.0763812
30 14   0.0763812
30 15   0.0763812
30 16   0.0763812
30 17   0.0763812
30 18   0.0763812
30 19   0.0763812
30 20   0.0763812
30 21   0.0763812
30 22   0.0763812
30 23   0.0763812
30 24   0.0763812
30 25   0.0763812
30 26   0.0763812
30 27   0.0763812
30 28   0.0763812
30 29   0.0763812
30 30   0.0763812
30 31   0.0763812
30 32   0.0763812
30 33   0.0763812
30 34   0.0763812
30 35   0.0763812
30 36   0.0763812
30 37   0.0763812
30 38   0.0763812
30 39   0.0763812
30 40   0.0763812
31 1   0.043349
31 2   0.043349
31 3   0.043349
31 4   0.043349
31 5   0.043349
31 6   0.043349
31 7   0.043349
31 8   0.043349
31 9   0.043349
31 10   0.043349
31 11   0.043349
31 12   0.043349
31 13   0.043349
31 14   0.043349
31 15   0.043349
31 16   0.043349
31 17   0.043349
31 18   0.043349
31 19   0.043349
31 20   0.043349
31 21   0.043349
31 22   0.043349
31 23   0.043349
31 24   0.043349
31 25   0.043349
31 26   0.043349
31 27   0.043349
31 28   0.043349
31 29   0.043349
31 30   0.043349
31 31   0.043349
31 32   0.043349
31 33   0.043349
31 34   0.043349
31 35   0.043349
31 36   0.043349
31 37   0.043349
31 38   0.043349
31 39   0.043349
31 40   0.043349
32 1   0.0300061
32 2   0.0300061
32 3   0.0300061
32 4   0.0300061
32 5   0.0300061
32 6   0.0300061
32 7   0.0300061
32 8   0.0300061
32 9   0.0300061
32 10   0.0300061
32 11   0.0300061
32 12   0.0300061
32 13   0.0300061
32 14   0.0300061
32 15   0.0300061
32 16   0.0300061
32 17   0.0300061
32 18   0.0300061
32 19   0.0300061
32 20   0.0300061
32 21   0.0300061
32 22   0.0300061
32 23   0.0300061
32 24   0.0300061
32 25   0.0300061
32 26   0.0300061
32 27   0.0300061
32 28   0.0300061
32 29   0.0300061
32 30   0.0300061
32 31   0.0300061
32 32   0.0300061
32 33   0.0300061
32 34   0.0300061
32 35   0.0300061
32 36   0.0300061
32 37   0.0300061
32 38   0.0300061
32 39   0.0300061
32 40   0.0300061
33 1   0.0234593
33 2   0.0234593
33 3   0.0234593
33 4   0.0234593
33 5   0.0234593
33 6   0.0234593
33 7   0.0234593
33 8   0.0234593
33 9   0.0234593
33 10   0.0234593
33 11   0.0234593
33 12   0.0234593
33 13   0.0234593
33 14   0.0234593
33 15   0.0234593
33 16   0.0234593
33 17   0.0234593
33 18   0.0234593
33 19   0.0234593
33 20   0.0234593
33 21   0.0234593
33 22   0.0234593
33 23   0.0234593
33 24   0.0234593
33 25   0.0234593
33 26   0.0234593
33 27   0.0234593
33 28   0.0234593
33 29   0.0234593
33 30   0.0234593
33 31   0.0234593
33 32   0.0234593
33 33   0.0234593
33 34   0.0234593
33 35   0.0234593
33 36   0.0234593
33 37   0.0234593
33 38   0.0234593
33 39   0.0234593
33 40   0.0234593
34 1   0.0134675
34 2   0.0134675
34 3   0.0134675
34 4   0.0134675
34 5   0.0134675
34 6   0.0134675
34 7   0.0134675
34 8   0.0134675
34 9   0.0134675
34 10   0.0134675
34 11   0.0134675
34 12   0.0134675
34 13   0.0134675
34 14   0.0134675
34 15   0.0134675
34 16   0.0134675
34 17   0.0134675
34 18   0.0134675
34 19   0.0134675
34 20   0.0134675
34 21   0.0134675
34 22   0.0134675
34 23   0.0134675
34 24   0.0134675
34 25   0.0134675
34 26   0.0134675
34 27   0.0134675
34 28   0.0134675
34 29   0.0134675
34 30   0.0134675
34 31   0.0134675
34 32   0.0134675
34 33   0.0134675
34 34   0.0134675
34 35   0.0134675
34 36   0.0134675
34 37   0.0134675
34 38   0.0134675
34 39   0.0134675
34 40   0.0134675
35 1   0.000975581
35 2   0.000975581
35 3   0.000975581
35 4   0.000975581
35 5   0.000975581
35 6   0.000975581
35 7   0.000975581
35 8   0.000975581
35 9   0.000975581
35 10   0.000975581
35 11   0.000975581
35 12   0.000975581
35 13   0.000975581
35 14   0.000975581
35 15   0.000975581
35 16   0.000975581
35 17   0.000975581
35 18   0.000975581
35 19   0.000975581
35 20   0.000975581
35 21   0.000975581
35 22   0.000975581
35 23   0.000975581
35 24   0.000975581
35 25   0.000975581
35 26   0.000975581
35 27   0.000975581
35 28   0.000975581
35 29   0.000975581
35 30   0.000975581
35 31   0.000975581
35 32   0.000975581
35 33   0.000975581
35 34   0.000975581
35 35   0.000975581
35 36   0.000975581
35 37   0.000975581
35 38   0.000975581
35 39   0.000975581
35 40   0.000975581
36 1   -0.00459388
36 2   -0.00459388
36 3   -0.00459388
36 4   -0.00459388
36 5   -0.00459388
36 6   -0.00459388
36 7   -0.00459388
36 8   -0.00459388
36 9   -0.00459388
36 10   -0.00459388
36 11   -0.00459388
36 12   -0.00459388
36 13   -0.00459388
36 14   -0.00459388
36 15   -0.00459388
36 16   -0.00459388
36 17   -0.00459388
36 18   -0.00459388
36 19   -0.00459388
36 20   -0.00459388
36 21   -0.00459388
36 22   -0.00459388
36 23   -0.00459388
36 24   -0.00459388
36 25   -0.00459388
36 26   -0.00459388
36 27   -0.00459388
36 28   -0.00459388
36 29   -0.00459388
36 30   -0.00459388
36 31   -0.00459388
36 32   -0.00459388
36 33   -0.00459388
36 34   -0.00459388
36 35   -0.00459388
36 36   -0.00459388
36 37   -0.00459388
36 38   -0.00459388
36 39   -0.00459388
36 40   -0.00459388
37 1   0.0005998
37 2   0.0005998
37 3   0.0005998
37 4   0.0005998
37 5   0.0005998
37 6   0.0005998
37 7   0.0005998
37 8   0.0005998
37 9   0.0005998
37 10   0.0005998
37 11   0.0005998
37 12   0.0005998
37 13   0.0005998
37 14   0.0005998
37 15   0.0005998
37 16   0.0005998
37 17   0.0005998
37 18   0.0005998
37 19   0.0005998
37 20   0.0005998
37 21   0.0005998
37 22   0.0005998
37 23   0.0005998
37 24   0.0005998
37 25   0.0005998
37 26   0.0005998
37 27   0.0005998
37 28   0.0005998
37 29   0.0005998
37 30   0.0005998
37 31   0.0005998
37 32   0.0005998
37 33   0.0005998
37 34   0.0005998
37 35   0.0005998
37 36   0.0005998
37 37   0.0005998
37 38   0.0005998
37 39   0.0005998
37 40   0.0005998
38 1   0.0070155
38 2   0.0070155
38 3   0.0070155
38 4   0.0070155
38 5   0.0070155
38 6   0.0070155
38 7   0.0070155
38 8   0.0070155
38 9   0.0070155
38 10   0.0070155
38 11   0.0070155
38 12   0.0070155
38 13   0.0070155
38 14   0.0070155
38 15   0.0070155
38 16   0.0070155
38 17   0.0070155
38 18   0.0070155
38 19   0.0070155
38 20   0.0070155
38 21   0.0070155
38 22   0.0070155
38 23   0.0070155
38 24   0.0070155
38 25   0.0070155
38 26   0.0070155
38 27   0.0070155
38 28   0.0070155
38 29   0.0070155
38 30   0.0070155
38 31   0.0070155
38 32   0.0070155
38 33   0.0070155
38 34   0.0070155
38 35   0.0070155
38 36   0.0070155
38 37   0.0070155
38 38   0.0070155
38 39   0.0070155
38 40   0.0070155
39 1   0.00370197
39 2   0.00370197
39 3   0.00370197
39 4   0.00370197
39 5   0.00370197
39 6   0.00370197
39 7   0.00370197
39 8   0.00370197
39 9   0.00370197
39 10   0.00370197
39 11   0.00370197
39 12   0.00370197
39 13   0.00370197
39 14   0.00370197
39 15   0.00370197
39 16   0.00370197
39 17   0.00370197
39 18   0.00370197
39 19   0.00370197
39 20   0.00370197
39 21   0.00370197
39 22   0.00370197
39 23   0.00370197
39 24   0.00370197
39 25   0.00370197
39 26   0.00370197
39 27   0.00370197
39 28   0.00370197
39 29   0.00370197
39 30   0.00370197
39 31   0.00370197
39 32   0.00370197
39 33   0.00370197
39 34   0.00370197
39 35   0.00370197
39 36   0.00370197
39 37   0.00370197
39 38   0.00370197
39 39   0.00370197
39 40   0.00370197
40 1   -0.00512082
40 2   -0.00512082
40 3   -0.00512082
40 4   -0.00512082
40 5   -0.00512082
40 6   -0.00512082
40 7   -0.00512082
40 8   -0.00512082
40 9   -0.00512082
40 10   -0.00512082
40 11   -0.00512082
40 12   -0.00512082
40 13   -0.00512082
40 14   -0.00512082
40 15   -0.00512082
40 16   -0.00512082
40 17   -0.00512082
40 18   -0.00512082
40 19   -0.00512082
40 20   -0.00512082
40 21   -0.00512082
40 22   -0.00512082
40 23   -0.00512082
40 24   -0.00512082
40 25   -0.00512082
40 26   -0.00512082
40 27   -0.00512082
40 28   -0.00512082
40 29   -0.00512082
40 30   -0.00512082
40 31   -0.00512082
40 32   -0.00512082
40 33   -0.00512082
40 34   -0.00512082
40 35   -0.00512082
40 36   -0.00512082
40 37   -0.00512082
40 38   -0.00512082
40 39   -0.00512082
40 40   -0.00512082
