1 1   0.012407
1 2   0.012407
1 3   0.012407
1 4   0.012407
1 5   0.012407
1 6   0.012407
1 7   0.012407
1 8   0.012407
1 9   0.012407
1 10   0.012407
1 11   0.012407
1 12   0.012407
1 13   0.012407
1 14   0.012407
1 15   0.012407
1 16   0.012407
1 17   0.012407
1 18   0.012407
1 19   0.012407
1 20   0.012407
1 21   0.012407
1 22   0.012407
1 23   0.012407
1 24   0.012407
1 25   0.012407
1 26   0.012407
1 27   0.012407
1 28   0.012407
1 29   0.012407
1 30   0.012407
1 31   0.012407
1 32   0.012407
1 33   0.012407
1 34   0.012407
1 35   0.012407
1 36   0.012407
1 37   0.012407
1 38   0.012407
1 39   0.012407
1 40   0.012407
2 1   0.0196564
2 2   0.0196564
2 3   0.0196564
2 4   0.0196564
2 5   0.0196564
2 6   0.0196564
2 7   0.0196564
2 8   0.0196564
2 9   0.0196564
2 10   0.0196564
2 11   0.0196564
2 12   0.0196564
2 13   0.0196564
2 14   0.0196564
2 15   0.0196564
2 16   0.0196564
2 17   0.0196564
2 18   0.0196564
2 19   0.0196564
2 20   0.0196564
2 21   0.0196564
2 22   0.0196564
2 23   0.0196564
2 24   0.0196564
2 25   0.0196564
2 26   0.0196564
2 27   0.0196564
2 28   0.0196564
2 29   0.0196564
2 30   0.0196564
2 31   0.0196564
2 32   0.0196564
2 33   0.0196564
2 34   0.0196564
2 35   0.0196564
2 36   0.0196564
2 37   0.0196564
2 38   0.0196564
2 39   0.0196564
2 40   0.0196564
3 1   0.0347383
3 2   0.0347383
3 3   0.0347383
3 4   0.0347383
3 5   0.0347383
3 6   0.0347383
3 7   0.0347383
3 8   0.0347383
3 9   0.0347383
3 10   0.0347383
3 11   0.0347383
3 12   0.0347383
3 13   0.0347383
3 14   0.0347383
3 15   0.0347383
3 16   0.0347383
3 17   0.0347383
3 18   0.0347383
3 19   0.0347383
3 20   0.0347383
3 21   0.0347383
3 22   0.0347383
3 23   0.0347383
3 24   0.0347383
3 25   0.0347383
3 26   0.0347383
3 27   0.0347383
3 28   0.0347383
3 29   0.0347383
3 30   0.0347383
3 31   0.0347383
3 32   0.0347383
3 33   0.0347383
3 34   0.0347383
3 35   0.0347383
3 36   0.0347383
3 37   0.0347383
3 38   0.0347383
3 39   0.0347383
3 40   0.0347383
4 1   0.0602242
4 2   0.0602242
4 3   0.0602242
4 4   0.0602242
4 5   0.0602242
4 6   0.0602242
4 7   0.0602242
4 8   0.0602242
4 9   0.0602242
4 10   0.0602242
4 11   0.0602242
4 12   0.0602242
4 13   0.0602242
4 14   0.0602242
4 15   0.0602242
4 16   0.0602242
4 17   0.0602242
4 18   0.0602242
4 19   0.0602242
4 20   0.0602242
4 21   0.0602242
4 22   0.0602242
4 23   0.0602242
4 24   0.0602242
4 25   0.0602242
4 26   0.0602242
4 27   0.0602242
4 28   0.0602242
4 29   0.0602242
4 30   0.0602242
4 31   0.0602242
4 32   0.0602242
4 33   0.0602242
4 34   0.0602242
4 35   0.0602242
4 36   0.0602242
4 37   0.0602242
4 38   0.0602242
4 39   0.0602242
4 40   0.0602242
5 1   0.0994357
5 2   0.0994357
5 3   0.0994357
5 4   0.0994357
5 5   0.0994357
5 6   0.0994357
5 7   0.0994357
5 8   0.0994357
5 9   0.0994357
5 10   0.0994357
5 11   0.0994357
5 12   0.0994357
5 13   0.0994357
5 14   0.0994357
5 15   0.0994357
5 16   0.0994357
5 17   0.0994357
5 18   0.0994357
5 19   0.0994357
5 20   0.0994357
5 21   0.0994357
5 22   0.0994357
5 23   0.0994357
5 24   0.0994357
5 25   0.0994357
5 26   0.0994357
5 27   0.0994357
5 28   0.0994357
5 29   0.0994357
5 30   0.0994357
5 31   0.0994357
5 32   0.0994357
5 33   0.0994357
5 34   0.0994357
5 35   0.0994357
5 36   0.0994357
5 37   0.0994357
5 38   0.0994357
5 39   0.0994357
5 40   0.0994357
6 1   0.158991
6 2   0.158991
6 3   0.158991
6 4   0.158991
6 5   0.158991
6 6   0.158991
6 7   0.158991
6 8   0.158991
6 9   0.158991
6 10   0.158991
6 11   0.158991
6 12   0.158991
6 13   0.158991
6 14   0.158991
6 15   0.158991
6 16   0.158991
6 17   0.158991
6 18   0.158991
6 19   0.158991
6 20   0.158991
6 21   0.158991
6 22   0.158991
6 23   0.158991
6 24   0.158991
6 25   0.158991
6 26   0.158991
6 27   0.158991
6 28   0.158991
6 29   0.158991
6 30   0.158991
6 31   0.158991
6 32   0.158991
6 33   0.158991
6 34   0.158991
6 35   0.158991
6 36   0.158991
6 37   0.158991
6 38   0.158991
6 39   0.158991
6 40   0.158991
7 1   0.241232
7 2   0.241232
7 3   0.241232
7 4   0.241232
7 5   0.241232
7 6   0.241232
7 7   0.241232
7 8   0.241232
7 9   0.241232
7 10   0.241232
7 11   0.241232
7 12   0.241232
7 13   0.241232
7 14   0.241232
7 15   0.241232
7 16   0.241232
7 17   0.241232
7 18   0.241232
7 19   0.241232
7 20   0.241232
7 21   0.241232
7 22   0.241232
7 23   0.241232
7 24   0.241232
7 25   0.241232
7 26   0.241232
7 27   0.241232
7 28   0.241232
7 29   0.241232
7 30   0.241232
7 31   0.241232
7 32   0.241232
7 33   0.241232
7 34   0.241232
7 35   0.241232
7 36   0.241232
7 37   0.241232
7 38   0.241232
7 39   0.241232
7 40   0.241232
8 1   0.333943
8 2   0.333943
8 3   0.333943
8 4   0.333943
8 5   0.333943
8 6   0.333943
8 7   0.333943
8 8   0.333943
8 9   0.333943
8 10   0.333943
8 11   0.333943
8 12   0.333943
8 13   0.333943
8 14   0.333943
8 15   0.333943
8 16   0.333943
8 17   0.333943
8 18   0.333943
8 19   0.333943
8 20   0.333943
8 21   0.333943
8 22   0.333943
8 23   0.333943
8 24   0.333943
8 25   0.333943
8 26   0.333943
8 27   0.333943
8 28   0.333943
8 29   0.333943
8 30   0.333943
8 31   0.333943
8 32   0.333943
8 33   0.333943
8 34   0.333943
8 35   0.333943
8 36   0.333943
8 37   0.333943
8 38   0.333943
8 39   0.333943
8 40   0.333943
9 1   0.425745
9 2   0.425745
9 3   0.425745
9 4   0.425745
9 5   0.425745
9 6   0.425745
9 7   0.425745
9 8   0.425745
9 9   0.425745
9 10   0.425745
9 11   0.425745
9 12   0.425745
9 13   0.425745
9 14   0.425745
9 15   0.425745
9 16   0.425745
9 17   0.425745
9 18   0.425745
9 19   0.425745
9 20   0.425745
9 21   0.425745
9 22   0.425745
9 23   0.425745
9 24   0.425745
9 25   0.425745
9 26   0.425745
9 27   0.425745
9 28   0.425745
9 29   0.425745
9 30   0.425745
9 31   0.425745
9 32   0.425745
9 33   0.425745
9 34   0.425745
9 35   0.425745
9 36   0.425745
9 37   0.425745
9 38   0.425745
9 39   0.425745
9 40   0.425745
10 1   0.510632
10 2   0.510632
10 3   0.510632
10 4   0.510632
10 5   0.510632
10 6   0.510632
10 7   0.510632
10 8   0.510632
10 9   0.510632
10 10   0.510632
10 11   0.510632
10 12   0.510632
10 13   0.510632
10 14   0.510632
10 15   0.510632
10 16   0.510632
10 17   0.510632
10 18   0.510632
10 19   0.510632
10 20   0.510632
10 21   0.510632
10 22   0.510632
10 23   0.510632
10 24   0.510632
10 25   0.510632
10 26   0.510632
10 27   0.510632
10 28   0.510632
10 29   0.510632
10 30   0.510632
10 31   0.510632
10 32   0.510632
10 33   0.510632
10 34   0.510632
10 35   0.510632
10 36   0.510632
10 37   0.510632
10 38   0.510632
10 39   0.510632
10 40   0.510632
11 1   0.57162
11 2   0.57162
11 3   0.57162
11 4   0.57162
11 5   0.57162
11 6   0.57162
11 7   0.57162
11 8   0.57162
11 9   0.57162
11 10   0.57162
11 11   0.57162
11 12   0.57162
11 13   0.57162
11 14   0.57162
11 15   0.57162
11 16   0.57162
11 17   0.57162
11 18   0.57162
11 19   0.57162
11 20   0.57162
11 21   0.57162
11 22   0.57162
11 23   0.57162
11 24   0.57162
11 25   0.57162
11 26   0.57162
11 27   0.57162
11 28   0.57162
11 29   0.57162
11 30   0.57162
11 31   0.57162
11 32   0.57162
11 33   0.57162
11 34   0.57162
11 35   0.57162
11 36   0.57162
11 37   0.57162
11 38   0.57162
11 39   0.57162
11 40   0.57162
12 1   0.582804
12 2   0.582804
12 3   0.582804
12 4   0.582804
12 5   0.582804
12 6   0.582804
12 7   0.582804
12 8   0.582804
12 9   0.582804
12 10   0.582804
12 11   0.582804
12 12   0.582804
12 13   0.582804
12 14   0.582804
12 15   0.582804
12 16   0.582804
12 17   0.582804
12 18   0.582804
12 19   0.582804
12 20   0.582804
12 21   0.582804
12 22   0.582804
12 23   0.582804
12 24   0.582804
12 25   0.582804
12 26   0.582804
12 27   0.582804
12 28   0.582804
12 29   0.582804
12 30   0.582804
12 31   0.582804
12 32   0.582804
12 33   0.582804
12 34   0.582804
12 35   0.582804
12 36   0.582804
12 37   0.582804
12 38   0.582804
12 39   0.582804
12 40   0.582804
13 1   0.547054
13 2   0.547054
13 3   0.547054
13 4   0.547054
13 5   0.547054
13 6   0.547054
13 7   0.547054
13 8   0.547054
13 9   0.547054
13 10   0.547054
13 11   0.547054
13 12   0.547054
13 13   0.547054
13 14   0.547054
13 15   0.547054
13 16   0.547054
13 17   0.547054
13 18   0.547054
13 19   0.547054
13 20   0.547054
13 21   0.547054
13 22   0.547054
13 23   0.547054
13 24   0.547054
13 25   0.547054
13 26   0.547054
13 27   0.547054
13 28   0.547054
13 29   0.547054
13 30   0.547054
13 31   0.547054
13 32   0.547054
13 33   0.547054
13 34   0.547054
13 35   0.547054
13 36   0.547054
13 37   0.547054
13 38   0.547054
13 39   0.547054
13 40   0.547054
14 1   0.499357
14 2   0.499357
14 3   0.499357
14 4   0.499357
14 5   0.499357
14 6   0.499357
14 7   0.499357
14 8   0.499357
14 9   0.499357
14 10   0.499357
14 11   0.499357
14 12   0.499357
14 13   0.499357
14 14   0.499357
14 15   0.499357
14 16   0.499357
14 17   0.499357
14 18   0.499357
14 19   0.499357
14 20   0.499357
14 21   0.499357
14 22   0.499357
14 23   0.499357
14 24   0.499357
14 25   0.499357
14 26   0.499357
14 27   0.499357
14 28   0.499357
14 29   0.499357
14 30   0.499357
14 31   0.499357
14 32   0.499357
14 33   0.499357
14 34   0.499357
14 35   0.499357
14 36   0.499357
14 37   0.499357
14 38   0.499357
14 39   0.499357
14 40   0.499357
15 1   0.471485
15 2   0.471485
15 3   0.471485
15 4   0.471485
15 5   0.471485
15 6   0.471485
15 7   0.471485
15 8   0.471485
15 9   0.471485
15 10   0.471485
15 11   0.471485
15 12   0.471485
15 13   0.471485
15 14   0.471485
15 15   0.471485
15 16   0.471485
15 17   0.471485
15 18   0.471485
15 19   0.471485
15 20   0.471485
15 21   0.471485
15 22   0.471485
15 23   0.471485
15 24   0.471485
15 25   0.471485
15 26   0.471485
15 27   0.471485
15 28   0.471485
15 29   0.471485
15 30   0.471485
15 31   0.471485
15 32   0.471485
15 33   0.471485
15 34   0.471485
15 35   0.471485
15 36   0.471485
15 37   0.471485
15 38   0.471485
15 39   0.471485
15 40   0.471485
16 1   0.4702
16 2   0.4702
16 3   0.4702
16 4   0.4702
16 5   0.4702
16 6   0.4702
16 7   0.4702
16 8   0.4702
16 9   0.4702
16 10   0.4702
16 11   0.4702
16 12   0.4702
16 13   0.4702
16 14   0.4702
16 15   0.4702
16 16   0.4702
16 17   0.4702
16 18   0.4702
16 19   0.4702
16 20   0.4702
16 21   0.4702
16 22   0.4702
16 23   0.4702
16 24   0.4702
16 25   0.4702
16 26   0.4702
16 27   0.4702
16 28   0.4702
16 29   0.4702
16 30   0.4702
16 31   0.4702
16 32   0.4702
16 33   0.4702
16 34   0.4702
16 35   0.4702
16 36   0.4702
16 37   0.4702
16 38   0.4702
16 39   0.4702
16 40   0.4702
17 1   0.484209
17 2   0.484209
17 3   0.484209
17 4   0.484209
17 5   0.484209
17 6   0.484209
17 7   0.484209
17 8   0.484209
17 9   0.484209
17 10   0.484209
17 11   0.484209
17 12   0.484209
17 13   0.484209
17 14   0.484209
17 15   0.484209
17 16   0.484209
17 17   0.484209
17 18   0.484209
17 19   0.484209
17 20   0.484209
17 21   0.484209
17 22   0.484209
17 23   0.484209
17 24   0.484209
17 25   0.484209
17 26   0.484209
17 27   0.484209
17 28   0.484209
17 29   0.484209
17 30   0.484209
17 31   0.484209
17 32   0.484209
17 33   0.484209
17 34   0.484209
17 35   0.484209
17 36   0.484209
17 37   0.484209
17 38   0.484209
17 39   0.484209
17 40   0.484209
18 1   0.502217
18 2   0.502217
18 3   0.502217
18 4   0.502217
18 5   0.502217
18 6   0.502217
18 7   0.502217
18 8   0.502217
18 9   0.502217
18 10   0.502217
18 11   0.502217
18 12   0.502217
18 13   0.502217
18 14   0.502217
18 15   0.502217
18 16   0.502217
18 17   0.502217
18 18   0.502217
18 19   0.502217
18 20   0.502217
18 21   0.502217
18 22   0.502217
18 23   0.502217
18 24   0.502217
18 25   0.502217
18 26   0.502217
18 27   0.502217
18 28   0.502217
18 29   0.502217
18 30   0.502217
18 31   0.502217
18 32   0.502217
18 33   0.502217
18 34   0.502217
18 35   0.502217
18 36   0.502217
18 37   0.502217
18 38   0.502217
18 39   0.502217
18 40   0.502217
19 1   0.515511
19 2   0.515511
19 3   0.515511
19 4   0.515511
19 5   0.515511
19 6   0.515511
19 7   0.515511
19 8   0.515511
19 9   0.515511
19 10   0.515511
19 11   0.515511
19 12   0.515511
19 13   0.515511
19 14   0.515511
19 15   0.515511
19 16   0.515511
19 17   0.515511
19 18   0.515511
19 19   0.515511
19 20   0.515511
19 21   0.515511
19 22   0.515511
19 23   0.515511
19 24   0.515511
19 25   0.515511
19 26   0.515511
19 27   0.515511
19 28   0.515511
19 29   0.515511
19 30   0.515511
19 31   0.515511
19 32   0.515511
19 33   0.515511
19 34   0.515511
19 35   0.515511
19 36   0.515511
19 37   0.515511
19 38   0.515511
19 39   0.515511
19 40   0.515511
20 1   0.517676
20 2   0.517676
20 3   0.517676
20 4   0.517676
20 5   0.517676
20 6   0.517676
20 7   0.517676
20 8   0.517676
20 9   0.517676
20 10   0.517676
20 11   0.517676
20 12   0.517676
20 13   0.517676
20 14   0.517676
20 15   0.517676
20 16   0.517676
20 17   0.517676
20 18   0.517676
20 19   0.517676
20 20   0.517676
20 21   0.517676
20 22   0.517676
20 23   0.517676
20 24   0.517676
20 25   0.517676
20 26   0.517676
20 27   0.517676
20 28   0.517676
20 29   0.517676
20 30   0.517676
20 31   0.517676
20 32   0.517676
20 33   0.517676
20 34   0.517676
20 35   0.517676
20 36   0.517676
20 37   0.517676
20 38   0.517676
20 39   0.517676
20 40   0.517676
21 1   0.507905
21 2   0.507905
21 3   0.507905
21 4   0.507905
21 5   0.507905
21 6   0.507905
21 7   0.507905
21 8   0.507905
21 9   0.507905
21 10   0.507905
21 11   0.507905
21 12   0.507905
21 13   0.507905
21 14   0.507905
21 15   0.507905
21 16   0.507905
21 17   0.507905
21 18   0.507905
21 19   0.507905
21 20   0.507905
21 21   0.507905
21 22   0.507905
21 23   0.507905
21 24   0.507905
21 25   0.507905
21 26   0.507905
21 27   0.507905
21 28   0.507905
21 29   0.507905
21 30   0.507905
21 31   0.507905
21 32   0.507905
21 33   0.507905
21 34   0.507905
21 35   0.507905
21 36   0.507905
21 37   0.507905
21 38   0.507905
21 39   0.507905
21 40   0.507905
22 1   0.492418
22 2   0.492418
22 3   0.492418
22 4   0.492418
22 5   0.492418
22 6   0.492418
22 7   0.492418
22 8   0.492418
22 9   0.492418
22 10   0.492418
22 11   0.492418
22 12   0.492418
22 13   0.492418
22 14   0.492418
22 15   0.492418
22 16   0.492418
22 17   0.492418
22 18   0.492418
22 19   0.492418
22 20   0.492418
22 21   0.492418
22 22   0.492418
22 23   0.492418
22 24   0.492418
22 25   0.492418
22 26   0.492418
22 27   0.492418
22 28   0.492418
22 29   0.492418
22 30   0.492418
22 31   0.492418
22 32   0.492418
22 33   0.492418
22 34   0.492418
22 35   0.492418
22 36   0.492418
22 37   0.492418
22 38   0.492418
22 39   0.492418
22 40   0.492418
23 1   0.48208
23 2   0.48208
23 3   0.48208
23 4   0.48208
23 5   0.48208
23 6   0.48208
23 7   0.48208
23 8   0.48208
23 9   0.48208
23 10   0.48208
23 11   0.48208
23 12   0.48208
23 13   0.48208
23 14   0.48208
23 15   0.48208
23 16   0.48208
23 17   0.48208
23 18   0.48208
23 19   0.48208
23 20   0.48208
23 21   0.48208
23 22   0.48208
23 23   0.48208
23 24   0.48208
23 25   0.48208
23 26   0.48208
23 27   0.48208
23 28   0.48208
23 29   0.48208
23 30   0.48208
23 31   0.48208
23 32   0.48208
23 33   0.48208
23 34   0.48208
23 35   0.48208
23 36   0.48208
23 37   0.48208
23 38   0.48208
23 39   0.48208
23 40   0.48208
24 1   0.484555
24 2   0.484555
24 3   0.484555
24 4   0.484555
24 5   0.484555
24 6   0.484555
24 7   0.484555
24 8   0.484555
24 9   0.484555
24 10   0.484555
24 11   0.484555
24 12   0.484555
24 13   0.484555
24 14   0.484555
24 15   0.484555
24 16   0.484555
24 17   0.484555
24 18   0.484555
24 19   0.484555
24 20   0.484555
24 21   0.484555
24 22   0.484555
24 23   0.484555
24 24   0.484555
24 25   0.484555
24 26   0.484555
24 27   0.484555
24 28   0.484555
24 29   0.484555
24 30   0.484555
24 31   0.484555
24 32   0.484555
24 33   0.484555
24 34   0.484555
24 35   0.484555
24 36   0.484555
24 37   0.484555
24 38   0.484555
24 39   0.484555
24 40   0.484555
25 1   0.498214
25 2   0.498214
25 3   0.498214
25 4   0.498214
25 5   0.498214
25 6   0.498214
25 7   0.498214
25 8   0.498214
25 9   0.498214
25 10   0.498214
25 11   0.498214
25 12   0.498214
25 13   0.498214
25 14   0.498214
25 15   0.498214
25 16   0.498214
25 17   0.498214
25 18   0.498214
25 19   0.498214
25 20   0.498214
25 21   0.498214
25 22   0.498214
25 23   0.498214
25 24   0.498214
25 25   0.498214
25 26   0.498214
25 27   0.498214
25 28   0.498214
25 29   0.498214
25 30   0.498214
25 31   0.498214
25 32   0.498214
25 33   0.498214
25 34   0.498214
25 35   0.498214
25 36   0.498214
25 37   0.498214
25 38   0.498214
25 39   0.498214
25 40   0.498214
26 1   0.515822
26 2   0.515822
26 3   0.515822
26 4   0.515822
26 5   0.515822
26 6   0.515822
26 7   0.515822
26 8   0.515822
26 9   0.515822
26 10   0.515822
26 11   0.515822
26 12   0.515822
26 13   0.515822
26 14   0.515822
26 15   0.515822
26 16   0.515822
26 17   0.515822
26 18   0.515822
26 19   0.515822
26 20   0.515822
26 21   0.515822
26 22   0.515822
26 23   0.515822
26 24   0.515822
26 25   0.515822
26 26   0.515822
26 27   0.515822
26 28   0.515822
26 29   0.515822
26 30   0.515822
26 31   0.515822
26 32   0.515822
26 33   0.515822
26 34   0.515822
26 35   0.515822
26 36   0.515822
26 37   0.515822
26 38   0.515822
26 39   0.515822
26 40   0.515822
27 1   0.529548
27 2   0.529548
27 3   0.529548
27 4   0.529548
27 5   0.529548
27 6   0.529548
27 7   0.529548
27 8   0.529548
27 9   0.529548
27 10   0.529548
27 11   0.529548
27 12   0.529548
27 13   0.529548
27 14   0.529548
27 15   0.529548
27 16   0.529548
27 17   0.529548
27 18   0.529548
27 19   0.529548
27 20   0.529548
27 21   0.529548
27 22   0.529548
27 23   0.529548
27 24   0.529548
27 25   0.529548
27 26   0.529548
27 27   0.529548
27 28   0.529548
27 29   0.529548
27 30   0.529548
27 31   0.529548
27 32   0.529548
27 33   0.529548
27 34   0.529548
27 35   0.529548
27 36   0.529548
27 37   0.529548
27 38   0.529548
27 39   0.529548
27 40   0.529548
28 1   0.528779
28 2   0.528779
28 3   0.528779
28 4   0.528779
28 5   0.528779
28 6   0.528779
28 7   0.528779
28 8   0.528779
28 9   0.528779
28 10   0.528779
28 11   0.528779
28 12   0.528779
28 13   0.528779
28 14   0.528779
28 15   0.528779
28 16   0.528779
28 17   0.528779
28 18   0.528779
28 19   0.528779
28 20   0.528779
28 21   0.528779
28 22   0.528779
28 23   0.528779
28 24   0.528779
28 25   0.528779
28 26   0.528779
28 27   0.528779
28 28   0.528779
28 29   0.528779
28 30   0.528779
28 31   0.528779
28 32   0.528779
28 33   0.528779
28 34   0.528779
28 35   0.528779
28 36   0.528779
28 37   0.528779
28 38   0.528779
28 39   0.528779
28 40   0.528779
29 1   0.50126
29 2   0.50126
29 3   0.50126
29 4   0.50126
29 5   0.50126
29 6   0.50126
29 7   0.50126
29 8   0.50126
29 9   0.50126
29 10   0.50126
29 11   0.50126
29 12   0.50126
29 13   0.50126
29 14   0.50126
29 15   0.50126
29 16   0.50126
29 17   0.50126
29 18   0.50126
29 19   0.50126
29 20   0.50126
29 21   0.50126
29 22   0.50126
29 23   0.50126
29 24   0.50126
29 25   0.50126
29 26   0.50126
29 27   0.50126
29 28   0.50126
29 29   0.50126
29 30   0.50126
29 31   0.50126
29 32   0.50126
29 33   0.50126
29 34   0.50126
29 35   0.50126
29 36   0.50126
29 37   0.50126
29 38   0.50126
29 39   0.50126
29 40   0.50126
30 1   0.452424
30 2   0.452424
30 3   0.452424
30 4   0.452424
30 5   0.452424
30 6   0.452424
30 7   0.452424
30 8   0.452424
30 9   0.452424
30 10   0.452424
30 11   0.452424
30 12   0.452424
30 13   0.452424
30 14   0.452424
30 15   0.452424
30 16   0.452424
30 17   0.452424
30 18   0.452424
30 19   0.452424
30 20   0.452424
30 21   0.452424
30 22   0.452424
30 23   0.452424
30 24   0.452424
30 25   0.452424
30 26   0.452424
30 27   0.452424
30 28   0.452424
30 29   0.452424
30 30   0.452424
30 31   0.452424
30 32   0.452424
30 33   0.452424
30 34   0.452424
30 35   0.452424
30 36   0.452424
30 37   0.452424
30 38   0.452424
30 39   0.452424
30 40   0.452424
31 1   0.416959
31 2   0.416959
31 3   0.416959
31 4   0.416959
31 5   0.416959
31 6   0.416959
31 7   0.416959
31 8   0.416959
31 9   0.416959
31 10   0.416959
31 11   0.416959
31 12   0.416959
31 13   0.416959
31 14   0.416959
31 15   0.416959
31 16   0.416959
31 17   0.416959
31 18   0.416959
31 19   0.416959
31 20   0.416959
31 21   0.416959
31 22   0.416959
31 23   0.416959
31 24   0.416959
31 25   0.416959
31 26   0.416959
31 27   0.416959
31 28   0.416959
31 29   0.416959
31 30   0.416959
31 31   0.416959
31 32   0.416959
31 33   0.416959
31 34   0.416959
31 35   0.416959
31 36   0.416959
31 37   0.416959
31 38   0.416959
31 39   0.416959
31 40   0.416959
32 1   0.429612
32 2   0.429612
32 3   0.429612
32 4   0.429612
32 5   0.429612
32 6   0.429612
32 7   0.429612
32 8   0.429612
32 9   0.429612
32 10   0.429612
32 11   0.429612
32 12   0.429612
32 13   0.429612
32 14   0.429612
32 15   0.429612
32 16   0.429612
32 17   0.429612
32 18   0.429612
32 19   0.429612
32 20   0.429612
32 21   0.429612
32 22   0.429612
32 23   0.429612
32 24   0.429612
32 25   0.429612
32 26   0.429612
32 27   0.429612
32 28   0.429612
32 29   0.429612
32 30   0.429612
32 31   0.429612
32 32   0.429612
32 33   0.429612
32 34   0.429612
32 35   0.429612
32 36   0.429612
32 37   0.429612
32 38   0.429612
32 39   0.429612
32 40   0.429612
33 1   0.488996
33 2   0.488996
33 3   0.488996
33 4   0.488996
33 5   0.488996
33 6   0.488996
33 7   0.488996
33 8   0.488996
33 9   0.488996
33 10   0.488996
33 11   0.488996
33 12   0.488996
33 13   0.488996
33 14   0.488996
33 15   0.488996
33 16   0.488996
33 17   0.488996
33 18   0.488996
33 19   0.488996
33 20   0.488996
33 21   0.488996
33 22   0.488996
33 23   0.488996
33 24   0.488996
33 25   0.488996
33 26   0.488996
33 27   0.488996
33 28   0.488996
33 29   0.488996
33 30   0.488996
33 31   0.488996
33 32   0.488996
33 33   0.488996
33 34   0.488996
33 35   0.488996
33 36   0.488996
33 37   0.488996
33 38   0.488996
33 39   0.488996
33 40   0.488996
34 1   0.573055
34 2   0.573055
34 3   0.573055
34 4   0.573055
34 5   0.573055
34 6   0.573055
34 7   0.573055
34 8   0.573055
34 9   0.573055
34 10   0.573055
34 11   0.573055
34 12   0.573055
34 13   0.573055
34 14   0.573055
34 15   0.573055
34 16   0.573055
34 17   0.573055
34 18   0.573055
34 19   0.573055
34 20   0.573055
34 21   0.573055
34 22   0.573055
34 23   0.573055
34 24   0.573055
34 25   0.573055
34 26   0.573055
34 27   0.573055
34 28   0.573055
34 29   0.573055
34 30   0.573055
34 31   0.573055
34 32   0.573055
34 33   0.573055
34 34   0.573055
34 35   0.573055
34 36   0.573055
34 37   0.573055
34 38   0.573055
34 39   0.573055
34 40   0.573055
35 1   0.667199
35 2   0.667199
35 3   0.667199
35 4   0.667199
35 5   0.667199
35 6   0.667199
35 7   0.667199
35 8   0.667199
35 9   0.667199
35 10   0.667199
35 11   0.667199
35 12   0.667199
35 13   0.667199
35 14   0.667199
35 15   0.667199
35 16   0.667199
35 17   0.667199
35 18   0.667199
35 19   0.667199
35 20   0.667199
35 21   0.667199
35 22   0.667199
35 23   0.667199
35 24   0.667199
35 25   0.667199
35 26   0.667199
35 27   0.667199
35 28   0.667199
35 29   0.667199
35 30   0.667199
35 31   0.667199
35 32   0.667199
35 33   0.667199
35 34   0.667199
35 35   0.667199
35 36   0.667199
35 37   0.667199
35 38   0.667199
35 39   0.667199
35 40   0.667199
36 1   0.758416
36 2   0.758416
36 3   0.758416
36 4   0.758416
36 5   0.758416
36 6   0.758416
36 7   0.758416
36 8   0.758416
36 9   0.758416
36 10   0.758416
36 11   0.758416
36 12   0.758416
36 13   0.758416
36 14   0.758416
36 15   0.758416
36 16   0.758416
36 17   0.758416
36 18   0.758416
36 19   0.758416
36 20   0.758416
36 21   0.758416
36 22   0.758416
36 23   0.758416
36 24   0.758416
36 25   0.758416
36 26   0.758416
36 27   0.758416
36 28   0.758416
36 29   0.758416
36 30   0.758416
36 31   0.758416
36 32   0.758416
36 33   0.758416
36 34   0.758416
36 35   0.758416
36 36   0.758416
36 37   0.758416
36 38   0.758416
36 39   0.758416
36 40   0.758416
37 1   0.837769
37 2   0.837769
37 3   0.837769
37 4   0.837769
37 5   0.837769
37 6   0.837769
37 7   0.837769
37 8   0.837769
37 9   0.837769
37 10   0.837769
37 11   0.837769
37 12   0.837769
37 13   0.837769
37 14   0.837769
37 15   0.837769
37 16   0.837769
37 17   0.837769
37 18   0.837769
37 19   0.837769
37 20   0.837769
37 21   0.837769
37 22   0.837769
37 23   0.837769
37 24   0.837769
37 25   0.837769
37 26   0.837769
37 27   0.837769
37 28   0.837769
37 29   0.837769
37 30   0.837769
37 31   0.837769
37 32   0.837769
37 33   0.837769
37 34   0.837769
37 35   0.837769
37 36   0.837769
37 37   0.837769
37 38   0.837769
37 39   0.837769
37 40   0.837769
38 1   0.897072
38 2   0.897072
38 3   0.897072
38 4   0.897072
38 5   0.897072
38 6   0.897072
38 7   0.897072
38 8   0.897072
38 9   0.897072
38 10   0.897072
38 11   0.897072
38 12   0.897072
38 13   0.897072
38 14   0.897072
38 15   0.897072
38 16   0.897072
38 17   0.897072
38 18   0.897072
38 19   0.897072
38 20   0.897072
38 21   0.897072
38 22   0.897072
38 23   0.897072
38 24   0.897072
38 25   0.897072
38 26   0.897072
38 27   0.897072
38 28   0.897072
38 29   0.897072
38 30   0.897072
38 31   0.897072
38 32   0.897072
38 33   0.897072
38 34   0.897072
38 35   0.897072
38 36   0.897072
38 37   0.897072
38 38   0.897072
38 39   0.897072
38 40   0.897072
39 1   0.932551
39 2   0.932551
39 3   0.932551
39 4   0.932551
39 5   0.932551
39 6   0.932551
39 7   0.932551
39 8   0.932551
39 9   0.932551
39 10   0.932551
39 11   0.932551
39 12   0.932551
39 13   0.932551
39 14   0.932551
39 15   0.932551
39 16   0.932551
39 17   0.932551
39 18   0.932551
39 19   0.932551
39 20   0.932551
39 21   0.932551
39 22   0.932551
39 23   0.932551
39 24   0.932551
39 25   0.932551
39 26   0.932551
39 27   0.932551
39 28   0.932551
39 29   0.932551
39 30   0.932551
39 31   0.932551
39 32   0.932551
39 33   0.932551
39 34   0.932551
39 35   0.932551
39 36   0.932551
39 37   0.932551
39 38   0.932551
39 39   0.932551
39 40   0.932551
40 1   0.948326
40 2   0.948326
40 3   0.948326
40 4   0.948326
40 5   0.948326
40 6   0.948326
40 7   0.948326
40 8   0.948326
40 9   0.948326
40 10   0.948326
40 11   0.948326
40 12   0.948326
40 13   0.948326
40 14   0.948326
40 15   0.948326
40 16   0.948326
40 17   0.948326
40 18   0.948326
40 19   0.948326
40 20   0.948326
40 21   0.948326
40 22   0.948326
40 23   0.948326
40 24   0.948326
40 25   0.948326
40 26   0.948326
40 27   0.948326
40 28   0.948326
40 29   0.948326
40 30   0.948326
40 31   0.948326
40 32   0.948326
40 33   0.948326
40 34   0.948326
40 35   0.948326
40 36   0.948326
40 37   0.948326
40 38   0.948326
40 39   0.948326
40 40   0.948326
