1 1   0.0136718
1 2   0.0136718
1 3   0.0136718
1 4   0.0136718
1 5   0.0136718
1 6   0.0136718
1 7   0.0136718
1 8   0.0136718
1 9   0.0136718
1 10   0.0136718
1 11   0.0136718
1 12   0.0136718
1 13   0.0136718
1 14   0.0136718
1 15   0.0136718
1 16   0.0136718
1 17   0.0136718
1 18   0.0136718
1 19   0.0136718
1 20   0.0136718
1 21   0.0136718
1 22   0.0136718
1 23   0.0136718
1 24   0.0136718
1 25   0.0136718
1 26   0.0136718
1 27   0.0136718
1 28   0.0136718
1 29   0.0136718
1 30   0.0136718
1 31   0.0136718
1 32   0.0136718
1 33   0.0136718
1 34   0.0136718
1 35   0.0136718
1 36   0.0136718
1 37   0.0136718
1 38   0.0136718
1 39   0.0136718
1 40   0.0136718
2 1   0.0128381
2 2   0.0128381
2 3   0.0128381
2 4   0.0128381
2 5   0.0128381
2 6   0.0128381
2 7   0.0128381
2 8   0.0128381
2 9   0.0128381
2 10   0.0128381
2 11   0.0128381
2 12   0.0128381
2 13   0.0128381
2 14   0.0128381
2 15   0.0128381
2 16   0.0128381
2 17   0.0128381
2 18   0.0128381
2 19   0.0128381
2 20   0.0128381
2 21   0.0128381
2 22   0.0128381
2 23   0.0128381
2 24   0.0128381
2 25   0.0128381
2 26   0.0128381
2 27   0.0128381
2 28   0.0128381
2 29   0.0128381
2 30   0.0128381
2 31   0.0128381
2 32   0.0128381
2 33   0.0128381
2 34   0.0128381
2 35   0.0128381
2 36   0.0128381
2 37   0.0128381
2 38   0.0128381
2 39   0.0128381
2 40   0.0128381
3 1   0.0134197
3 2   0.0134197
3 3   0.0134197
3 4   0.0134197
3 5   0.0134197
3 6   0.0134197
3 7   0.0134197
3 8   0.0134197
3 9   0.0134197
3 10   0.0134197
3 11   0.0134197
3 12   0.0134197
3 13   0.0134197
3 14   0.0134197
3 15   0.0134197
3 16   0.0134197
3 17   0.0134197
3 18   0.0134197
3 19   0.0134197
3 20   0.0134197
3 21   0.0134197
3 22   0.0134197
3 23   0.0134197
3 24   0.0134197
3 25   0.0134197
3 26   0.0134197
3 27   0.0134197
3 28   0.0134197
3 29   0.0134197
3 30   0.0134197
3 31   0.0134197
3 32   0.0134197
3 33   0.0134197
3 34   0.0134197
3 35   0.0134197
3 36   0.0134197
3 37   0.0134197
3 38   0.0134197
3 39   0.0134197
3 40   0.0134197
4 1   0.0185636
4 2   0.0185636
4 3   0.0185636
4 4   0.0185636
4 5   0.0185636
4 6   0.0185636
4 7   0.0185636
4 8   0.0185636
4 9   0.0185636
4 10   0.0185636
4 11   0.0185636
4 12   0.0185636
4 13   0.0185636
4 14   0.0185636
4 15   0.0185636
4 16   0.0185636
4 17   0.0185636
4 18   0.0185636
4 19   0.0185636
4 20   0.0185636
4 21   0.0185636
4 22   0.0185636
4 23   0.0185636
4 24   0.0185636
4 25   0.0185636
4 26   0.0185636
4 27   0.0185636
4 28   0.0185636
4 29   0.0185636
4 30   0.0185636
4 31   0.0185636
4 32   0.0185636
4 33   0.0185636
4 34   0.0185636
4 35   0.0185636
4 36   0.0185636
4 37   0.0185636
4 38   0.0185636
4 39   0.0185636
4 40   0.0185636
5 1   0.030447
5 2   0.030447
5 3   0.030447
5 4   0.030447
5 5   0.030447
5 6   0.030447
5 7   0.030447
5 8   0.030447
5 9   0.030447
5 10   0.030447
5 11   0.030447
5 12   0.030447
5 13   0.030447
5 14   0.030447
5 15   0.030447
5 16   0.030447
5 17   0.030447
5 18   0.030447
5 19   0.030447
5 20   0.030447
5 21   0.030447
5 22   0.030447
5 23   0.030447
5 24   0.030447
5 25   0.030447
5 26   0.030447
5 27   0.030447
5 28   0.030447
5 29   0.030447
5 30   0.030447
5 31   0.030447
5 32   0.030447
5 33   0.030447
5 34   0.030447
5 35   0.030447
5 36   0.030447
5 37   0.030447
5 38   0.030447
5 39   0.030447
5 40   0.030447
6 1   0.0490779
6 2   0.0490779
6 3   0.0490779
6 4   0.0490779
6 5   0.0490779
6 6   0.0490779
6 7   0.0490779
6 8   0.0490779
6 9   0.0490779
6 10   0.0490779
6 11   0.0490779
6 12   0.0490779
6 13   0.0490779
6 14   0.0490779
6 15   0.0490779
6 16   0.0490779
6 17   0.0490779
6 18   0.0490779
6 19   0.0490779
6 20   0.0490779
6 21   0.0490779
6 22   0.0490779
6 23   0.0490779
6 24   0.0490779
6 25   0.0490779
6 26   0.0490779
6 27   0.0490779
6 28   0.0490779
6 29   0.0490779
6 30   0.0490779
6 31   0.0490779
6 32   0.0490779
6 33   0.0490779
6 34   0.0490779
6 35   0.0490779
6 36   0.0490779
6 37   0.0490779
6 38   0.0490779
6 39   0.0490779
6 40   0.0490779
7 1   0.0725446
7 2   0.0725446
7 3   0.0725446
7 4   0.0725446
7 5   0.0725446
7 6   0.0725446
7 7   0.0725446
7 8   0.0725446
7 9   0.0725446
7 10   0.0725446
7 11   0.0725446
7 12   0.0725446
7 13   0.0725446
7 14   0.0725446
7 15   0.0725446
7 16   0.0725446
7 17   0.0725446
7 18   0.0725446
7 19   0.0725446
7 20   0.0725446
7 21   0.0725446
7 22   0.0725446
7 23   0.0725446
7 24   0.0725446
7 25   0.0725446
7 26   0.0725446
7 27   0.0725446
7 28   0.0725446
7 29   0.0725446
7 30   0.0725446
7 31   0.0725446
7 32   0.0725446
7 33   0.0725446
7 34   0.0725446
7 35   0.0725446
7 36   0.0725446
7 37   0.0725446
7 38   0.0725446
7 39   0.0725446
7 40   0.0725446
8 1   0.0985653
8 2   0.0985653
8 3   0.0985653
8 4   0.0985653
8 5   0.0985653
8 6   0.0985653
8 7   0.0985653
8 8   0.0985653
8 9   0.0985653
8 10   0.0985653
8 11   0.0985653
8 12   0.0985653
8 13   0.0985653
8 14   0.0985653
8 15   0.0985653
8 16   0.0985653
8 17   0.0985653
8 18   0.0985653
8 19   0.0985653
8 20   0.0985653
8 21   0.0985653
8 22   0.0985653
8 23   0.0985653
8 24   0.0985653
8 25   0.0985653
8 26   0.0985653
8 27   0.0985653
8 28   0.0985653
8 29   0.0985653
8 30   0.0985653
8 31   0.0985653
8 32   0.0985653
8 33   0.0985653
8 34   0.0985653
8 35   0.0985653
8 36   0.0985653
8 37   0.0985653
8 38   0.0985653
8 39   0.0985653
8 40   0.0985653
9 1   0.12632
9 2   0.12632
9 3   0.12632
9 4   0.12632
9 5   0.12632
9 6   0.12632
9 7   0.12632
9 8   0.12632
9 9   0.12632
9 10   0.12632
9 11   0.12632
9 12   0.12632
9 13   0.12632
9 14   0.12632
9 15   0.12632
9 16   0.12632
9 17   0.12632
9 18   0.12632
9 19   0.12632
9 20   0.12632
9 21   0.12632
9 22   0.12632
9 23   0.12632
9 24   0.12632
9 25   0.12632
9 26   0.12632
9 27   0.12632
9 28   0.12632
9 29   0.12632
9 30   0.12632
9 31   0.12632
9 32   0.12632
9 33   0.12632
9 34   0.12632
9 35   0.12632
9 36   0.12632
9 37   0.12632
9 38   0.12632
9 39   0.12632
9 40   0.12632
10 1   0.157363
10 2   0.157363
10 3   0.157363
10 4   0.157363
10 5   0.157363
10 6   0.157363
10 7   0.157363
10 8   0.157363
10 9   0.157363
10 10   0.157363
10 11   0.157363
10 12   0.157363
10 13   0.157363
10 14   0.157363
10 15   0.157363
10 16   0.157363
10 17   0.157363
10 18   0.157363
10 19   0.157363
10 20   0.157363
10 21   0.157363
10 22   0.157363
10 23   0.157363
10 24   0.157363
10 25   0.157363
10 26   0.157363
10 27   0.157363
10 28   0.157363
10 29   0.157363
10 30   0.157363
10 31   0.157363
10 32   0.157363
10 33   0.157363
10 34   0.157363
10 35   0.157363
10 36   0.157363
10 37   0.157363
10 38   0.157363
10 39   0.157363
10 40   0.157363
11 1   0.194953
11 2   0.194953
11 3   0.194953
11 4   0.194953
11 5   0.194953
11 6   0.194953
11 7   0.194953
11 8   0.194953
11 9   0.194953
11 10   0.194953
11 11   0.194953
11 12   0.194953
11 13   0.194953
11 14   0.194953
11 15   0.194953
11 16   0.194953
11 17   0.194953
11 18   0.194953
11 19   0.194953
11 20   0.194953
11 21   0.194953
11 22   0.194953
11 23   0.194953
11 24   0.194953
11 25   0.194953
11 26   0.194953
11 27   0.194953
11 28   0.194953
11 29   0.194953
11 30   0.194953
11 31   0.194953
11 32   0.194953
11 33   0.194953
11 34   0.194953
11 35   0.194953
11 36   0.194953
11 37   0.194953
11 38   0.194953
11 39   0.194953
11 40   0.194953
12 1   0.242123
12 2   0.242123
12 3   0.242123
12 4   0.242123
12 5   0.242123
12 6   0.242123
12 7   0.242123
12 8   0.242123
12 9   0.242123
12 10   0.242123
12 11   0.242123
12 12   0.242123
12 13   0.242123
12 14   0.242123
12 15   0.242123
12 16   0.242123
12 17   0.242123
12 18   0.242123
12 19   0.242123
12 20   0.242123
12 21   0.242123
12 22   0.242123
12 23   0.242123
12 24   0.242123
12 25   0.242123
12 26   0.242123
12 27   0.242123
12 28   0.242123
12 29   0.242123
12 30   0.242123
12 31   0.242123
12 32   0.242123
12 33   0.242123
12 34   0.242123
12 35   0.242123
12 36   0.242123
12 37   0.242123
12 38   0.242123
12 39   0.242123
12 40   0.242123
13 1   0.299485
13 2   0.299485
13 3   0.299485
13 4   0.299485
13 5   0.299485
13 6   0.299485
13 7   0.299485
13 8   0.299485
13 9   0.299485
13 10   0.299485
13 11   0.299485
13 12   0.299485
13 13   0.299485
13 14   0.299485
13 15   0.299485
13 16   0.299485
13 17   0.299485
13 18   0.299485
13 19   0.299485
13 20   0.299485
13 21   0.299485
13 22   0.299485
13 23   0.299485
13 24   0.299485
13 25   0.299485
13 26   0.299485
13 27   0.299485
13 28   0.299485
13 29   0.299485
13 30   0.299485
13 31   0.299485
13 32   0.299485
13 33   0.299485
13 34   0.299485
13 35   0.299485
13 36   0.299485
13 37   0.299485
13 38   0.299485
13 39   0.299485
13 40   0.299485
14 1   0.364018
14 2   0.364018
14 3   0.364018
14 4   0.364018
14 5   0.364018
14 6   0.364018
14 7   0.364018
14 8   0.364018
14 9   0.364018
14 10   0.364018
14 11   0.364018
14 12   0.364018
14 13   0.364018
14 14   0.364018
14 15   0.364018
14 16   0.364018
14 17   0.364018
14 18   0.364018
14 19   0.364018
14 20   0.364018
14 21   0.364018
14 22   0.364018
14 23   0.364018
14 24   0.364018
14 25   0.364018
14 26   0.364018
14 27   0.364018
14 28   0.364018
14 29   0.364018
14 30   0.364018
14 31   0.364018
14 32   0.364018
14 33   0.364018
14 34   0.364018
14 35   0.364018
14 36   0.364018
14 37   0.364018
14 38   0.364018
14 39   0.364018
14 40   0.364018
15 1   0.429457
15 2   0.429457
15 3   0.429457
15 4   0.429457
15 5   0.429457
15 6   0.429457
15 7   0.429457
15 8   0.429457
15 9   0.429457
15 10   0.429457
15 11   0.429457
15 12   0.429457
15 13   0.429457
15 14   0.429457
15 15   0.429457
15 16   0.429457
15 17   0.429457
15 18   0.429457
15 19   0.429457
15 20   0.429457
15 21   0.429457
15 22   0.429457
15 23   0.429457
15 24   0.429457
15 25   0.429457
15 26   0.429457
15 27   0.429457
15 28   0.429457
15 29   0.429457
15 30   0.429457
15 31   0.429457
15 32   0.429457
15 33   0.429457
15 34   0.429457
15 35   0.429457
15 36   0.429457
15 37   0.429457
15 38   0.429457
15 39   0.429457
15 40   0.429457
16 1   0.488028
16 2   0.488028
16 3   0.488028
16 4   0.488028
16 5   0.488028
16 6   0.488028
16 7   0.488028
16 8   0.488028
16 9   0.488028
16 10   0.488028
16 11   0.488028
16 12   0.488028
16 13   0.488028
16 14   0.488028
16 15   0.488028
16 16   0.488028
16 17   0.488028
16 18   0.488028
16 19   0.488028
16 20   0.488028
16 21   0.488028
16 22   0.488028
16 23   0.488028
16 24   0.488028
16 25   0.488028
16 26   0.488028
16 27   0.488028
16 28   0.488028
16 29   0.488028
16 30   0.488028
16 31   0.488028
16 32   0.488028
16 33   0.488028
16 34   0.488028
16 35   0.488028
16 36   0.488028
16 37   0.488028
16 38   0.488028
16 39   0.488028
16 40   0.488028
17 1   0.532552
17 2   0.532552
17 3   0.532552
17 4   0.532552
17 5   0.532552
17 6   0.532552
17 7   0.532552
17 8   0.532552
17 9   0.532552
17 10   0.532552
17 11   0.532552
17 12   0.532552
17 13   0.532552
17 14   0.532552
17 15   0.532552
17 16   0.532552
17 17   0.532552
17 18   0.532552
17 19   0.532552
17 20   0.532552
17 21   0.532552
17 22   0.532552
17 23   0.532552
17 24   0.532552
17 25   0.532552
17 26   0.532552
17 27   0.532552
17 28   0.532552
17 29   0.532552
17 30   0.532552
17 31   0.532552
17 32   0.532552
17 33   0.532552
17 34   0.532552
17 35   0.532552
17 36   0.532552
17 37   0.532552
17 38   0.532552
17 39   0.532552
17 40   0.532552
18 1   0.558029
18 2   0.558029
18 3   0.558029
18 4   0.558029
18 5   0.558029
18 6   0.558029
18 7   0.558029
18 8   0.558029
18 9   0.558029
18 10   0.558029
18 11   0.558029
18 12   0.558029
18 13   0.558029
18 14   0.558029
18 15   0.558029
18 16   0.558029
18 17   0.558029
18 18   0.558029
18 19   0.558029
18 20   0.558029
18 21   0.558029
18 22   0.558029
18 23   0.558029
18 24   0.558029
18 25   0.558029
18 26   0.558029
18 27   0.558029
18 28   0.558029
18 29   0.558029
18 30   0.558029
18 31   0.558029
18 32   0.558029
18 33   0.558029
18 34   0.558029
18 35   0.558029
18 36   0.558029
18 37   0.558029
18 38   0.558029
18 39   0.558029
18 40   0.558029
19 1   0.562498
19 2   0.562498
19 3   0.562498
19 4   0.562498
19 5   0.562498
19 6   0.562498
19 7   0.562498
19 8   0.562498
19 9   0.562498
19 10   0.562498
19 11   0.562498
19 12   0.562498
19 13   0.562498
19 14   0.562498
19 15   0.562498
19 16   0.562498
19 17   0.562498
19 18   0.562498
19 19   0.562498
19 20   0.562498
19 21   0.562498
19 22   0.562498
19 23   0.562498
19 24   0.562498
19 25   0.562498
19 26   0.562498
19 27   0.562498
19 28   0.562498
19 29   0.562498
19 30   0.562498
19 31   0.562498
19 32   0.562498
19 33   0.562498
19 34   0.562498
19 35   0.562498
19 36   0.562498
19 37   0.562498
19 38   0.562498
19 39   0.562498
19 40   0.562498
20 1   0.547478
20 2   0.547478
20 3   0.547478
20 4   0.547478
20 5   0.547478
20 6   0.547478
20 7   0.547478
20 8   0.547478
20 9   0.547478
20 10   0.547478
20 11   0.547478
20 12   0.547478
20 13   0.547478
20 14   0.547478
20 15   0.547478
20 16   0.547478
20 17   0.547478
20 18   0.547478
20 19   0.547478
20 20   0.547478
20 21   0.547478
20 22   0.547478
20 23   0.547478
20 24   0.547478
20 25   0.547478
20 26   0.547478
20 27   0.547478
20 28   0.547478
20 29   0.547478
20 30   0.547478
20 31   0.547478
20 32   0.547478
20 33   0.547478
20 34   0.547478
20 35   0.547478
20 36   0.547478
20 37   0.547478
20 38   0.547478
20 39   0.547478
20 40   0.547478
21 1   0.518171
21 2   0.518171
21 3   0.518171
21 4   0.518171
21 5   0.518171
21 6   0.518171
21 7   0.518171
21 8   0.518171
21 9   0.518171
21 10   0.518171
21 11   0.518171
21 12   0.518171
21 13   0.518171
21 14   0.518171
21 15   0.518171
21 16   0.518171
21 17   0.518171
21 18   0.518171
21 19   0.518171
21 20   0.518171
21 21   0.518171
21 22   0.518171
21 23   0.518171
21 24   0.518171
21 25   0.518171
21 26   0.518171
21 27   0.518171
21 28   0.518171
21 29   0.518171
21 30   0.518171
21 31   0.518171
21 32   0.518171
21 33   0.518171
21 34   0.518171
21 35   0.518171
21 36   0.518171
21 37   0.518171
21 38   0.518171
21 39   0.518171
21 40   0.518171
22 1   0.483081
22 2   0.483081
22 3   0.483081
22 4   0.483081
22 5   0.483081
22 6   0.483081
22 7   0.483081
22 8   0.483081
22 9   0.483081
22 10   0.483081
22 11   0.483081
22 12   0.483081
22 13   0.483081
22 14   0.483081
22 15   0.483081
22 16   0.483081
22 17   0.483081
22 18   0.483081
22 19   0.483081
22 20   0.483081
22 21   0.483081
22 22   0.483081
22 23   0.483081
22 24   0.483081
22 25   0.483081
22 26   0.483081
22 27   0.483081
22 28   0.483081
22 29   0.483081
22 30   0.483081
22 31   0.483081
22 32   0.483081
22 33   0.483081
22 34   0.483081
22 35   0.483081
22 36   0.483081
22 37   0.483081
22 38   0.483081
22 39   0.483081
22 40   0.483081
23 1   0.452563
23 2   0.452563
23 3   0.452563
23 4   0.452563
23 5   0.452563
23 6   0.452563
23 7   0.452563
23 8   0.452563
23 9   0.452563
23 10   0.452563
23 11   0.452563
23 12   0.452563
23 13   0.452563
23 14   0.452563
23 15   0.452563
23 16   0.452563
23 17   0.452563
23 18   0.452563
23 19   0.452563
23 20   0.452563
23 21   0.452563
23 22   0.452563
23 23   0.452563
23 24   0.452563
23 25   0.452563
23 26   0.452563
23 27   0.452563
23 28   0.452563
23 29   0.452563
23 30   0.452563
23 31   0.452563
23 32   0.452563
23 33   0.452563
23 34   0.452563
23 35   0.452563
23 36   0.452563
23 37   0.452563
23 38   0.452563
23 39   0.452563
23 40   0.452563
24 1   0.436336
24 2   0.436336
24 3   0.436336
24 4   0.436336
24 5   0.436336
24 6   0.436336
24 7   0.436336
24 8   0.436336
24 9   0.436336
24 10   0.436336
24 11   0.436336
24 12   0.436336
24 13   0.436336
24 14   0.436336
24 15   0.436336
24 16   0.436336
24 17   0.436336
24 18   0.436336
24 19   0.436336
24 20   0.436336
24 21   0.436336
24 22   0.436336
24 23   0.436336
24 24   0.436336
24 25   0.436336
24 26   0.436336
24 27   0.436336
24 28   0.436336
24 29   0.436336
24 30   0.436336
24 31   0.436336
24 32   0.436336
24 33   0.436336
24 34   0.436336
24 35   0.436336
24 36   0.436336
24 37   0.436336
24 38   0.436336
24 39   0.436336
24 40   0.436336
25 1   0.440847
25 2   0.440847
25 3   0.440847
25 4   0.440847
25 5   0.440847
25 6   0.440847
25 7   0.440847
25 8   0.440847
25 9   0.440847
25 10   0.440847
25 11   0.440847
25 12   0.440847
25 13   0.440847
25 14   0.440847
25 15   0.440847
25 16   0.440847
25 17   0.440847
25 18   0.440847
25 19   0.440847
25 20   0.440847
25 21   0.440847
25 22   0.440847
25 23   0.440847
25 24   0.440847
25 25   0.440847
25 26   0.440847
25 27   0.440847
25 28   0.440847
25 29   0.440847
25 30   0.440847
25 31   0.440847
25 32   0.440847
25 33   0.440847
25 34   0.440847
25 35   0.440847
25 36   0.440847
25 37   0.440847
25 38   0.440847
25 39   0.440847
25 40   0.440847
26 1   0.467657
26 2   0.467657
26 3   0.467657
26 4   0.467657
26 5   0.467657
26 6   0.467657
26 7   0.467657
26 8   0.467657
26 9   0.467657
26 10   0.467657
26 11   0.467657
26 12   0.467657
26 13   0.467657
26 14   0.467657
26 15   0.467657
26 16   0.467657
26 17   0.467657
26 18   0.467657
26 19   0.467657
26 20   0.467657
26 21   0.467657
26 22   0.467657
26 23   0.467657
26 24   0.467657
26 25   0.467657
26 26   0.467657
26 27   0.467657
26 28   0.467657
26 29   0.467657
26 30   0.467657
26 31   0.467657
26 32   0.467657
26 33   0.467657
26 34   0.467657
26 35   0.467657
26 36   0.467657
26 37   0.467657
26 38   0.467657
26 39   0.467657
26 40   0.467657
27 1   0.513558
27 2   0.513558
27 3   0.513558
27 4   0.513558
27 5   0.513558
27 6   0.513558
27 7   0.513558
27 8   0.513558
27 9   0.513558
27 10   0.513558
27 11   0.513558
27 12   0.513558
27 13   0.513558
27 14   0.513558
27 15   0.513558
27 16   0.513558
27 17   0.513558
27 18   0.513558
27 19   0.513558
27 20   0.513558
27 21   0.513558
27 22   0.513558
27 23   0.513558
27 24   0.513558
27 25   0.513558
27 26   0.513558
27 27   0.513558
27 28   0.513558
27 29   0.513558
27 30   0.513558
27 31   0.513558
27 32   0.513558
27 33   0.513558
27 34   0.513558
27 35   0.513558
27 36   0.513558
27 37   0.513558
27 38   0.513558
27 39   0.513558
27 40   0.513558
28 1   0.57217
28 2   0.57217
28 3   0.57217
28 4   0.57217
28 5   0.57217
28 6   0.57217
28 7   0.57217
28 8   0.57217
28 9   0.57217
28 10   0.57217
28 11   0.57217
28 12   0.57217
28 13   0.57217
28 14   0.57217
28 15   0.57217
28 16   0.57217
28 17   0.57217
28 18   0.57217
28 19   0.57217
28 20   0.57217
28 21   0.57217
28 22   0.57217
28 23   0.57217
28 24   0.57217
28 25   0.57217
28 26   0.57217
28 27   0.57217
28 28   0.57217
28 29   0.57217
28 30   0.57217
28 31   0.57217
28 32   0.57217
28 33   0.57217
28 34   0.57217
28 35   0.57217
28 36   0.57217
28 37   0.57217
28 38   0.57217
28 39   0.57217
28 40   0.57217
29 1   0.636113
29 2   0.636113
29 3   0.636113
29 4   0.636113
29 5   0.636113
29 6   0.636113
29 7   0.636113
29 8   0.636113
29 9   0.636113
29 10   0.636113
29 11   0.636113
29 12   0.636113
29 13   0.636113
29 14   0.636113
29 15   0.636113
29 16   0.636113
29 17   0.636113
29 18   0.636113
29 19   0.636113
29 20   0.636113
29 21   0.636113
29 22   0.636113
29 23   0.636113
29 24   0.636113
29 25   0.636113
29 26   0.636113
29 27   0.636113
29 28   0.636113
29 29   0.636113
29 30   0.636113
29 31   0.636113
29 32   0.636113
29 33   0.636113
29 34   0.636113
29 35   0.636113
29 36   0.636113
29 37   0.636113
29 38   0.636113
29 39   0.636113
29 40   0.636113
30 1   0.698849
30 2   0.698849
30 3   0.698849
30 4   0.698849
30 5   0.698849
30 6   0.698849
30 7   0.698849
30 8   0.698849
30 9   0.698849
30 10   0.698849
30 11   0.698849
30 12   0.698849
30 13   0.698849
30 14   0.698849
30 15   0.698849
30 16   0.698849
30 17   0.698849
30 18   0.698849
30 19   0.698849
30 20   0.698849
30 21   0.698849
30 22   0.698849
30 23   0.698849
30 24   0.698849
30 25   0.698849
30 26   0.698849
30 27   0.698849
30 28   0.698849
30 29   0.698849
30 30   0.698849
30 31   0.698849
30 32   0.698849
30 33   0.698849
30 34   0.698849
30 35   0.698849
30 36   0.698849
30 37   0.698849
30 38   0.698849
30 39   0.698849
30 40   0.698849
31 1   0.755727
31 2   0.755727
31 3   0.755727
31 4   0.755727
31 5   0.755727
31 6   0.755727
31 7   0.755727
31 8   0.755727
31 9   0.755727
31 10   0.755727
31 11   0.755727
31 12   0.755727
31 13   0.755727
31 14   0.755727
31 15   0.755727
31 16   0.755727
31 17   0.755727
31 18   0.755727
31 19   0.755727
31 20   0.755727
31 21   0.755727
31 22   0.755727
31 23   0.755727
31 24   0.755727
31 25   0.755727
31 26   0.755727
31 27   0.755727
31 28   0.755727
31 29   0.755727
31 30   0.755727
31 31   0.755727
31 32   0.755727
31 33   0.755727
31 34   0.755727
31 35   0.755727
31 36   0.755727
31 37   0.755727
31 38   0.755727
31 39   0.755727
31 40   0.755727
32 1   0.804296
32 2   0.804296
32 3   0.804296
32 4   0.804296
32 5   0.804296
32 6   0.804296
32 7   0.804296
32 8   0.804296
32 9   0.804296
32 10   0.804296
32 11   0.804296
32 12   0.804296
32 13   0.804296
32 14   0.804296
32 15   0.804296
32 16   0.804296
32 17   0.804296
32 18   0.804296
32 19   0.804296
32 20   0.804296
32 21   0.804296
32 22   0.804296
32 23   0.804296
32 24   0.804296
32 25   0.804296
32 26   0.804296
32 27   0.804296
32 28   0.804296
32 29   0.804296
32 30   0.804296
32 31   0.804296
32 32   0.804296
32 33   0.804296
32 34   0.804296
32 35   0.804296
32 36   0.804296
32 37   0.804296
32 38   0.804296
32 39   0.804296
32 40   0.804296
33 1   0.844121
33 2   0.844121
33 3   0.844121
33 4   0.844121
33 5   0.844121
33 6   0.844121
33 7   0.844121
33 8   0.844121
33 9   0.844121
33 10   0.844121
33 11   0.844121
33 12   0.844121
33 13   0.844121
33 14   0.844121
33 15   0.844121
33 16   0.844121
33 17   0.844121
33 18   0.844121
33 19   0.844121
33 20   0.844121
33 21   0.844121
33 22   0.844121
33 23   0.844121
33 24   0.844121
33 25   0.844121
33 26   0.844121
33 27   0.844121
33 28   0.844121
33 29   0.844121
33 30   0.844121
33 31   0.844121
33 32   0.844121
33 33   0.844121
33 34   0.844121
33 35   0.844121
33 36   0.844121
33 37   0.844121
33 38   0.844121
33 39   0.844121
33 40   0.844121
34 1   0.876319
34 2   0.876319
34 3   0.876319
34 4   0.876319
34 5   0.876319
34 6   0.876319
34 7   0.876319
34 8   0.876319
34 9   0.876319
34 10   0.876319
34 11   0.876319
34 12   0.876319
34 13   0.876319
34 14   0.876319
34 15   0.876319
34 16   0.876319
34 17   0.876319
34 18   0.876319
34 19   0.876319
34 20   0.876319
34 21   0.876319
34 22   0.876319
34 23   0.876319
34 24   0.876319
34 25   0.876319
34 26   0.876319
34 27   0.876319
34 28   0.876319
34 29   0.876319
34 30   0.876319
34 31   0.876319
34 32   0.876319
34 33   0.876319
34 34   0.876319
34 35   0.876319
34 36   0.876319
34 37   0.876319
34 38   0.876319
34 39   0.876319
34 40   0.876319
35 1   0.902829
35 2   0.902829
35 3   0.902829
35 4   0.902829
35 5   0.902829
35 6   0.902829
35 7   0.902829
35 8   0.902829
35 9   0.902829
35 10   0.902829
35 11   0.902829
35 12   0.902829
35 13   0.902829
35 14   0.902829
35 15   0.902829
35 16   0.902829
35 17   0.902829
35 18   0.902829
35 19   0.902829
35 20   0.902829
35 21   0.902829
35 22   0.902829
35 23   0.902829
35 24   0.902829
35 25   0.902829
35 26   0.902829
35 27   0.902829
35 28   0.902829
35 29   0.902829
35 30   0.902829
35 31   0.902829
35 32   0.902829
35 33   0.902829
35 34   0.902829
35 35   0.902829
35 36   0.902829
35 37   0.902829
35 38   0.902829
35 39   0.902829
35 40   0.902829
36 1   0.925507
36 2   0.925507
36 3   0.925507
36 4   0.925507
36 5   0.925507
36 6   0.925507
36 7   0.925507
36 8   0.925507
36 9   0.925507
36 10   0.925507
36 11   0.925507
36 12   0.925507
36 13   0.925507
36 14   0.925507
36 15   0.925507
36 16   0.925507
36 17   0.925507
36 18   0.925507
36 19   0.925507
36 20   0.925507
36 21   0.925507
36 22   0.925507
36 23   0.925507
36 24   0.925507
36 25   0.925507
36 26   0.925507
36 27   0.925507
36 28   0.925507
36 29   0.925507
36 30   0.925507
36 31   0.925507
36 32   0.925507
36 33   0.925507
36 34   0.925507
36 35   0.925507
36 36   0.925507
36 37   0.925507
36 38   0.925507
36 39   0.925507
36 40   0.925507
37 1   0.945311
37 2   0.945311
37 3   0.945311
37 4   0.945311
37 5   0.945311
37 6   0.945311
37 7   0.945311
37 8   0.945311
37 9   0.945311
37 10   0.945311
37 11   0.945311
37 12   0.945311
37 13   0.945311
37 14   0.945311
37 15   0.945311
37 16   0.945311
37 17   0.945311
37 18   0.945311
37 19   0.945311
37 20   0.945311
37 21   0.945311
37 22   0.945311
37 23   0.945311
37 24   0.945311
37 25   0.945311
37 26   0.945311
37 27   0.945311
37 28   0.945311
37 29   0.945311
37 30   0.945311
37 31   0.945311
37 32   0.945311
37 33   0.945311
37 34   0.945311
37 35   0.945311
37 36   0.945311
37 37   0.945311
37 38   0.945311
37 39   0.945311
37 40   0.945311
38 1   0.961975
38 2   0.961975
38 3   0.961975
38 4   0.961975
38 5   0.961975
38 6   0.961975
38 7   0.961975
38 8   0.961975
38 9   0.961975
38 10   0.961975
38 11   0.961975
38 12   0.961975
38 13   0.961975
38 14   0.961975
38 15   0.961975
38 16   0.961975
38 17   0.961975
38 18   0.961975
38 19   0.961975
38 20   0.961975
38 21   0.961975
38 22   0.961975
38 23   0.961975
38 24   0.961975
38 25   0.961975
38 26   0.961975
38 27   0.961975
38 28   0.961975
38 29   0.961975
38 30   0.961975
38 31   0.961975
38 32   0.961975
38 33   0.961975
38 34   0.961975
38 35   0.961975
38 36   0.961975
38 37   0.961975
38 38   0.961975
38 39   0.961975
38 40   0.961975
39 1   0.97431
39 2   0.97431
39 3   0.97431
39 4   0.97431
39 5   0.97431
39 6   0.97431
39 7   0.97431
39 8   0.97431
39 9   0.97431
39 10   0.97431
39 11   0.97431
39 12   0.97431
39 13   0.97431
39 14   0.97431
39 15   0.97431
39 16   0.97431
39 17   0.97431
39 18   0.97431
39 19   0.97431
39 20   0.97431
39 21   0.97431
39 22   0.97431
39 23   0.97431
39 24   0.97431
39 25   0.97431
39 26   0.97431
39 27   0.97431
39 28   0.97431
39 29   0.97431
39 30   0.97431
39 31   0.97431
39 32   0.97431
39 33   0.97431
39 34   0.97431
39 35   0.97431
39 36   0.97431
39 37   0.97431
39 38   0.97431
39 39   0.97431
39 40   0.97431
40 1   0.980926
40 2   0.980926
40 3   0.980926
40 4   0.980926
40 5   0.980926
40 6   0.980926
40 7   0.980926
40 8   0.980926
40 9   0.980926
40 10   0.980926
40 11   0.980926
40 12   0.980926
40 13   0.980926
40 14   0.980926
40 15   0.980926
40 16   0.980926
40 17   0.980926
40 18   0.980926
40 19   0.980926
40 20   0.980926
40 21   0.980926
40 22   0.980926
40 23   0.980926
40 24   0.980926
40 25   0.980926
40 26   0.980926
40 27   0.980926
40 28   0.980926
40 29   0.980926
40 30   0.980926
40 31   0.980926
40 32   0.980926
40 33   0.980926
40 34   0.980926
40 35   0.980926
40 36   0.980926
40 37   0.980926
40 38   0.980926
40 39   0.980926
40 40   0.980926
