1 1   -0.113517
1 2   -0.113517
1 3   -0.113517
1 4   -0.113517
1 5   -0.113517
1 6   -0.113517
1 7   -0.113517
1 8   -0.113517
1 9   -0.113517
1 10   -0.113517
1 11   -0.113517
1 12   -0.113517
1 13   -0.113517
1 14   -0.113517
1 15   -0.113517
1 16   -0.113517
1 17   -0.113517
1 18   -0.113517
1 19   -0.113517
1 20   -0.113517
1 21   -0.113517
1 22   -0.113517
1 23   -0.113517
1 24   -0.113517
1 25   -0.113517
1 26   -0.113517
1 27   -0.113517
1 28   -0.113517
1 29   -0.113517
1 30   -0.113517
1 31   -0.113517
1 32   -0.113517
1 33   -0.113517
1 34   -0.113517
1 35   -0.113517
1 36   -0.113517
1 37   -0.113517
1 38   -0.113517
1 39   -0.113517
1 40   -0.113517
2 1   -0.0805622
2 2   -0.0805622
2 3   -0.0805622
2 4   -0.0805622
2 5   -0.0805622
2 6   -0.0805622
2 7   -0.0805622
2 8   -0.0805622
2 9   -0.0805622
2 10   -0.0805622
2 11   -0.0805622
2 12   -0.0805622
2 13   -0.0805622
2 14   -0.0805622
2 15   -0.0805622
2 16   -0.0805622
2 17   -0.0805622
2 18   -0.0805622
2 19   -0.0805622
2 20   -0.0805622
2 21   -0.0805622
2 22   -0.0805622
2 23   -0.0805622
2 24   -0.0805622
2 25   -0.0805622
2 26   -0.0805622
2 27   -0.0805622
2 28   -0.0805622
2 29   -0.0805622
2 30   -0.0805622
2 31   -0.0805622
2 32   -0.0805622
2 33   -0.0805622
2 34   -0.0805622
2 35   -0.0805622
2 36   -0.0805622
2 37   -0.0805622
2 38   -0.0805622
2 39   -0.0805622
2 40   -0.0805622
3 1   -0.0251142
3 2   -0.0251142
3 3   -0.0251142
3 4   -0.0251142
3 5   -0.0251142
3 6   -0.0251142
3 7   -0.0251142
3 8   -0.0251142
3 9   -0.0251142
3 10   -0.0251142
3 11   -0.0251142
3 12   -0.0251142
3 13   -0.0251142
3 14   -0.0251142
3 15   -0.0251142
3 16   -0.0251142
3 17   -0.0251142
3 18   -0.0251142
3 19   -0.0251142
3 20   -0.0251142
3 21   -0.0251142
3 22   -0.0251142
3 23   -0.0251142
3 24   -0.0251142
3 25   -0.0251142
3 26   -0.0251142
3 27   -0.0251142
3 28   -0.0251142
3 29   -0.0251142
3 30   -0.0251142
3 31   -0.0251142
3 32   -0.0251142
3 33   -0.0251142
3 34   -0.0251142
3 35   -0.0251142
3 36   -0.0251142
3 37   -0.0251142
3 38   -0.0251142
3 39   -0.0251142
3 40   -0.0251142
4 1   0.039472
4 2   0.039472
4 3   0.039472
4 4   0.039472
4 5   0.039472
4 6   0.039472
4 7   0.039472
4 8   0.039472
4 9   0.039472
4 10   0.039472
4 11   0.039472
4 12   0.039472
4 13   0.039472
4 14   0.039472
4 15   0.039472
4 16   0.039472
4 17   0.039472
4 18   0.039472
4 19   0.039472
4 20   0.039472
4 21   0.039472
4 22   0.039472
4 23   0.039472
4 24   0.039472
4 25   0.039472
4 26   0.039472
4 27   0.039472
4 28   0.039472
4 29   0.039472
4 30   0.039472
4 31   0.039472
4 32   0.039472
4 33   0.039472
4 34   0.039472
4 35   0.039472
4 36   0.039472
4 37   0.039472
4 38   0.039472
4 39   0.039472
4 40   0.039472
5 1   0.104197
5 2   0.104197
5 3   0.104197
5 4   0.104197
5 5   0.104197
5 6   0.104197
5 7   0.104197
5 8   0.104197
5 9   0.104197
5 10   0.104197
5 11   0.104197
5 12   0.104197
5 13   0.104197
5 14   0.104197
5 15   0.104197
5 16   0.104197
5 17   0.104197
5 18   0.104197
5 19   0.104197
5 20   0.104197
5 21   0.104197
5 22   0.104197
5 23   0.104197
5 24   0.104197
5 25   0.104197
5 26   0.104197
5 27   0.104197
5 28   0.104197
5 29   0.104197
5 30   0.104197
5 31   0.104197
5 32   0.104197
5 33   0.104197
5 34   0.104197
5 35   0.104197
5 36   0.104197
5 37   0.104197
5 38   0.104197
5 39   0.104197
5 40   0.104197
6 1   0.165333
6 2   0.165333
6 3   0.165333
6 4   0.165333
6 5   0.165333
6 6   0.165333
6 7   0.165333
6 8   0.165333
6 9   0.165333
6 10   0.165333
6 11   0.165333
6 12   0.165333
6 13   0.165333
6 14   0.165333
6 15   0.165333
6 16   0.165333
6 17   0.165333
6 18   0.165333
6 19   0.165333
6 20   0.165333
6 21   0.165333
6 22   0.165333
6 23   0.165333
6 24   0.165333
6 25   0.165333
6 26   0.165333
6 27   0.165333
6 28   0.165333
6 29   0.165333
6 30   0.165333
6 31   0.165333
6 32   0.165333
6 33   0.165333
6 34   0.165333
6 35   0.165333
6 36   0.165333
6 37   0.165333
6 38   0.165333
6 39   0.165333
6 40   0.165333
7 1   0.222033
7 2   0.222033
7 3   0.222033
7 4   0.222033
7 5   0.222033
7 6   0.222033
7 7   0.222033
7 8   0.222033
7 9   0.222033
7 10   0.222033
7 11   0.222033
7 12   0.222033
7 13   0.222033
7 14   0.222033
7 15   0.222033
7 16   0.222033
7 17   0.222033
7 18   0.222033
7 19   0.222033
7 20   0.222033
7 21   0.222033
7 22   0.222033
7 23   0.222033
7 24   0.222033
7 25   0.222033
7 26   0.222033
7 27   0.222033
7 28   0.222033
7 29   0.222033
7 30   0.222033
7 31   0.222033
7 32   0.222033
7 33   0.222033
7 34   0.222033
7 35   0.222033
7 36   0.222033
7 37   0.222033
7 38   0.222033
7 39   0.222033
7 40   0.222033
8 1   0.27591
8 2   0.27591
8 3   0.27591
8 4   0.27591
8 5   0.27591
8 6   0.27591
8 7   0.27591
8 8   0.27591
8 9   0.27591
8 10   0.27591
8 11   0.27591
8 12   0.27591
8 13   0.27591
8 14   0.27591
8 15   0.27591
8 16   0.27591
8 17   0.27591
8 18   0.27591
8 19   0.27591
8 20   0.27591
8 21   0.27591
8 22   0.27591
8 23   0.27591
8 24   0.27591
8 25   0.27591
8 26   0.27591
8 27   0.27591
8 28   0.27591
8 29   0.27591
8 30   0.27591
8 31   0.27591
8 32   0.27591
8 33   0.27591
8 34   0.27591
8 35   0.27591
8 36   0.27591
8 37   0.27591
8 38   0.27591
8 39   0.27591
8 40   0.27591
9 1   0.330359
9 2   0.330359
9 3   0.330359
9 4   0.330359
9 5   0.330359
9 6   0.330359
9 7   0.330359
9 8   0.330359
9 9   0.330359
9 10   0.330359
9 11   0.330359
9 12   0.330359
9 13   0.330359
9 14   0.330359
9 15   0.330359
9 16   0.330359
9 17   0.330359
9 18   0.330359
9 19   0.330359
9 20   0.330359
9 21   0.330359
9 22   0.330359
9 23   0.330359
9 24   0.330359
9 25   0.330359
9 26   0.330359
9 27   0.330359
9 28   0.330359
9 29   0.330359
9 30   0.330359
9 31   0.330359
9 32   0.330359
9 33   0.330359
9 34   0.330359
9 35   0.330359
9 36   0.330359
9 37   0.330359
9 38   0.330359
9 39   0.330359
9 40   0.330359
10 1   0.385681
10 2   0.385681
10 3   0.385681
10 4   0.385681
10 5   0.385681
10 6   0.385681
10 7   0.385681
10 8   0.385681
10 9   0.385681
10 10   0.385681
10 11   0.385681
10 12   0.385681
10 13   0.385681
10 14   0.385681
10 15   0.385681
10 16   0.385681
10 17   0.385681
10 18   0.385681
10 19   0.385681
10 20   0.385681
10 21   0.385681
10 22   0.385681
10 23   0.385681
10 24   0.385681
10 25   0.385681
10 26   0.385681
10 27   0.385681
10 28   0.385681
10 29   0.385681
10 30   0.385681
10 31   0.385681
10 32   0.385681
10 33   0.385681
10 34   0.385681
10 35   0.385681
10 36   0.385681
10 37   0.385681
10 38   0.385681
10 39   0.385681
10 40   0.385681
11 1   0.434858
11 2   0.434858
11 3   0.434858
11 4   0.434858
11 5   0.434858
11 6   0.434858
11 7   0.434858
11 8   0.434858
11 9   0.434858
11 10   0.434858
11 11   0.434858
11 12   0.434858
11 13   0.434858
11 14   0.434858
11 15   0.434858
11 16   0.434858
11 17   0.434858
11 18   0.434858
11 19   0.434858
11 20   0.434858
11 21   0.434858
11 22   0.434858
11 23   0.434858
11 24   0.434858
11 25   0.434858
11 26   0.434858
11 27   0.434858
11 28   0.434858
11 29   0.434858
11 30   0.434858
11 31   0.434858
11 32   0.434858
11 33   0.434858
11 34   0.434858
11 35   0.434858
11 36   0.434858
11 37   0.434858
11 38   0.434858
11 39   0.434858
11 40   0.434858
12 1   0.467729
12 2   0.467729
12 3   0.467729
12 4   0.467729
12 5   0.467729
12 6   0.467729
12 7   0.467729
12 8   0.467729
12 9   0.467729
12 10   0.467729
12 11   0.467729
12 12   0.467729
12 13   0.467729
12 14   0.467729
12 15   0.467729
12 16   0.467729
12 17   0.467729
12 18   0.467729
12 19   0.467729
12 20   0.467729
12 21   0.467729
12 22   0.467729
12 23   0.467729
12 24   0.467729
12 25   0.467729
12 26   0.467729
12 27   0.467729
12 28   0.467729
12 29   0.467729
12 30   0.467729
12 31   0.467729
12 32   0.467729
12 33   0.467729
12 34   0.467729
12 35   0.467729
12 36   0.467729
12 37   0.467729
12 38   0.467729
12 39   0.467729
12 40   0.467729
13 1   0.480639
13 2   0.480639
13 3   0.480639
13 4   0.480639
13 5   0.480639
13 6   0.480639
13 7   0.480639
13 8   0.480639
13 9   0.480639
13 10   0.480639
13 11   0.480639
13 12   0.480639
13 13   0.480639
13 14   0.480639
13 15   0.480639
13 16   0.480639
13 17   0.480639
13 18   0.480639
13 19   0.480639
13 20   0.480639
13 21   0.480639
13 22   0.480639
13 23   0.480639
13 24   0.480639
13 25   0.480639
13 26   0.480639
13 27   0.480639
13 28   0.480639
13 29   0.480639
13 30   0.480639
13 31   0.480639
13 32   0.480639
13 33   0.480639
13 34   0.480639
13 35   0.480639
13 36   0.480639
13 37   0.480639
13 38   0.480639
13 39   0.480639
13 40   0.480639
14 1   0.480805
14 2   0.480805
14 3   0.480805
14 4   0.480805
14 5   0.480805
14 6   0.480805
14 7   0.480805
14 8   0.480805
14 9   0.480805
14 10   0.480805
14 11   0.480805
14 12   0.480805
14 13   0.480805
14 14   0.480805
14 15   0.480805
14 16   0.480805
14 17   0.480805
14 18   0.480805
14 19   0.480805
14 20   0.480805
14 21   0.480805
14 22   0.480805
14 23   0.480805
14 24   0.480805
14 25   0.480805
14 26   0.480805
14 27   0.480805
14 28   0.480805
14 29   0.480805
14 30   0.480805
14 31   0.480805
14 32   0.480805
14 33   0.480805
14 34   0.480805
14 35   0.480805
14 36   0.480805
14 37   0.480805
14 38   0.480805
14 39   0.480805
14 40   0.480805
15 1   0.480684
15 2   0.480684
15 3   0.480684
15 4   0.480684
15 5   0.480684
15 6   0.480684
15 7   0.480684
15 8   0.480684
15 9   0.480684
15 10   0.480684
15 11   0.480684
15 12   0.480684
15 13   0.480684
15 14   0.480684
15 15   0.480684
15 16   0.480684
15 17   0.480684
15 18   0.480684
15 19   0.480684
15 20   0.480684
15 21   0.480684
15 22   0.480684
15 23   0.480684
15 24   0.480684
15 25   0.480684
15 26   0.480684
15 27   0.480684
15 28   0.480684
15 29   0.480684
15 30   0.480684
15 31   0.480684
15 32   0.480684
15 33   0.480684
15 34   0.480684
15 35   0.480684
15 36   0.480684
15 37   0.480684
15 38   0.480684
15 39   0.480684
15 40   0.480684
16 1   0.487775
16 2   0.487775
16 3   0.487775
16 4   0.487775
16 5   0.487775
16 6   0.487775
16 7   0.487775
16 8   0.487775
16 9   0.487775
16 10   0.487775
16 11   0.487775
16 12   0.487775
16 13   0.487775
16 14   0.487775
16 15   0.487775
16 16   0.487775
16 17   0.487775
16 18   0.487775
16 19   0.487775
16 20   0.487775
16 21   0.487775
16 22   0.487775
16 23   0.487775
16 24   0.487775
16 25   0.487775
16 26   0.487775
16 27   0.487775
16 28   0.487775
16 29   0.487775
16 30   0.487775
16 31   0.487775
16 32   0.487775
16 33   0.487775
16 34   0.487775
16 35   0.487775
16 36   0.487775
16 37   0.487775
16 38   0.487775
16 39   0.487775
16 40   0.487775
17 1   0.499189
17 2   0.499189
17 3   0.499189
17 4   0.499189
17 5   0.499189
17 6   0.499189
17 7   0.499189
17 8   0.499189
17 9   0.499189
17 10   0.499189
17 11   0.499189
17 12   0.499189
17 13   0.499189
17 14   0.499189
17 15   0.499189
17 16   0.499189
17 17   0.499189
17 18   0.499189
17 19   0.499189
17 20   0.499189
17 21   0.499189
17 22   0.499189
17 23   0.499189
17 24   0.499189
17 25   0.499189
17 26   0.499189
17 27   0.499189
17 28   0.499189
17 29   0.499189
17 30   0.499189
17 31   0.499189
17 32   0.499189
17 33   0.499189
17 34   0.499189
17 35   0.499189
17 36   0.499189
17 37   0.499189
17 38   0.499189
17 39   0.499189
17 40   0.499189
18 1   0.506016
18 2   0.506016
18 3   0.506016
18 4   0.506016
18 5   0.506016
18 6   0.506016
18 7   0.506016
18 8   0.506016
18 9   0.506016
18 10   0.506016
18 11   0.506016
18 12   0.506016
18 13   0.506016
18 14   0.506016
18 15   0.506016
18 16   0.506016
18 17   0.506016
18 18   0.506016
18 19   0.506016
18 20   0.506016
18 21   0.506016
18 22   0.506016
18 23   0.506016
18 24   0.506016
18 25   0.506016
18 26   0.506016
18 27   0.506016
18 28   0.506016
18 29   0.506016
18 30   0.506016
18 31   0.506016
18 32   0.506016
18 33   0.506016
18 34   0.506016
18 35   0.506016
18 36   0.506016
18 37   0.506016
18 38   0.506016
18 39   0.506016
18 40   0.506016
19 1   0.503315
19 2   0.503315
19 3   0.503315
19 4   0.503315
19 5   0.503315
19 6   0.503315
19 7   0.503315
19 8   0.503315
19 9   0.503315
19 10   0.503315
19 11   0.503315
19 12   0.503315
19 13   0.503315
19 14   0.503315
19 15   0.503315
19 16   0.503315
19 17   0.503315
19 18   0.503315
19 19   0.503315
19 20   0.503315
19 21   0.503315
19 22   0.503315
19 23   0.503315
19 24   0.503315
19 25   0.503315
19 26   0.503315
19 27   0.503315
19 28   0.503315
19 29   0.503315
19 30   0.503315
19 31   0.503315
19 32   0.503315
19 33   0.503315
19 34   0.503315
19 35   0.503315
19 36   0.503315
19 37   0.503315
19 38   0.503315
19 39   0.503315
19 40   0.503315
20 1   0.495611
20 2   0.495611
20 3   0.495611
20 4   0.495611
20 5   0.495611
20 6   0.495611
20 7   0.495611
20 8   0.495611
20 9   0.495611
20 10   0.495611
20 11   0.495611
20 12   0.495611
20 13   0.495611
20 14   0.495611
20 15   0.495611
20 16   0.495611
20 17   0.495611
20 18   0.495611
20 19   0.495611
20 20   0.495611
20 21   0.495611
20 22   0.495611
20 23   0.495611
20 24   0.495611
20 25   0.495611
20 26   0.495611
20 27   0.495611
20 28   0.495611
20 29   0.495611
20 30   0.495611
20 31   0.495611
20 32   0.495611
20 33   0.495611
20 34   0.495611
20 35   0.495611
20 36   0.495611
20 37   0.495611
20 38   0.495611
20 39   0.495611
20 40   0.495611
21 1   0.492297
21 2   0.492297
21 3   0.492297
21 4   0.492297
21 5   0.492297
21 6   0.492297
21 7   0.492297
21 8   0.492297
21 9   0.492297
21 10   0.492297
21 11   0.492297
21 12   0.492297
21 13   0.492297
21 14   0.492297
21 15   0.492297
21 16   0.492297
21 17   0.492297
21 18   0.492297
21 19   0.492297
21 20   0.492297
21 21   0.492297
21 22   0.492297
21 23   0.492297
21 24   0.492297
21 25   0.492297
21 26   0.492297
21 27   0.492297
21 28   0.492297
21 29   0.492297
21 30   0.492297
21 31   0.492297
21 32   0.492297
21 33   0.492297
21 34   0.492297
21 35   0.492297
21 36   0.492297
21 37   0.492297
21 38   0.492297
21 39   0.492297
21 40   0.492297
22 1   0.497885
22 2   0.497885
22 3   0.497885
22 4   0.497885
22 5   0.497885
22 6   0.497885
22 7   0.497885
22 8   0.497885
22 9   0.497885
22 10   0.497885
22 11   0.497885
22 12   0.497885
22 13   0.497885
22 14   0.497885
22 15   0.497885
22 16   0.497885
22 17   0.497885
22 18   0.497885
22 19   0.497885
22 20   0.497885
22 21   0.497885
22 22   0.497885
22 23   0.497885
22 24   0.497885
22 25   0.497885
22 26   0.497885
22 27   0.497885
22 28   0.497885
22 29   0.497885
22 30   0.497885
22 31   0.497885
22 32   0.497885
22 33   0.497885
22 34   0.497885
22 35   0.497885
22 36   0.497885
22 37   0.497885
22 38   0.497885
22 39   0.497885
22 40   0.497885
23 1   0.507106
23 2   0.507106
23 3   0.507106
23 4   0.507106
23 5   0.507106
23 6   0.507106
23 7   0.507106
23 8   0.507106
23 9   0.507106
23 10   0.507106
23 11   0.507106
23 12   0.507106
23 13   0.507106
23 14   0.507106
23 15   0.507106
23 16   0.507106
23 17   0.507106
23 18   0.507106
23 19   0.507106
23 20   0.507106
23 21   0.507106
23 22   0.507106
23 23   0.507106
23 24   0.507106
23 25   0.507106
23 26   0.507106
23 27   0.507106
23 28   0.507106
23 29   0.507106
23 30   0.507106
23 31   0.507106
23 32   0.507106
23 33   0.507106
23 34   0.507106
23 35   0.507106
23 36   0.507106
23 37   0.507106
23 38   0.507106
23 39   0.507106
23 40   0.507106
24 1   0.51029
24 2   0.51029
24 3   0.51029
24 4   0.51029
24 5   0.51029
24 6   0.51029
24 7   0.51029
24 8   0.51029
24 9   0.51029
24 10   0.51029
24 11   0.51029
24 12   0.51029
24 13   0.51029
24 14   0.51029
24 15   0.51029
24 16   0.51029
24 17   0.51029
24 18   0.51029
24 19   0.51029
24 20   0.51029
24 21   0.51029
24 22   0.51029
24 23   0.51029
24 24   0.51029
24 25   0.51029
24 26   0.51029
24 27   0.51029
24 28   0.51029
24 29   0.51029
24 30   0.51029
24 31   0.51029
24 32   0.51029
24 33   0.51029
24 34   0.51029
24 35   0.51029
24 36   0.51029
24 37   0.51029
24 38   0.51029
24 39   0.51029
24 40   0.51029
25 1   0.503711
25 2   0.503711
25 3   0.503711
25 4   0.503711
25 5   0.503711
25 6   0.503711
25 7   0.503711
25 8   0.503711
25 9   0.503711
25 10   0.503711
25 11   0.503711
25 12   0.503711
25 13   0.503711
25 14   0.503711
25 15   0.503711
25 16   0.503711
25 17   0.503711
25 18   0.503711
25 19   0.503711
25 20   0.503711
25 21   0.503711
25 22   0.503711
25 23   0.503711
25 24   0.503711
25 25   0.503711
25 26   0.503711
25 27   0.503711
25 28   0.503711
25 29   0.503711
25 30   0.503711
25 31   0.503711
25 32   0.503711
25 33   0.503711
25 34   0.503711
25 35   0.503711
25 36   0.503711
25 37   0.503711
25 38   0.503711
25 39   0.503711
25 40   0.503711
26 1   0.494024
26 2   0.494024
26 3   0.494024
26 4   0.494024
26 5   0.494024
26 6   0.494024
26 7   0.494024
26 8   0.494024
26 9   0.494024
26 10   0.494024
26 11   0.494024
26 12   0.494024
26 13   0.494024
26 14   0.494024
26 15   0.494024
26 16   0.494024
26 17   0.494024
26 18   0.494024
26 19   0.494024
26 20   0.494024
26 21   0.494024
26 22   0.494024
26 23   0.494024
26 24   0.494024
26 25   0.494024
26 26   0.494024
26 27   0.494024
26 28   0.494024
26 29   0.494024
26 30   0.494024
26 31   0.494024
26 32   0.494024
26 33   0.494024
26 34   0.494024
26 35   0.494024
26 36   0.494024
26 37   0.494024
26 38   0.494024
26 39   0.494024
26 40   0.494024
27 1   0.492431
27 2   0.492431
27 3   0.492431
27 4   0.492431
27 5   0.492431
27 6   0.492431
27 7   0.492431
27 8   0.492431
27 9   0.492431
27 10   0.492431
27 11   0.492431
27 12   0.492431
27 13   0.492431
27 14   0.492431
27 15   0.492431
27 16   0.492431
27 17   0.492431
27 18   0.492431
27 19   0.492431
27 20   0.492431
27 21   0.492431
27 22   0.492431
27 23   0.492431
27 24   0.492431
27 25   0.492431
27 26   0.492431
27 27   0.492431
27 28   0.492431
27 29   0.492431
27 30   0.492431
27 31   0.492431
27 32   0.492431
27 33   0.492431
27 34   0.492431
27 35   0.492431
27 36   0.492431
27 37   0.492431
27 38   0.492431
27 39   0.492431
27 40   0.492431
28 1   0.504621
28 2   0.504621
28 3   0.504621
28 4   0.504621
28 5   0.504621
28 6   0.504621
28 7   0.504621
28 8   0.504621
28 9   0.504621
28 10   0.504621
28 11   0.504621
28 12   0.504621
28 13   0.504621
28 14   0.504621
28 15   0.504621
28 16   0.504621
28 17   0.504621
28 18   0.504621
28 19   0.504621
28 20   0.504621
28 21   0.504621
28 22   0.504621
28 23   0.504621
28 24   0.504621
28 25   0.504621
28 26   0.504621
28 27   0.504621
28 28   0.504621
28 29   0.504621
28 30   0.504621
28 31   0.504621
28 32   0.504621
28 33   0.504621
28 34   0.504621
28 35   0.504621
28 36   0.504621
28 37   0.504621
28 38   0.504621
28 39   0.504621
28 40   0.504621
29 1   0.525975
29 2   0.525975
29 3   0.525975
29 4   0.525975
29 5   0.525975
29 6   0.525975
29 7   0.525975
29 8   0.525975
29 9   0.525975
29 10   0.525975
29 11   0.525975
29 12   0.525975
29 13   0.525975
29 14   0.525975
29 15   0.525975
29 16   0.525975
29 17   0.525975
29 18   0.525975
29 19   0.525975
29 20   0.525975
29 21   0.525975
29 22   0.525975
29 23   0.525975
29 24   0.525975
29 25   0.525975
29 26   0.525975
29 27   0.525975
29 28   0.525975
29 29   0.525975
29 30   0.525975
29 31   0.525975
29 32   0.525975
29 33   0.525975
29 34   0.525975
29 35   0.525975
29 36   0.525975
29 37   0.525975
29 38   0.525975
29 39   0.525975
29 40   0.525975
30 1   0.546566
30 2   0.546566
30 3   0.546566
30 4   0.546566
30 5   0.546566
30 6   0.546566
30 7   0.546566
30 8   0.546566
30 9   0.546566
30 10   0.546566
30 11   0.546566
30 12   0.546566
30 13   0.546566
30 14   0.546566
30 15   0.546566
30 16   0.546566
30 17   0.546566
30 18   0.546566
30 19   0.546566
30 20   0.546566
30 21   0.546566
30 22   0.546566
30 23   0.546566
30 24   0.546566
30 25   0.546566
30 26   0.546566
30 27   0.546566
30 28   0.546566
30 29   0.546566
30 30   0.546566
30 31   0.546566
30 32   0.546566
30 33   0.546566
30 34   0.546566
30 35   0.546566
30 36   0.546566
30 37   0.546566
30 38   0.546566
30 39   0.546566
30 40   0.546566
31 1   0.560861
31 2   0.560861
31 3   0.560861
31 4   0.560861
31 5   0.560861
31 6   0.560861
31 7   0.560861
31 8   0.560861
31 9   0.560861
31 10   0.560861
31 11   0.560861
31 12   0.560861
31 13   0.560861
31 14   0.560861
31 15   0.560861
31 16   0.560861
31 17   0.560861
31 18   0.560861
31 19   0.560861
31 20   0.560861
31 21   0.560861
31 22   0.560861
31 23   0.560861
31 24   0.560861
31 25   0.560861
31 26   0.560861
31 27   0.560861
31 28   0.560861
31 29   0.560861
31 30   0.560861
31 31   0.560861
31 32   0.560861
31 33   0.560861
31 34   0.560861
31 35   0.560861
31 36   0.560861
31 37   0.560861
31 38   0.560861
31 39   0.560861
31 40   0.560861
32 1   0.572271
32 2   0.572271
32 3   0.572271
32 4   0.572271
32 5   0.572271
32 6   0.572271
32 7   0.572271
32 8   0.572271
32 9   0.572271
32 10   0.572271
32 11   0.572271
32 12   0.572271
32 13   0.572271
32 14   0.572271
32 15   0.572271
32 16   0.572271
32 17   0.572271
32 18   0.572271
32 19   0.572271
32 20   0.572271
32 21   0.572271
32 22   0.572271
32 23   0.572271
32 24   0.572271
32 25   0.572271
32 26   0.572271
32 27   0.572271
32 28   0.572271
32 29   0.572271
32 30   0.572271
32 31   0.572271
32 32   0.572271
32 33   0.572271
32 34   0.572271
32 35   0.572271
32 36   0.572271
32 37   0.572271
32 38   0.572271
32 39   0.572271
32 40   0.572271
33 1   0.589845
33 2   0.589845
33 3   0.589845
33 4   0.589845
33 5   0.589845
33 6   0.589845
33 7   0.589845
33 8   0.589845
33 9   0.589845
33 10   0.589845
33 11   0.589845
33 12   0.589845
33 13   0.589845
33 14   0.589845
33 15   0.589845
33 16   0.589845
33 17   0.589845
33 18   0.589845
33 19   0.589845
33 20   0.589845
33 21   0.589845
33 22   0.589845
33 23   0.589845
33 24   0.589845
33 25   0.589845
33 26   0.589845
33 27   0.589845
33 28   0.589845
33 29   0.589845
33 30   0.589845
33 31   0.589845
33 32   0.589845
33 33   0.589845
33 34   0.589845
33 35   0.589845
33 36   0.589845
33 37   0.589845
33 38   0.589845
33 39   0.589845
33 40   0.589845
34 1   0.623299
34 2   0.623299
34 3   0.623299
34 4   0.623299
34 5   0.623299
34 6   0.623299
34 7   0.623299
34 8   0.623299
34 9   0.623299
34 10   0.623299
34 11   0.623299
34 12   0.623299
34 13   0.623299
34 14   0.623299
34 15   0.623299
34 16   0.623299
34 17   0.623299
34 18   0.623299
34 19   0.623299
34 20   0.623299
34 21   0.623299
34 22   0.623299
34 23   0.623299
34 24   0.623299
34 25   0.623299
34 26   0.623299
34 27   0.623299
34 28   0.623299
34 29   0.623299
34 30   0.623299
34 31   0.623299
34 32   0.623299
34 33   0.623299
34 34   0.623299
34 35   0.623299
34 36   0.623299
34 37   0.623299
34 38   0.623299
34 39   0.623299
34 40   0.623299
35 1   0.680418
35 2   0.680418
35 3   0.680418
35 4   0.680418
35 5   0.680418
35 6   0.680418
35 7   0.680418
35 8   0.680418
35 9   0.680418
35 10   0.680418
35 11   0.680418
35 12   0.680418
35 13   0.680418
35 14   0.680418
35 15   0.680418
35 16   0.680418
35 17   0.680418
35 18   0.680418
35 19   0.680418
35 20   0.680418
35 21   0.680418
35 22   0.680418
35 23   0.680418
35 24   0.680418
35 25   0.680418
35 26   0.680418
35 27   0.680418
35 28   0.680418
35 29   0.680418
35 30   0.680418
35 31   0.680418
35 32   0.680418
35 33   0.680418
35 34   0.680418
35 35   0.680418
35 36   0.680418
35 37   0.680418
35 38   0.680418
35 39   0.680418
35 40   0.680418
36 1   0.763964
36 2   0.763964
36 3   0.763964
36 4   0.763964
36 5   0.763964
36 6   0.763964
36 7   0.763964
36 8   0.763964
36 9   0.763964
36 10   0.763964
36 11   0.763964
36 12   0.763964
36 13   0.763964
36 14   0.763964
36 15   0.763964
36 16   0.763964
36 17   0.763964
36 18   0.763964
36 19   0.763964
36 20   0.763964
36 21   0.763964
36 22   0.763964
36 23   0.763964
36 24   0.763964
36 25   0.763964
36 26   0.763964
36 27   0.763964
36 28   0.763964
36 29   0.763964
36 30   0.763964
36 31   0.763964
36 32   0.763964
36 33   0.763964
36 34   0.763964
36 35   0.763964
36 36   0.763964
36 37   0.763964
36 38   0.763964
36 39   0.763964
36 40   0.763964
37 1   0.866883
37 2   0.866883
37 3   0.866883
37 4   0.866883
37 5   0.866883
37 6   0.866883
37 7   0.866883
37 8   0.866883
37 9   0.866883
37 10   0.866883
37 11   0.866883
37 12   0.866883
37 13   0.866883
37 14   0.866883
37 15   0.866883
37 16   0.866883
37 17   0.866883
37 18   0.866883
37 19   0.866883
37 20   0.866883
37 21   0.866883
37 22   0.866883
37 23   0.866883
37 24   0.866883
37 25   0.866883
37 26   0.866883
37 27   0.866883
37 28   0.866883
37 29   0.866883
37 30   0.866883
37 31   0.866883
37 32   0.866883
37 33   0.866883
37 34   0.866883
37 35   0.866883
37 36   0.866883
37 37   0.866883
37 38   0.866883
37 39   0.866883
37 40   0.866883
38 1   0.971416
38 2   0.971416
38 3   0.971416
38 4   0.971416
38 5   0.971416
38 6   0.971416
38 7   0.971416
38 8   0.971416
38 9   0.971416
38 10   0.971416
38 11   0.971416
38 12   0.971416
38 13   0.971416
38 14   0.971416
38 15   0.971416
38 16   0.971416
38 17   0.971416
38 18   0.971416
38 19   0.971416
38 20   0.971416
38 21   0.971416
38 22   0.971416
38 23   0.971416
38 24   0.971416
38 25   0.971416
38 26   0.971416
38 27   0.971416
38 28   0.971416
38 29   0.971416
38 30   0.971416
38 31   0.971416
38 32   0.971416
38 33   0.971416
38 34   0.971416
38 35   0.971416
38 36   0.971416
38 37   0.971416
38 38   0.971416
38 39   0.971416
38 40   0.971416
39 1   1.05565
39 2   1.05565
39 3   1.05565
39 4   1.05565
39 5   1.05565
39 6   1.05565
39 7   1.05565
39 8   1.05565
39 9   1.05565
39 10   1.05565
39 11   1.05565
39 12   1.05565
39 13   1.05565
39 14   1.05565
39 15   1.05565
39 16   1.05565
39 17   1.05565
39 18   1.05565
39 19   1.05565
39 20   1.05565
39 21   1.05565
39 22   1.05565
39 23   1.05565
39 24   1.05565
39 25   1.05565
39 26   1.05565
39 27   1.05565
39 28   1.05565
39 29   1.05565
39 30   1.05565
39 31   1.05565
39 32   1.05565
39 33   1.05565
39 34   1.05565
39 35   1.05565
39 36   1.05565
39 37   1.05565
39 38   1.05565
39 39   1.05565
39 40   1.05565
40 1   1.10217
40 2   1.10217
40 3   1.10217
40 4   1.10217
40 5   1.10217
40 6   1.10217
40 7   1.10217
40 8   1.10217
40 9   1.10217
40 10   1.10217
40 11   1.10217
40 12   1.10217
40 13   1.10217
40 14   1.10217
40 15   1.10217
40 16   1.10217
40 17   1.10217
40 18   1.10217
40 19   1.10217
40 20   1.10217
40 21   1.10217
40 22   1.10217
40 23   1.10217
40 24   1.10217
40 25   1.10217
40 26   1.10217
40 27   1.10217
40 28   1.10217
40 29   1.10217
40 30   1.10217
40 31   1.10217
40 32   1.10217
40 33   1.10217
40 34   1.10217
40 35   1.10217
40 36   1.10217
40 37   1.10217
40 38   1.10217
40 39   1.10217
40 40   1.10217
