1 1   1.00787
1 2   1.00787
1 3   1.00787
1 4   1.00787
1 5   1.00787
1 6   1.00787
1 7   1.00787
1 8   1.00787
1 9   1.00787
1 10   1.00787
1 11   1.00787
1 12   1.00787
1 13   1.00787
1 14   1.00787
1 15   1.00787
1 16   1.00787
1 17   1.00787
1 18   1.00787
1 19   1.00787
1 20   1.00787
1 21   1.00787
1 22   1.00787
1 23   1.00787
1 24   1.00787
1 25   1.00787
1 26   1.00787
1 27   1.00787
1 28   1.00787
1 29   1.00787
1 30   1.00787
1 31   1.00787
1 32   1.00787
1 33   1.00787
1 34   1.00787
1 35   1.00787
1 36   1.00787
1 37   1.00787
1 38   1.00787
1 39   1.00787
1 40   1.00787
2 1   0.999795
2 2   0.999795
2 3   0.999795
2 4   0.999795
2 5   0.999795
2 6   0.999795
2 7   0.999795
2 8   0.999795
2 9   0.999795
2 10   0.999795
2 11   0.999795
2 12   0.999795
2 13   0.999795
2 14   0.999795
2 15   0.999795
2 16   0.999795
2 17   0.999795
2 18   0.999795
2 19   0.999795
2 20   0.999795
2 21   0.999795
2 22   0.999795
2 23   0.999795
2 24   0.999795
2 25   0.999795
2 26   0.999795
2 27   0.999795
2 28   0.999795
2 29   0.999795
2 30   0.999795
2 31   0.999795
2 32   0.999795
2 33   0.999795
2 34   0.999795
2 35   0.999795
2 36   0.999795
2 37   0.999795
2 38   0.999795
2 39   0.999795
2 40   0.999795
3 1   0.990217
3 2   0.990217
3 3   0.990217
3 4   0.990217
3 5   0.990217
3 6   0.990217
3 7   0.990217
3 8   0.990217
3 9   0.990217
3 10   0.990217
3 11   0.990217
3 12   0.990217
3 13   0.990217
3 14   0.990217
3 15   0.990217
3 16   0.990217
3 17   0.990217
3 18   0.990217
3 19   0.990217
3 20   0.990217
3 21   0.990217
3 22   0.990217
3 23   0.990217
3 24   0.990217
3 25   0.990217
3 26   0.990217
3 27   0.990217
3 28   0.990217
3 29   0.990217
3 30   0.990217
3 31   0.990217
3 32   0.990217
3 33   0.990217
3 34   0.990217
3 35   0.990217
3 36   0.990217
3 37   0.990217
3 38   0.990217
3 39   0.990217
3 40   0.990217
4 1   0.987351
4 2   0.987351
4 3   0.987351
4 4   0.987351
4 5   0.987351
4 6   0.987351
4 7   0.987351
4 8   0.987351
4 9   0.987351
4 10   0.987351
4 11   0.987351
4 12   0.987351
4 13   0.987351
4 14   0.987351
4 15   0.987351
4 16   0.987351
4 17   0.987351
4 18   0.987351
4 19   0.987351
4 20   0.987351
4 21   0.987351
4 22   0.987351
4 23   0.987351
4 24   0.987351
4 25   0.987351
4 26   0.987351
4 27   0.987351
4 28   0.987351
4 29   0.987351
4 30   0.987351
4 31   0.987351
4 32   0.987351
4 33   0.987351
4 34   0.987351
4 35   0.987351
4 36   0.987351
4 37   0.987351
4 38   0.987351
4 39   0.987351
4 40   0.987351
5 1   0.994363
5 2   0.994363
5 3   0.994363
5 4   0.994363
5 5   0.994363
5 6   0.994363
5 7   0.994363
5 8   0.994363
5 9   0.994363
5 10   0.994363
5 11   0.994363
5 12   0.994363
5 13   0.994363
5 14   0.994363
5 15   0.994363
5 16   0.994363
5 17   0.994363
5 18   0.994363
5 19   0.994363
5 20   0.994363
5 21   0.994363
5 22   0.994363
5 23   0.994363
5 24   0.994363
5 25   0.994363
5 26   0.994363
5 27   0.994363
5 28   0.994363
5 29   0.994363
5 30   0.994363
5 31   0.994363
5 32   0.994363
5 33   0.994363
5 34   0.994363
5 35   0.994363
5 36   0.994363
5 37   0.994363
5 38   0.994363
5 39   0.994363
5 40   0.994363
6 1   1.00599
6 2   1.00599
6 3   1.00599
6 4   1.00599
6 5   1.00599
6 6   1.00599
6 7   1.00599
6 8   1.00599
6 9   1.00599
6 10   1.00599
6 11   1.00599
6 12   1.00599
6 13   1.00599
6 14   1.00599
6 15   1.00599
6 16   1.00599
6 17   1.00599
6 18   1.00599
6 19   1.00599
6 20   1.00599
6 21   1.00599
6 22   1.00599
6 23   1.00599
6 24   1.00599
6 25   1.00599
6 26   1.00599
6 27   1.00599
6 28   1.00599
6 29   1.00599
6 30   1.00599
6 31   1.00599
6 32   1.00599
6 33   1.00599
6 34   1.00599
6 35   1.00599
6 36   1.00599
6 37   1.00599
6 38   1.00599
6 39   1.00599
6 40   1.00599
7 1   1.01169
7 2   1.01169
7 3   1.01169
7 4   1.01169
7 5   1.01169
7 6   1.01169
7 7   1.01169
7 8   1.01169
7 9   1.01169
7 10   1.01169
7 11   1.01169
7 12   1.01169
7 13   1.01169
7 14   1.01169
7 15   1.01169
7 16   1.01169
7 17   1.01169
7 18   1.01169
7 19   1.01169
7 20   1.01169
7 21   1.01169
7 22   1.01169
7 23   1.01169
7 24   1.01169
7 25   1.01169
7 26   1.01169
7 27   1.01169
7 28   1.01169
7 29   1.01169
7 30   1.01169
7 31   1.01169
7 32   1.01169
7 33   1.01169
7 34   1.01169
7 35   1.01169
7 36   1.01169
7 37   1.01169
7 38   1.01169
7 39   1.01169
7 40   1.01169
8 1   1.00318
8 2   1.00318
8 3   1.00318
8 4   1.00318
8 5   1.00318
8 6   1.00318
8 7   1.00318
8 8   1.00318
8 9   1.00318
8 10   1.00318
8 11   1.00318
8 12   1.00318
8 13   1.00318
8 14   1.00318
8 15   1.00318
8 16   1.00318
8 17   1.00318
8 18   1.00318
8 19   1.00318
8 20   1.00318
8 21   1.00318
8 22   1.00318
8 23   1.00318
8 24   1.00318
8 25   1.00318
8 26   1.00318
8 27   1.00318
8 28   1.00318
8 29   1.00318
8 30   1.00318
8 31   1.00318
8 32   1.00318
8 33   1.00318
8 34   1.00318
8 35   1.00318
8 36   1.00318
8 37   1.00318
8 38   1.00318
8 39   1.00318
8 40   1.00318
9 1   0.980363
9 2   0.980363
9 3   0.980363
9 4   0.980363
9 5   0.980363
9 6   0.980363
9 7   0.980363
9 8   0.980363
9 9   0.980363
9 10   0.980363
9 11   0.980363
9 12   0.980363
9 13   0.980363
9 14   0.980363
9 15   0.980363
9 16   0.980363
9 17   0.980363
9 18   0.980363
9 19   0.980363
9 20   0.980363
9 21   0.980363
9 22   0.980363
9 23   0.980363
9 24   0.980363
9 25   0.980363
9 26   0.980363
9 27   0.980363
9 28   0.980363
9 29   0.980363
9 30   0.980363
9 31   0.980363
9 32   0.980363
9 33   0.980363
9 34   0.980363
9 35   0.980363
9 36   0.980363
9 37   0.980363
9 38   0.980363
9 39   0.980363
9 40   0.980363
10 1   0.950803
10 2   0.950803
10 3   0.950803
10 4   0.950803
10 5   0.950803
10 6   0.950803
10 7   0.950803
10 8   0.950803
10 9   0.950803
10 10   0.950803
10 11   0.950803
10 12   0.950803
10 13   0.950803
10 14   0.950803
10 15   0.950803
10 16   0.950803
10 17   0.950803
10 18   0.950803
10 19   0.950803
10 20   0.950803
10 21   0.950803
10 22   0.950803
10 23   0.950803
10 24   0.950803
10 25   0.950803
10 26   0.950803
10 27   0.950803
10 28   0.950803
10 29   0.950803
10 30   0.950803
10 31   0.950803
10 32   0.950803
10 33   0.950803
10 34   0.950803
10 35   0.950803
10 36   0.950803
10 37   0.950803
10 38   0.950803
10 39   0.950803
10 40   0.950803
11 1   0.9237
11 2   0.9237
11 3   0.9237
11 4   0.9237
11 5   0.9237
11 6   0.9237
11 7   0.9237
11 8   0.9237
11 9   0.9237
11 10   0.9237
11 11   0.9237
11 12   0.9237
11 13   0.9237
11 14   0.9237
11 15   0.9237
11 16   0.9237
11 17   0.9237
11 18   0.9237
11 19   0.9237
11 20   0.9237
11 21   0.9237
11 22   0.9237
11 23   0.9237
11 24   0.9237
11 25   0.9237
11 26   0.9237
11 27   0.9237
11 28   0.9237
11 29   0.9237
11 30   0.9237
11 31   0.9237
11 32   0.9237
11 33   0.9237
11 34   0.9237
11 35   0.9237
11 36   0.9237
11 37   0.9237
11 38   0.9237
11 39   0.9237
11 40   0.9237
12 1   0.903601
12 2   0.903601
12 3   0.903601
12 4   0.903601
12 5   0.903601
12 6   0.903601
12 7   0.903601
12 8   0.903601
12 9   0.903601
12 10   0.903601
12 11   0.903601
12 12   0.903601
12 13   0.903601
12 14   0.903601
12 15   0.903601
12 16   0.903601
12 17   0.903601
12 18   0.903601
12 19   0.903601
12 20   0.903601
12 21   0.903601
12 22   0.903601
12 23   0.903601
12 24   0.903601
12 25   0.903601
12 26   0.903601
12 27   0.903601
12 28   0.903601
12 29   0.903601
12 30   0.903601
12 31   0.903601
12 32   0.903601
12 33   0.903601
12 34   0.903601
12 35   0.903601
12 36   0.903601
12 37   0.903601
12 38   0.903601
12 39   0.903601
12 40   0.903601
13 1   0.888416
13 2   0.888416
13 3   0.888416
13 4   0.888416
13 5   0.888416
13 6   0.888416
13 7   0.888416
13 8   0.888416
13 9   0.888416
13 10   0.888416
13 11   0.888416
13 12   0.888416
13 13   0.888416
13 14   0.888416
13 15   0.888416
13 16   0.888416
13 17   0.888416
13 18   0.888416
13 19   0.888416
13 20   0.888416
13 21   0.888416
13 22   0.888416
13 23   0.888416
13 24   0.888416
13 25   0.888416
13 26   0.888416
13 27   0.888416
13 28   0.888416
13 29   0.888416
13 30   0.888416
13 31   0.888416
13 32   0.888416
13 33   0.888416
13 34   0.888416
13 35   0.888416
13 36   0.888416
13 37   0.888416
13 38   0.888416
13 39   0.888416
13 40   0.888416
14 1   0.871751
14 2   0.871751
14 3   0.871751
14 4   0.871751
14 5   0.871751
14 6   0.871751
14 7   0.871751
14 8   0.871751
14 9   0.871751
14 10   0.871751
14 11   0.871751
14 12   0.871751
14 13   0.871751
14 14   0.871751
14 15   0.871751
14 16   0.871751
14 17   0.871751
14 18   0.871751
14 19   0.871751
14 20   0.871751
14 21   0.871751
14 22   0.871751
14 23   0.871751
14 24   0.871751
14 25   0.871751
14 26   0.871751
14 27   0.871751
14 28   0.871751
14 29   0.871751
14 30   0.871751
14 31   0.871751
14 32   0.871751
14 33   0.871751
14 34   0.871751
14 35   0.871751
14 36   0.871751
14 37   0.871751
14 38   0.871751
14 39   0.871751
14 40   0.871751
15 1   0.846068
15 2   0.846068
15 3   0.846068
15 4   0.846068
15 5   0.846068
15 6   0.846068
15 7   0.846068
15 8   0.846068
15 9   0.846068
15 10   0.846068
15 11   0.846068
15 12   0.846068
15 13   0.846068
15 14   0.846068
15 15   0.846068
15 16   0.846068
15 17   0.846068
15 18   0.846068
15 19   0.846068
15 20   0.846068
15 21   0.846068
15 22   0.846068
15 23   0.846068
15 24   0.846068
15 25   0.846068
15 26   0.846068
15 27   0.846068
15 28   0.846068
15 29   0.846068
15 30   0.846068
15 31   0.846068
15 32   0.846068
15 33   0.846068
15 34   0.846068
15 35   0.846068
15 36   0.846068
15 37   0.846068
15 38   0.846068
15 39   0.846068
15 40   0.846068
16 1   0.80441
16 2   0.80441
16 3   0.80441
16 4   0.80441
16 5   0.80441
16 6   0.80441
16 7   0.80441
16 8   0.80441
16 9   0.80441
16 10   0.80441
16 11   0.80441
16 12   0.80441
16 13   0.80441
16 14   0.80441
16 15   0.80441
16 16   0.80441
16 17   0.80441
16 18   0.80441
16 19   0.80441
16 20   0.80441
16 21   0.80441
16 22   0.80441
16 23   0.80441
16 24   0.80441
16 25   0.80441
16 26   0.80441
16 27   0.80441
16 28   0.80441
16 29   0.80441
16 30   0.80441
16 31   0.80441
16 32   0.80441
16 33   0.80441
16 34   0.80441
16 35   0.80441
16 36   0.80441
16 37   0.80441
16 38   0.80441
16 39   0.80441
16 40   0.80441
17 1   0.741652
17 2   0.741652
17 3   0.741652
17 4   0.741652
17 5   0.741652
17 6   0.741652
17 7   0.741652
17 8   0.741652
17 9   0.741652
17 10   0.741652
17 11   0.741652
17 12   0.741652
17 13   0.741652
17 14   0.741652
17 15   0.741652
17 16   0.741652
17 17   0.741652
17 18   0.741652
17 19   0.741652
17 20   0.741652
17 21   0.741652
17 22   0.741652
17 23   0.741652
17 24   0.741652
17 25   0.741652
17 26   0.741652
17 27   0.741652
17 28   0.741652
17 29   0.741652
17 30   0.741652
17 31   0.741652
17 32   0.741652
17 33   0.741652
17 34   0.741652
17 35   0.741652
17 36   0.741652
17 37   0.741652
17 38   0.741652
17 39   0.741652
17 40   0.741652
18 1   0.656685
18 2   0.656685
18 3   0.656685
18 4   0.656685
18 5   0.656685
18 6   0.656685
18 7   0.656685
18 8   0.656685
18 9   0.656685
18 10   0.656685
18 11   0.656685
18 12   0.656685
18 13   0.656685
18 14   0.656685
18 15   0.656685
18 16   0.656685
18 17   0.656685
18 18   0.656685
18 19   0.656685
18 20   0.656685
18 21   0.656685
18 22   0.656685
18 23   0.656685
18 24   0.656685
18 25   0.656685
18 26   0.656685
18 27   0.656685
18 28   0.656685
18 29   0.656685
18 30   0.656685
18 31   0.656685
18 32   0.656685
18 33   0.656685
18 34   0.656685
18 35   0.656685
18 36   0.656685
18 37   0.656685
18 38   0.656685
18 39   0.656685
18 40   0.656685
19 1   0.554518
19 2   0.554518
19 3   0.554518
19 4   0.554518
19 5   0.554518
19 6   0.554518
19 7   0.554518
19 8   0.554518
19 9   0.554518
19 10   0.554518
19 11   0.554518
19 12   0.554518
19 13   0.554518
19 14   0.554518
19 15   0.554518
19 16   0.554518
19 17   0.554518
19 18   0.554518
19 19   0.554518
19 20   0.554518
19 21   0.554518
19 22   0.554518
19 23   0.554518
19 24   0.554518
19 25   0.554518
19 26   0.554518
19 27   0.554518
19 28   0.554518
19 29   0.554518
19 30   0.554518
19 31   0.554518
19 32   0.554518
19 33   0.554518
19 34   0.554518
19 35   0.554518
19 36   0.554518
19 37   0.554518
19 38   0.554518
19 39   0.554518
19 40   0.554518
20 1   0.445902
20 2   0.445902
20 3   0.445902
20 4   0.445902
20 5   0.445902
20 6   0.445902
20 7   0.445902
20 8   0.445902
20 9   0.445902
20 10   0.445902
20 11   0.445902
20 12   0.445902
20 13   0.445902
20 14   0.445902
20 15   0.445902
20 16   0.445902
20 17   0.445902
20 18   0.445902
20 19   0.445902
20 20   0.445902
20 21   0.445902
20 22   0.445902
20 23   0.445902
20 24   0.445902
20 25   0.445902
20 26   0.445902
20 27   0.445902
20 28   0.445902
20 29   0.445902
20 30   0.445902
20 31   0.445902
20 32   0.445902
20 33   0.445902
20 34   0.445902
20 35   0.445902
20 36   0.445902
20 37   0.445902
20 38   0.445902
20 39   0.445902
20 40   0.445902
21 1   0.34369
21 2   0.34369
21 3   0.34369
21 4   0.34369
21 5   0.34369
21 6   0.34369
21 7   0.34369
21 8   0.34369
21 9   0.34369
21 10   0.34369
21 11   0.34369
21 12   0.34369
21 13   0.34369
21 14   0.34369
21 15   0.34369
21 16   0.34369
21 17   0.34369
21 18   0.34369
21 19   0.34369
21 20   0.34369
21 21   0.34369
21 22   0.34369
21 23   0.34369
21 24   0.34369
21 25   0.34369
21 26   0.34369
21 27   0.34369
21 28   0.34369
21 29   0.34369
21 30   0.34369
21 31   0.34369
21 32   0.34369
21 33   0.34369
21 34   0.34369
21 35   0.34369
21 36   0.34369
21 37   0.34369
21 38   0.34369
21 39   0.34369
21 40   0.34369
22 1   0.258246
22 2   0.258246
22 3   0.258246
22 4   0.258246
22 5   0.258246
22 6   0.258246
22 7   0.258246
22 8   0.258246
22 9   0.258246
22 10   0.258246
22 11   0.258246
22 12   0.258246
22 13   0.258246
22 14   0.258246
22 15   0.258246
22 16   0.258246
22 17   0.258246
22 18   0.258246
22 19   0.258246
22 20   0.258246
22 21   0.258246
22 22   0.258246
22 23   0.258246
22 24   0.258246
22 25   0.258246
22 26   0.258246
22 27   0.258246
22 28   0.258246
22 29   0.258246
22 30   0.258246
22 31   0.258246
22 32   0.258246
22 33   0.258246
22 34   0.258246
22 35   0.258246
22 36   0.258246
22 37   0.258246
22 38   0.258246
22 39   0.258246
22 40   0.258246
23 1   0.194801
23 2   0.194801
23 3   0.194801
23 4   0.194801
23 5   0.194801
23 6   0.194801
23 7   0.194801
23 8   0.194801
23 9   0.194801
23 10   0.194801
23 11   0.194801
23 12   0.194801
23 13   0.194801
23 14   0.194801
23 15   0.194801
23 16   0.194801
23 17   0.194801
23 18   0.194801
23 19   0.194801
23 20   0.194801
23 21   0.194801
23 22   0.194801
23 23   0.194801
23 24   0.194801
23 25   0.194801
23 26   0.194801
23 27   0.194801
23 28   0.194801
23 29   0.194801
23 30   0.194801
23 31   0.194801
23 32   0.194801
23 33   0.194801
23 34   0.194801
23 35   0.194801
23 36   0.194801
23 37   0.194801
23 38   0.194801
23 39   0.194801
23 40   0.194801
24 1   0.153286
24 2   0.153286
24 3   0.153286
24 4   0.153286
24 5   0.153286
24 6   0.153286
24 7   0.153286
24 8   0.153286
24 9   0.153286
24 10   0.153286
24 11   0.153286
24 12   0.153286
24 13   0.153286
24 14   0.153286
24 15   0.153286
24 16   0.153286
24 17   0.153286
24 18   0.153286
24 19   0.153286
24 20   0.153286
24 21   0.153286
24 22   0.153286
24 23   0.153286
24 24   0.153286
24 25   0.153286
24 26   0.153286
24 27   0.153286
24 28   0.153286
24 29   0.153286
24 30   0.153286
24 31   0.153286
24 32   0.153286
24 33   0.153286
24 34   0.153286
24 35   0.153286
24 36   0.153286
24 37   0.153286
24 38   0.153286
24 39   0.153286
24 40   0.153286
25 1   0.128977
25 2   0.128977
25 3   0.128977
25 4   0.128977
25 5   0.128977
25 6   0.128977
25 7   0.128977
25 8   0.128977
25 9   0.128977
25 10   0.128977
25 11   0.128977
25 12   0.128977
25 13   0.128977
25 14   0.128977
25 15   0.128977
25 16   0.128977
25 17   0.128977
25 18   0.128977
25 19   0.128977
25 20   0.128977
25 21   0.128977
25 22   0.128977
25 23   0.128977
25 24   0.128977
25 25   0.128977
25 26   0.128977
25 27   0.128977
25 28   0.128977
25 29   0.128977
25 30   0.128977
25 31   0.128977
25 32   0.128977
25 33   0.128977
25 34   0.128977
25 35   0.128977
25 36   0.128977
25 37   0.128977
25 38   0.128977
25 39   0.128977
25 40   0.128977
26 1   0.113501
26 2   0.113501
26 3   0.113501
26 4   0.113501
26 5   0.113501
26 6   0.113501
26 7   0.113501
26 8   0.113501
26 9   0.113501
26 10   0.113501
26 11   0.113501
26 12   0.113501
26 13   0.113501
26 14   0.113501
26 15   0.113501
26 16   0.113501
26 17   0.113501
26 18   0.113501
26 19   0.113501
26 20   0.113501
26 21   0.113501
26 22   0.113501
26 23   0.113501
26 24   0.113501
26 25   0.113501
26 26   0.113501
26 27   0.113501
26 28   0.113501
26 29   0.113501
26 30   0.113501
26 31   0.113501
26 32   0.113501
26 33   0.113501
26 34   0.113501
26 35   0.113501
26 36   0.113501
26 37   0.113501
26 38   0.113501
26 39   0.113501
26 40   0.113501
27 1   0.0974586
27 2   0.0974586
27 3   0.0974586
27 4   0.0974586
27 5   0.0974586
27 6   0.0974586
27 7   0.0974586
27 8   0.0974586
27 9   0.0974586
27 10   0.0974586
27 11   0.0974586
27 12   0.0974586
27 13   0.0974586
27 14   0.0974586
27 15   0.0974586
27 16   0.0974586
27 17   0.0974586
27 18   0.0974586
27 19   0.0974586
27 20   0.0974586
27 21   0.0974586
27 22   0.0974586
27 23   0.0974586
27 24   0.0974586
27 25   0.0974586
27 26   0.0974586
27 27   0.0974586
27 28   0.0974586
27 29   0.0974586
27 30   0.0974586
27 31   0.0974586
27 32   0.0974586
27 33   0.0974586
27 34   0.0974586
27 35   0.0974586
27 36   0.0974586
27 37   0.0974586
27 38   0.0974586
27 39   0.0974586
27 40   0.0974586
28 1   0.0747991
28 2   0.0747991
28 3   0.0747991
28 4   0.0747991
28 5   0.0747991
28 6   0.0747991
28 7   0.0747991
28 8   0.0747991
28 9   0.0747991
28 10   0.0747991
28 11   0.0747991
28 12   0.0747991
28 13   0.0747991
28 14   0.0747991
28 15   0.0747991
28 16   0.0747991
28 17   0.0747991
28 18   0.0747991
28 19   0.0747991
28 20   0.0747991
28 21   0.0747991
28 22   0.0747991
28 23   0.0747991
28 24   0.0747991
28 25   0.0747991
28 26   0.0747991
28 27   0.0747991
28 28   0.0747991
28 29   0.0747991
28 30   0.0747991
28 31   0.0747991
28 32   0.0747991
28 33   0.0747991
28 34   0.0747991
28 35   0.0747991
28 36   0.0747991
28 37   0.0747991
28 38   0.0747991
28 39   0.0747991
28 40   0.0747991
29 1   0.0463017
29 2   0.0463017
29 3   0.0463017
29 4   0.0463017
29 5   0.0463017
29 6   0.0463017
29 7   0.0463017
29 8   0.0463017
29 9   0.0463017
29 10   0.0463017
29 11   0.0463017
29 12   0.0463017
29 13   0.0463017
29 14   0.0463017
29 15   0.0463017
29 16   0.0463017
29 17   0.0463017
29 18   0.0463017
29 19   0.0463017
29 20   0.0463017
29 21   0.0463017
29 22   0.0463017
29 23   0.0463017
29 24   0.0463017
29 25   0.0463017
29 26   0.0463017
29 27   0.0463017
29 28   0.0463017
29 29   0.0463017
29 30   0.0463017
29 31   0.0463017
29 32   0.0463017
29 33   0.0463017
29 34   0.0463017
29 35   0.0463017
29 36   0.0463017
29 37   0.0463017
29 38   0.0463017
29 39   0.0463017
29 40   0.0463017
30 1   0.0187877
30 2   0.0187877
30 3   0.0187877
30 4   0.0187877
30 5   0.0187877
30 6   0.0187877
30 7   0.0187877
30 8   0.0187877
30 9   0.0187877
30 10   0.0187877
30 11   0.0187877
30 12   0.0187877
30 13   0.0187877
30 14   0.0187877
30 15   0.0187877
30 16   0.0187877
30 17   0.0187877
30 18   0.0187877
30 19   0.0187877
30 20   0.0187877
30 21   0.0187877
30 22   0.0187877
30 23   0.0187877
30 24   0.0187877
30 25   0.0187877
30 26   0.0187877
30 27   0.0187877
30 28   0.0187877
30 29   0.0187877
30 30   0.0187877
30 31   0.0187877
30 32   0.0187877
30 33   0.0187877
30 34   0.0187877
30 35   0.0187877
30 36   0.0187877
30 37   0.0187877
30 38   0.0187877
30 39   0.0187877
30 40   0.0187877
31 1   -5.10108e-005
31 2   -5.10108e-005
31 3   -5.10108e-005
31 4   -5.10108e-005
31 5   -5.10108e-005
31 6   -5.10108e-005
31 7   -5.10108e-005
31 8   -5.10108e-005
31 9   -5.10108e-005
31 10   -5.10108e-005
31 11   -5.10108e-005
31 12   -5.10108e-005
31 13   -5.10108e-005
31 14   -5.10108e-005
31 15   -5.10108e-005
31 16   -5.10108e-005
31 17   -5.10108e-005
31 18   -5.10108e-005
31 19   -5.10108e-005
31 20   -5.10108e-005
31 21   -5.10108e-005
31 22   -5.10108e-005
31 23   -5.10108e-005
31 24   -5.10108e-005
31 25   -5.10108e-005
31 26   -5.10108e-005
31 27   -5.10108e-005
31 28   -5.10108e-005
31 29   -5.10108e-005
31 30   -5.10108e-005
31 31   -5.10108e-005
31 32   -5.10108e-005
31 33   -5.10108e-005
31 34   -5.10108e-005
31 35   -5.10108e-005
31 36   -5.10108e-005
31 37   -5.10108e-005
31 38   -5.10108e-005
31 39   -5.10108e-005
31 40   -5.10108e-005
32 1   -0.00705775
32 2   -0.00705775
32 3   -0.00705775
32 4   -0.00705775
32 5   -0.00705775
32 6   -0.00705775
32 7   -0.00705775
32 8   -0.00705775
32 9   -0.00705775
32 10   -0.00705775
32 11   -0.00705775
32 12   -0.00705775
32 13   -0.00705775
32 14   -0.00705775
32 15   -0.00705775
32 16   -0.00705775
32 17   -0.00705775
32 18   -0.00705775
32 19   -0.00705775
32 20   -0.00705775
32 21   -0.00705775
32 22   -0.00705775
32 23   -0.00705775
32 24   -0.00705775
32 25   -0.00705775
32 26   -0.00705775
32 27   -0.00705775
32 28   -0.00705775
32 29   -0.00705775
32 30   -0.00705775
32 31   -0.00705775
32 32   -0.00705775
32 33   -0.00705775
32 34   -0.00705775
32 35   -0.00705775
32 36   -0.00705775
32 37   -0.00705775
32 38   -0.00705775
32 39   -0.00705775
32 40   -0.00705775
33 1   -0.00486238
33 2   -0.00486238
33 3   -0.00486238
33 4   -0.00486238
33 5   -0.00486238
33 6   -0.00486238
33 7   -0.00486238
33 8   -0.00486238
33 9   -0.00486238
33 10   -0.00486238
33 11   -0.00486238
33 12   -0.00486238
33 13   -0.00486238
33 14   -0.00486238
33 15   -0.00486238
33 16   -0.00486238
33 17   -0.00486238
33 18   -0.00486238
33 19   -0.00486238
33 20   -0.00486238
33 21   -0.00486238
33 22   -0.00486238
33 23   -0.00486238
33 24   -0.00486238
33 25   -0.00486238
33 26   -0.00486238
33 27   -0.00486238
33 28   -0.00486238
33 29   -0.00486238
33 30   -0.00486238
33 31   -0.00486238
33 32   -0.00486238
33 33   -0.00486238
33 34   -0.00486238
33 35   -0.00486238
33 36   -0.00486238
33 37   -0.00486238
33 38   -0.00486238
33 39   -0.00486238
33 40   -0.00486238
34 1   0.00104454
34 2   0.00104454
34 3   0.00104454
34 4   0.00104454
34 5   0.00104454
34 6   0.00104454
34 7   0.00104454
34 8   0.00104454
34 9   0.00104454
34 10   0.00104454
34 11   0.00104454
34 12   0.00104454
34 13   0.00104454
34 14   0.00104454
34 15   0.00104454
34 16   0.00104454
34 17   0.00104454
34 18   0.00104454
34 19   0.00104454
34 20   0.00104454
34 21   0.00104454
34 22   0.00104454
34 23   0.00104454
34 24   0.00104454
34 25   0.00104454
34 26   0.00104454
34 27   0.00104454
34 28   0.00104454
34 29   0.00104454
34 30   0.00104454
34 31   0.00104454
34 32   0.00104454
34 33   0.00104454
34 34   0.00104454
34 35   0.00104454
34 36   0.00104454
34 37   0.00104454
34 38   0.00104454
34 39   0.00104454
34 40   0.00104454
35 1   0.00598598
35 2   0.00598598
35 3   0.00598598
35 4   0.00598598
35 5   0.00598598
35 6   0.00598598
35 7   0.00598598
35 8   0.00598598
35 9   0.00598598
35 10   0.00598598
35 11   0.00598598
35 12   0.00598598
35 13   0.00598598
35 14   0.00598598
35 15   0.00598598
35 16   0.00598598
35 17   0.00598598
35 18   0.00598598
35 19   0.00598598
35 20   0.00598598
35 21   0.00598598
35 22   0.00598598
35 23   0.00598598
35 24   0.00598598
35 25   0.00598598
35 26   0.00598598
35 27   0.00598598
35 28   0.00598598
35 29   0.00598598
35 30   0.00598598
35 31   0.00598598
35 32   0.00598598
35 33   0.00598598
35 34   0.00598598
35 35   0.00598598
35 36   0.00598598
35 37   0.00598598
35 38   0.00598598
35 39   0.00598598
35 40   0.00598598
36 1   0.00777033
36 2   0.00777033
36 3   0.00777033
36 4   0.00777033
36 5   0.00777033
36 6   0.00777033
36 7   0.00777033
36 8   0.00777033
36 9   0.00777033
36 10   0.00777033
36 11   0.00777033
36 12   0.00777033
36 13   0.00777033
36 14   0.00777033
36 15   0.00777033
36 16   0.00777033
36 17   0.00777033
36 18   0.00777033
36 19   0.00777033
36 20   0.00777033
36 21   0.00777033
36 22   0.00777033
36 23   0.00777033
36 24   0.00777033
36 25   0.00777033
36 26   0.00777033
36 27   0.00777033
36 28   0.00777033
36 29   0.00777033
36 30   0.00777033
36 31   0.00777033
36 32   0.00777033
36 33   0.00777033
36 34   0.00777033
36 35   0.00777033
36 36   0.00777033
36 37   0.00777033
36 38   0.00777033
36 39   0.00777033
36 40   0.00777033
37 1   0.00625909
37 2   0.00625909
37 3   0.00625909
37 4   0.00625909
37 5   0.00625909
37 6   0.00625909
37 7   0.00625909
37 8   0.00625909
37 9   0.00625909
37 10   0.00625909
37 11   0.00625909
37 12   0.00625909
37 13   0.00625909
37 14   0.00625909
37 15   0.00625909
37 16   0.00625909
37 17   0.00625909
37 18   0.00625909
37 19   0.00625909
37 20   0.00625909
37 21   0.00625909
37 22   0.00625909
37 23   0.00625909
37 24   0.00625909
37 25   0.00625909
37 26   0.00625909
37 27   0.00625909
37 28   0.00625909
37 29   0.00625909
37 30   0.00625909
37 31   0.00625909
37 32   0.00625909
37 33   0.00625909
37 34   0.00625909
37 35   0.00625909
37 36   0.00625909
37 37   0.00625909
37 38   0.00625909
37 39   0.00625909
37 40   0.00625909
38 1   0.00238547
38 2   0.00238547
38 3   0.00238547
38 4   0.00238547
38 5   0.00238547
38 6   0.00238547
38 7   0.00238547
38 8   0.00238547
38 9   0.00238547
38 10   0.00238547
38 11   0.00238547
38 12   0.00238547
38 13   0.00238547
38 14   0.00238547
38 15   0.00238547
38 16   0.00238547
38 17   0.00238547
38 18   0.00238547
38 19   0.00238547
38 20   0.00238547
38 21   0.00238547
38 22   0.00238547
38 23   0.00238547
38 24   0.00238547
38 25   0.00238547
38 26   0.00238547
38 27   0.00238547
38 28   0.00238547
38 29   0.00238547
38 30   0.00238547
38 31   0.00238547
38 32   0.00238547
38 33   0.00238547
38 34   0.00238547
38 35   0.00238547
38 36   0.00238547
38 37   0.00238547
38 38   0.00238547
38 39   0.00238547
38 40   0.00238547
39 1   -0.00220242
39 2   -0.00220242
39 3   -0.00220242
39 4   -0.00220242
39 5   -0.00220242
39 6   -0.00220242
39 7   -0.00220242
39 8   -0.00220242
39 9   -0.00220242
39 10   -0.00220242
39 11   -0.00220242
39 12   -0.00220242
39 13   -0.00220242
39 14   -0.00220242
39 15   -0.00220242
39 16   -0.00220242
39 17   -0.00220242
39 18   -0.00220242
39 19   -0.00220242
39 20   -0.00220242
39 21   -0.00220242
39 22   -0.00220242
39 23   -0.00220242
39 24   -0.00220242
39 25   -0.00220242
39 26   -0.00220242
39 27   -0.00220242
39 28   -0.00220242
39 29   -0.00220242
39 30   -0.00220242
39 31   -0.00220242
39 32   -0.00220242
39 33   -0.00220242
39 34   -0.00220242
39 35   -0.00220242
39 36   -0.00220242
39 37   -0.00220242
39 38   -0.00220242
39 39   -0.00220242
39 40   -0.00220242
40 1   -0.0053417
40 2   -0.0053417
40 3   -0.0053417
40 4   -0.0053417
40 5   -0.0053417
40 6   -0.0053417
40 7   -0.0053417
40 8   -0.0053417
40 9   -0.0053417
40 10   -0.0053417
40 11   -0.0053417
40 12   -0.0053417
40 13   -0.0053417
40 14   -0.0053417
40 15   -0.0053417
40 16   -0.0053417
40 17   -0.0053417
40 18   -0.0053417
40 19   -0.0053417
40 20   -0.0053417
40 21   -0.0053417
40 22   -0.0053417
40 23   -0.0053417
40 24   -0.0053417
40 25   -0.0053417
40 26   -0.0053417
40 27   -0.0053417
40 28   -0.0053417
40 29   -0.0053417
40 30   -0.0053417
40 31   -0.0053417
40 32   -0.0053417
40 33   -0.0053417
40 34   -0.0053417
40 35   -0.0053417
40 36   -0.0053417
40 37   -0.0053417
40 38   -0.0053417
40 39   -0.0053417
40 40   -0.0053417
