1 1   0.869409
1 2   0.869409
1 3   0.869409
1 4   0.869409
1 5   0.869409
1 6   0.869409
1 7   0.869409
1 8   0.869409
1 9   0.869409
1 10   0.869409
1 11   0.869409
1 12   0.869409
1 13   0.869409
1 14   0.869409
1 15   0.869409
1 16   0.869409
1 17   0.869409
1 18   0.869409
1 19   0.869409
1 20   0.869409
1 21   0.869409
1 22   0.869409
1 23   0.869409
1 24   0.869409
1 25   0.869409
1 26   0.869409
1 27   0.869409
1 28   0.869409
1 29   0.869409
1 30   0.869409
1 31   0.869409
1 32   0.869409
1 33   0.869409
1 34   0.869409
1 35   0.869409
1 36   0.869409
1 37   0.869409
1 38   0.869409
1 39   0.869409
1 40   0.869409
2 1   0.748647
2 2   0.748647
2 3   0.748647
2 4   0.748647
2 5   0.748647
2 6   0.748647
2 7   0.748647
2 8   0.748647
2 9   0.748647
2 10   0.748647
2 11   0.748647
2 12   0.748647
2 13   0.748647
2 14   0.748647
2 15   0.748647
2 16   0.748647
2 17   0.748647
2 18   0.748647
2 19   0.748647
2 20   0.748647
2 21   0.748647
2 22   0.748647
2 23   0.748647
2 24   0.748647
2 25   0.748647
2 26   0.748647
2 27   0.748647
2 28   0.748647
2 29   0.748647
2 30   0.748647
2 31   0.748647
2 32   0.748647
2 33   0.748647
2 34   0.748647
2 35   0.748647
2 36   0.748647
2 37   0.748647
2 38   0.748647
2 39   0.748647
2 40   0.748647
3 1   0.549542
3 2   0.549542
3 3   0.549542
3 4   0.549542
3 5   0.549542
3 6   0.549542
3 7   0.549542
3 8   0.549542
3 9   0.549542
3 10   0.549542
3 11   0.549542
3 12   0.549542
3 13   0.549542
3 14   0.549542
3 15   0.549542
3 16   0.549542
3 17   0.549542
3 18   0.549542
3 19   0.549542
3 20   0.549542
3 21   0.549542
3 22   0.549542
3 23   0.549542
3 24   0.549542
3 25   0.549542
3 26   0.549542
3 27   0.549542
3 28   0.549542
3 29   0.549542
3 30   0.549542
3 31   0.549542
3 32   0.549542
3 33   0.549542
3 34   0.549542
3 35   0.549542
3 36   0.549542
3 37   0.549542
3 38   0.549542
3 39   0.549542
3 40   0.549542
4 1   0.400438
4 2   0.400438
4 3   0.400438
4 4   0.400438
4 5   0.400438
4 6   0.400438
4 7   0.400438
4 8   0.400438
4 9   0.400438
4 10   0.400438
4 11   0.400438
4 12   0.400438
4 13   0.400438
4 14   0.400438
4 15   0.400438
4 16   0.400438
4 17   0.400438
4 18   0.400438
4 19   0.400438
4 20   0.400438
4 21   0.400438
4 22   0.400438
4 23   0.400438
4 24   0.400438
4 25   0.400438
4 26   0.400438
4 27   0.400438
4 28   0.400438
4 29   0.400438
4 30   0.400438
4 31   0.400438
4 32   0.400438
4 33   0.400438
4 34   0.400438
4 35   0.400438
4 36   0.400438
4 37   0.400438
4 38   0.400438
4 39   0.400438
4 40   0.400438
5 1   0.43145
5 2   0.43145
5 3   0.43145
5 4   0.43145
5 5   0.43145
5 6   0.43145
5 7   0.43145
5 8   0.43145
5 9   0.43145
5 10   0.43145
5 11   0.43145
5 12   0.43145
5 13   0.43145
5 14   0.43145
5 15   0.43145
5 16   0.43145
5 17   0.43145
5 18   0.43145
5 19   0.43145
5 20   0.43145
5 21   0.43145
5 22   0.43145
5 23   0.43145
5 24   0.43145
5 25   0.43145
5 26   0.43145
5 27   0.43145
5 28   0.43145
5 29   0.43145
5 30   0.43145
5 31   0.43145
5 32   0.43145
5 33   0.43145
5 34   0.43145
5 35   0.43145
5 36   0.43145
5 37   0.43145
5 38   0.43145
5 39   0.43145
5 40   0.43145
6 1   0.553698
6 2   0.553698
6 3   0.553698
6 4   0.553698
6 5   0.553698
6 6   0.553698
6 7   0.553698
6 8   0.553698
6 9   0.553698
6 10   0.553698
6 11   0.553698
6 12   0.553698
6 13   0.553698
6 14   0.553698
6 15   0.553698
6 16   0.553698
6 17   0.553698
6 18   0.553698
6 19   0.553698
6 20   0.553698
6 21   0.553698
6 22   0.553698
6 23   0.553698
6 24   0.553698
6 25   0.553698
6 26   0.553698
6 27   0.553698
6 28   0.553698
6 29   0.553698
6 30   0.553698
6 31   0.553698
6 32   0.553698
6 33   0.553698
6 34   0.553698
6 35   0.553698
6 36   0.553698
6 37   0.553698
6 38   0.553698
6 39   0.553698
6 40   0.553698
7 1   0.536381
7 2   0.536381
7 3   0.536381
7 4   0.536381
7 5   0.536381
7 6   0.536381
7 7   0.536381
7 8   0.536381
7 9   0.536381
7 10   0.536381
7 11   0.536381
7 12   0.536381
7 13   0.536381
7 14   0.536381
7 15   0.536381
7 16   0.536381
7 17   0.536381
7 18   0.536381
7 19   0.536381
7 20   0.536381
7 21   0.536381
7 22   0.536381
7 23   0.536381
7 24   0.536381
7 25   0.536381
7 26   0.536381
7 27   0.536381
7 28   0.536381
7 29   0.536381
7 30   0.536381
7 31   0.536381
7 32   0.536381
7 33   0.536381
7 34   0.536381
7 35   0.536381
7 36   0.536381
7 37   0.536381
7 38   0.536381
7 39   0.536381
7 40   0.536381
8 1   0.44871
8 2   0.44871
8 3   0.44871
8 4   0.44871
8 5   0.44871
8 6   0.44871
8 7   0.44871
8 8   0.44871
8 9   0.44871
8 10   0.44871
8 11   0.44871
8 12   0.44871
8 13   0.44871
8 14   0.44871
8 15   0.44871
8 16   0.44871
8 17   0.44871
8 18   0.44871
8 19   0.44871
8 20   0.44871
8 21   0.44871
8 22   0.44871
8 23   0.44871
8 24   0.44871
8 25   0.44871
8 26   0.44871
8 27   0.44871
8 28   0.44871
8 29   0.44871
8 30   0.44871
8 31   0.44871
8 32   0.44871
8 33   0.44871
8 34   0.44871
8 35   0.44871
8 36   0.44871
8 37   0.44871
8 38   0.44871
8 39   0.44871
8 40   0.44871
9 1   0.507296
9 2   0.507296
9 3   0.507296
9 4   0.507296
9 5   0.507296
9 6   0.507296
9 7   0.507296
9 8   0.507296
9 9   0.507296
9 10   0.507296
9 11   0.507296
9 12   0.507296
9 13   0.507296
9 14   0.507296
9 15   0.507296
9 16   0.507296
9 17   0.507296
9 18   0.507296
9 19   0.507296
9 20   0.507296
9 21   0.507296
9 22   0.507296
9 23   0.507296
9 24   0.507296
9 25   0.507296
9 26   0.507296
9 27   0.507296
9 28   0.507296
9 29   0.507296
9 30   0.507296
9 31   0.507296
9 32   0.507296
9 33   0.507296
9 34   0.507296
9 35   0.507296
9 36   0.507296
9 37   0.507296
9 38   0.507296
9 39   0.507296
9 40   0.507296
10 1   0.530905
10 2   0.530905
10 3   0.530905
10 4   0.530905
10 5   0.530905
10 6   0.530905
10 7   0.530905
10 8   0.530905
10 9   0.530905
10 10   0.530905
10 11   0.530905
10 12   0.530905
10 13   0.530905
10 14   0.530905
10 15   0.530905
10 16   0.530905
10 17   0.530905
10 18   0.530905
10 19   0.530905
10 20   0.530905
10 21   0.530905
10 22   0.530905
10 23   0.530905
10 24   0.530905
10 25   0.530905
10 26   0.530905
10 27   0.530905
10 28   0.530905
10 29   0.530905
10 30   0.530905
10 31   0.530905
10 32   0.530905
10 33   0.530905
10 34   0.530905
10 35   0.530905
10 36   0.530905
10 37   0.530905
10 38   0.530905
10 39   0.530905
10 40   0.530905
11 1   0.463076
11 2   0.463076
11 3   0.463076
11 4   0.463076
11 5   0.463076
11 6   0.463076
11 7   0.463076
11 8   0.463076
11 9   0.463076
11 10   0.463076
11 11   0.463076
11 12   0.463076
11 13   0.463076
11 14   0.463076
11 15   0.463076
11 16   0.463076
11 17   0.463076
11 18   0.463076
11 19   0.463076
11 20   0.463076
11 21   0.463076
11 22   0.463076
11 23   0.463076
11 24   0.463076
11 25   0.463076
11 26   0.463076
11 27   0.463076
11 28   0.463076
11 29   0.463076
11 30   0.463076
11 31   0.463076
11 32   0.463076
11 33   0.463076
11 34   0.463076
11 35   0.463076
11 36   0.463076
11 37   0.463076
11 38   0.463076
11 39   0.463076
11 40   0.463076
12 1   0.520889
12 2   0.520889
12 3   0.520889
12 4   0.520889
12 5   0.520889
12 6   0.520889
12 7   0.520889
12 8   0.520889
12 9   0.520889
12 10   0.520889
12 11   0.520889
12 12   0.520889
12 13   0.520889
12 14   0.520889
12 15   0.520889
12 16   0.520889
12 17   0.520889
12 18   0.520889
12 19   0.520889
12 20   0.520889
12 21   0.520889
12 22   0.520889
12 23   0.520889
12 24   0.520889
12 25   0.520889
12 26   0.520889
12 27   0.520889
12 28   0.520889
12 29   0.520889
12 30   0.520889
12 31   0.520889
12 32   0.520889
12 33   0.520889
12 34   0.520889
12 35   0.520889
12 36   0.520889
12 37   0.520889
12 38   0.520889
12 39   0.520889
12 40   0.520889
13 1   0.500288
13 2   0.500288
13 3   0.500288
13 4   0.500288
13 5   0.500288
13 6   0.500288
13 7   0.500288
13 8   0.500288
13 9   0.500288
13 10   0.500288
13 11   0.500288
13 12   0.500288
13 13   0.500288
13 14   0.500288
13 15   0.500288
13 16   0.500288
13 17   0.500288
13 18   0.500288
13 19   0.500288
13 20   0.500288
13 21   0.500288
13 22   0.500288
13 23   0.500288
13 24   0.500288
13 25   0.500288
13 26   0.500288
13 27   0.500288
13 28   0.500288
13 29   0.500288
13 30   0.500288
13 31   0.500288
13 32   0.500288
13 33   0.500288
13 34   0.500288
13 35   0.500288
13 36   0.500288
13 37   0.500288
13 38   0.500288
13 39   0.500288
13 40   0.500288
14 1   0.484022
14 2   0.484022
14 3   0.484022
14 4   0.484022
14 5   0.484022
14 6   0.484022
14 7   0.484022
14 8   0.484022
14 9   0.484022
14 10   0.484022
14 11   0.484022
14 12   0.484022
14 13   0.484022
14 14   0.484022
14 15   0.484022
14 16   0.484022
14 17   0.484022
14 18   0.484022
14 19   0.484022
14 20   0.484022
14 21   0.484022
14 22   0.484022
14 23   0.484022
14 24   0.484022
14 25   0.484022
14 26   0.484022
14 27   0.484022
14 28   0.484022
14 29   0.484022
14 30   0.484022
14 31   0.484022
14 32   0.484022
14 33   0.484022
14 34   0.484022
14 35   0.484022
14 36   0.484022
14 37   0.484022
14 38   0.484022
14 39   0.484022
14 40   0.484022
15 1   0.524298
15 2   0.524298
15 3   0.524298
15 4   0.524298
15 5   0.524298
15 6   0.524298
15 7   0.524298
15 8   0.524298
15 9   0.524298
15 10   0.524298
15 11   0.524298
15 12   0.524298
15 13   0.524298
15 14   0.524298
15 15   0.524298
15 16   0.524298
15 17   0.524298
15 18   0.524298
15 19   0.524298
15 20   0.524298
15 21   0.524298
15 22   0.524298
15 23   0.524298
15 24   0.524298
15 25   0.524298
15 26   0.524298
15 27   0.524298
15 28   0.524298
15 29   0.524298
15 30   0.524298
15 31   0.524298
15 32   0.524298
15 33   0.524298
15 34   0.524298
15 35   0.524298
15 36   0.524298
15 37   0.524298
15 38   0.524298
15 39   0.524298
15 40   0.524298
16 1   0.47333
16 2   0.47333
16 3   0.47333
16 4   0.47333
16 5   0.47333
16 6   0.47333
16 7   0.47333
16 8   0.47333
16 9   0.47333
16 10   0.47333
16 11   0.47333
16 12   0.47333
16 13   0.47333
16 14   0.47333
16 15   0.47333
16 16   0.47333
16 17   0.47333
16 18   0.47333
16 19   0.47333
16 20   0.47333
16 21   0.47333
16 22   0.47333
16 23   0.47333
16 24   0.47333
16 25   0.47333
16 26   0.47333
16 27   0.47333
16 28   0.47333
16 29   0.47333
16 30   0.47333
16 31   0.47333
16 32   0.47333
16 33   0.47333
16 34   0.47333
16 35   0.47333
16 36   0.47333
16 37   0.47333
16 38   0.47333
16 39   0.47333
16 40   0.47333
17 1   0.526214
17 2   0.526214
17 3   0.526214
17 4   0.526214
17 5   0.526214
17 6   0.526214
17 7   0.526214
17 8   0.526214
17 9   0.526214
17 10   0.526214
17 11   0.526214
17 12   0.526214
17 13   0.526214
17 14   0.526214
17 15   0.526214
17 16   0.526214
17 17   0.526214
17 18   0.526214
17 19   0.526214
17 20   0.526214
17 21   0.526214
17 22   0.526214
17 23   0.526214
17 24   0.526214
17 25   0.526214
17 26   0.526214
17 27   0.526214
17 28   0.526214
17 29   0.526214
17 30   0.526214
17 31   0.526214
17 32   0.526214
17 33   0.526214
17 34   0.526214
17 35   0.526214
17 36   0.526214
17 37   0.526214
17 38   0.526214
17 39   0.526214
17 40   0.526214
18 1   0.475306
18 2   0.475306
18 3   0.475306
18 4   0.475306
18 5   0.475306
18 6   0.475306
18 7   0.475306
18 8   0.475306
18 9   0.475306
18 10   0.475306
18 11   0.475306
18 12   0.475306
18 13   0.475306
18 14   0.475306
18 15   0.475306
18 16   0.475306
18 17   0.475306
18 18   0.475306
18 19   0.475306
18 20   0.475306
18 21   0.475306
18 22   0.475306
18 23   0.475306
18 24   0.475306
18 25   0.475306
18 26   0.475306
18 27   0.475306
18 28   0.475306
18 29   0.475306
18 30   0.475306
18 31   0.475306
18 32   0.475306
18 33   0.475306
18 34   0.475306
18 35   0.475306
18 36   0.475306
18 37   0.475306
18 38   0.475306
18 39   0.475306
18 40   0.475306
19 1   0.523804
19 2   0.523804
19 3   0.523804
19 4   0.523804
19 5   0.523804
19 6   0.523804
19 7   0.523804
19 8   0.523804
19 9   0.523804
19 10   0.523804
19 11   0.523804
19 12   0.523804
19 13   0.523804
19 14   0.523804
19 15   0.523804
19 16   0.523804
19 17   0.523804
19 18   0.523804
19 19   0.523804
19 20   0.523804
19 21   0.523804
19 22   0.523804
19 23   0.523804
19 24   0.523804
19 25   0.523804
19 26   0.523804
19 27   0.523804
19 28   0.523804
19 29   0.523804
19 30   0.523804
19 31   0.523804
19 32   0.523804
19 33   0.523804
19 34   0.523804
19 35   0.523804
19 36   0.523804
19 37   0.523804
19 38   0.523804
19 39   0.523804
19 40   0.523804
20 1   0.476296
20 2   0.476296
20 3   0.476296
20 4   0.476296
20 5   0.476296
20 6   0.476296
20 7   0.476296
20 8   0.476296
20 9   0.476296
20 10   0.476296
20 11   0.476296
20 12   0.476296
20 13   0.476296
20 14   0.476296
20 15   0.476296
20 16   0.476296
20 17   0.476296
20 18   0.476296
20 19   0.476296
20 20   0.476296
20 21   0.476296
20 22   0.476296
20 23   0.476296
20 24   0.476296
20 25   0.476296
20 26   0.476296
20 27   0.476296
20 28   0.476296
20 29   0.476296
20 30   0.476296
20 31   0.476296
20 32   0.476296
20 33   0.476296
20 34   0.476296
20 35   0.476296
20 36   0.476296
20 37   0.476296
20 38   0.476296
20 39   0.476296
20 40   0.476296
21 1   0.524794
21 2   0.524794
21 3   0.524794
21 4   0.524794
21 5   0.524794
21 6   0.524794
21 7   0.524794
21 8   0.524794
21 9   0.524794
21 10   0.524794
21 11   0.524794
21 12   0.524794
21 13   0.524794
21 14   0.524794
21 15   0.524794
21 16   0.524794
21 17   0.524794
21 18   0.524794
21 19   0.524794
21 20   0.524794
21 21   0.524794
21 22   0.524794
21 23   0.524794
21 24   0.524794
21 25   0.524794
21 26   0.524794
21 27   0.524794
21 28   0.524794
21 29   0.524794
21 30   0.524794
21 31   0.524794
21 32   0.524794
21 33   0.524794
21 34   0.524794
21 35   0.524794
21 36   0.524794
21 37   0.524794
21 38   0.524794
21 39   0.524794
21 40   0.524794
22 1   0.473886
22 2   0.473886
22 3   0.473886
22 4   0.473886
22 5   0.473886
22 6   0.473886
22 7   0.473886
22 8   0.473886
22 9   0.473886
22 10   0.473886
22 11   0.473886
22 12   0.473886
22 13   0.473886
22 14   0.473886
22 15   0.473886
22 16   0.473886
22 17   0.473886
22 18   0.473886
22 19   0.473886
22 20   0.473886
22 21   0.473886
22 22   0.473886
22 23   0.473886
22 24   0.473886
22 25   0.473886
22 26   0.473886
22 27   0.473886
22 28   0.473886
22 29   0.473886
22 30   0.473886
22 31   0.473886
22 32   0.473886
22 33   0.473886
22 34   0.473886
22 35   0.473886
22 36   0.473886
22 37   0.473886
22 38   0.473886
22 39   0.473886
22 40   0.473886
23 1   0.52677
23 2   0.52677
23 3   0.52677
23 4   0.52677
23 5   0.52677
23 6   0.52677
23 7   0.52677
23 8   0.52677
23 9   0.52677
23 10   0.52677
23 11   0.52677
23 12   0.52677
23 13   0.52677
23 14   0.52677
23 15   0.52677
23 16   0.52677
23 17   0.52677
23 18   0.52677
23 19   0.52677
23 20   0.52677
23 21   0.52677
23 22   0.52677
23 23   0.52677
23 24   0.52677
23 25   0.52677
23 26   0.52677
23 27   0.52677
23 28   0.52677
23 29   0.52677
23 30   0.52677
23 31   0.52677
23 32   0.52677
23 33   0.52677
23 34   0.52677
23 35   0.52677
23 36   0.52677
23 37   0.52677
23 38   0.52677
23 39   0.52677
23 40   0.52677
24 1   0.475802
24 2   0.475802
24 3   0.475802
24 4   0.475802
24 5   0.475802
24 6   0.475802
24 7   0.475802
24 8   0.475802
24 9   0.475802
24 10   0.475802
24 11   0.475802
24 12   0.475802
24 13   0.475802
24 14   0.475802
24 15   0.475802
24 16   0.475802
24 17   0.475802
24 18   0.475802
24 19   0.475802
24 20   0.475802
24 21   0.475802
24 22   0.475802
24 23   0.475802
24 24   0.475802
24 25   0.475802
24 26   0.475802
24 27   0.475802
24 28   0.475802
24 29   0.475802
24 30   0.475802
24 31   0.475802
24 32   0.475802
24 33   0.475802
24 34   0.475802
24 35   0.475802
24 36   0.475802
24 37   0.475802
24 38   0.475802
24 39   0.475802
24 40   0.475802
25 1   0.516078
25 2   0.516078
25 3   0.516078
25 4   0.516078
25 5   0.516078
25 6   0.516078
25 7   0.516078
25 8   0.516078
25 9   0.516078
25 10   0.516078
25 11   0.516078
25 12   0.516078
25 13   0.516078
25 14   0.516078
25 15   0.516078
25 16   0.516078
25 17   0.516078
25 18   0.516078
25 19   0.516078
25 20   0.516078
25 21   0.516078
25 22   0.516078
25 23   0.516078
25 24   0.516078
25 25   0.516078
25 26   0.516078
25 27   0.516078
25 28   0.516078
25 29   0.516078
25 30   0.516078
25 31   0.516078
25 32   0.516078
25 33   0.516078
25 34   0.516078
25 35   0.516078
25 36   0.516078
25 37   0.516078
25 38   0.516078
25 39   0.516078
25 40   0.516078
26 1   0.499812
26 2   0.499812
26 3   0.499812
26 4   0.499812
26 5   0.499812
26 6   0.499812
26 7   0.499812
26 8   0.499812
26 9   0.499812
26 10   0.499812
26 11   0.499812
26 12   0.499812
26 13   0.499812
26 14   0.499812
26 15   0.499812
26 16   0.499812
26 17   0.499812
26 18   0.499812
26 19   0.499812
26 20   0.499812
26 21   0.499812
26 22   0.499812
26 23   0.499812
26 24   0.499812
26 25   0.499812
26 26   0.499812
26 27   0.499812
26 28   0.499812
26 29   0.499812
26 30   0.499812
26 31   0.499812
26 32   0.499812
26 33   0.499812
26 34   0.499812
26 35   0.499812
26 36   0.499812
26 37   0.499812
26 38   0.499812
26 39   0.499812
26 40   0.499812
27 1   0.479211
27 2   0.479211
27 3   0.479211
27 4   0.479211
27 5   0.479211
27 6   0.479211
27 7   0.479211
27 8   0.479211
27 9   0.479211
27 10   0.479211
27 11   0.479211
27 12   0.479211
27 13   0.479211
27 14   0.479211
27 15   0.479211
27 16   0.479211
27 17   0.479211
27 18   0.479211
27 19   0.479211
27 20   0.479211
27 21   0.479211
27 22   0.479211
27 23   0.479211
27 24   0.479211
27 25   0.479211
27 26   0.479211
27 27   0.479211
27 28   0.479211
27 29   0.479211
27 30   0.479211
27 31   0.479211
27 32   0.479211
27 33   0.479211
27 34   0.479211
27 35   0.479211
27 36   0.479211
27 37   0.479211
27 38   0.479211
27 39   0.479211
27 40   0.479211
28 1   0.537024
28 2   0.537024
28 3   0.537024
28 4   0.537024
28 5   0.537024
28 6   0.537024
28 7   0.537024
28 8   0.537024
28 9   0.537024
28 10   0.537024
28 11   0.537024
28 12   0.537024
28 13   0.537024
28 14   0.537024
28 15   0.537024
28 16   0.537024
28 17   0.537024
28 18   0.537024
28 19   0.537024
28 20   0.537024
28 21   0.537024
28 22   0.537024
28 23   0.537024
28 24   0.537024
28 25   0.537024
28 26   0.537024
28 27   0.537024
28 28   0.537024
28 29   0.537024
28 30   0.537024
28 31   0.537024
28 32   0.537024
28 33   0.537024
28 34   0.537024
28 35   0.537024
28 36   0.537024
28 37   0.537024
28 38   0.537024
28 39   0.537024
28 40   0.537024
29 1   0.469195
29 2   0.469195
29 3   0.469195
29 4   0.469195
29 5   0.469195
29 6   0.469195
29 7   0.469195
29 8   0.469195
29 9   0.469195
29 10   0.469195
29 11   0.469195
29 12   0.469195
29 13   0.469195
29 14   0.469195
29 15   0.469195
29 16   0.469195
29 17   0.469195
29 18   0.469195
29 19   0.469195
29 20   0.469195
29 21   0.469195
29 22   0.469195
29 23   0.469195
29 24   0.469195
29 25   0.469195
29 26   0.469195
29 27   0.469195
29 28   0.469195
29 29   0.469195
29 30   0.469195
29 31   0.469195
29 32   0.469195
29 33   0.469195
29 34   0.469195
29 35   0.469195
29 36   0.469195
29 37   0.469195
29 38   0.469195
29 39   0.469195
29 40   0.469195
30 1   0.492804
30 2   0.492804
30 3   0.492804
30 4   0.492804
30 5   0.492804
30 6   0.492804
30 7   0.492804
30 8   0.492804
30 9   0.492804
30 10   0.492804
30 11   0.492804
30 12   0.492804
30 13   0.492804
30 14   0.492804
30 15   0.492804
30 16   0.492804
30 17   0.492804
30 18   0.492804
30 19   0.492804
30 20   0.492804
30 21   0.492804
30 22   0.492804
30 23   0.492804
30 24   0.492804
30 25   0.492804
30 26   0.492804
30 27   0.492804
30 28   0.492804
30 29   0.492804
30 30   0.492804
30 31   0.492804
30 32   0.492804
30 33   0.492804
30 34   0.492804
30 35   0.492804
30 36   0.492804
30 37   0.492804
30 38   0.492804
30 39   0.492804
30 40   0.492804
31 1   0.55139
31 2   0.55139
31 3   0.55139
31 4   0.55139
31 5   0.55139
31 6   0.55139
31 7   0.55139
31 8   0.55139
31 9   0.55139
31 10   0.55139
31 11   0.55139
31 12   0.55139
31 13   0.55139
31 14   0.55139
31 15   0.55139
31 16   0.55139
31 17   0.55139
31 18   0.55139
31 19   0.55139
31 20   0.55139
31 21   0.55139
31 22   0.55139
31 23   0.55139
31 24   0.55139
31 25   0.55139
31 26   0.55139
31 27   0.55139
31 28   0.55139
31 29   0.55139
31 30   0.55139
31 31   0.55139
31 32   0.55139
31 33   0.55139
31 34   0.55139
31 35   0.55139
31 36   0.55139
31 37   0.55139
31 38   0.55139
31 39   0.55139
31 40   0.55139
32 1   0.463719
32 2   0.463719
32 3   0.463719
32 4   0.463719
32 5   0.463719
32 6   0.463719
32 7   0.463719
32 8   0.463719
32 9   0.463719
32 10   0.463719
32 11   0.463719
32 12   0.463719
32 13   0.463719
32 14   0.463719
32 15   0.463719
32 16   0.463719
32 17   0.463719
32 18   0.463719
32 19   0.463719
32 20   0.463719
32 21   0.463719
32 22   0.463719
32 23   0.463719
32 24   0.463719
32 25   0.463719
32 26   0.463719
32 27   0.463719
32 28   0.463719
32 29   0.463719
32 30   0.463719
32 31   0.463719
32 32   0.463719
32 33   0.463719
32 34   0.463719
32 35   0.463719
32 36   0.463719
32 37   0.463719
32 38   0.463719
32 39   0.463719
32 40   0.463719
33 1   0.446399
33 2   0.446399
33 3   0.446399
33 4   0.446399
33 5   0.446399
33 6   0.446399
33 7   0.446399
33 8   0.446399
33 9   0.446399
33 10   0.446399
33 11   0.446399
33 12   0.446399
33 13   0.446399
33 14   0.446399
33 15   0.446399
33 16   0.446399
33 17   0.446399
33 18   0.446399
33 19   0.446399
33 20   0.446399
33 21   0.446399
33 22   0.446399
33 23   0.446399
33 24   0.446399
33 25   0.446399
33 26   0.446399
33 27   0.446399
33 28   0.446399
33 29   0.446399
33 30   0.446399
33 31   0.446399
33 32   0.446399
33 33   0.446399
33 34   0.446399
33 35   0.446399
33 36   0.446399
33 37   0.446399
33 38   0.446399
33 39   0.446399
33 40   0.446399
34 1   0.568619
34 2   0.568619
34 3   0.568619
34 4   0.568619
34 5   0.568619
34 6   0.568619
34 7   0.568619
34 8   0.568619
34 9   0.568619
34 10   0.568619
34 11   0.568619
34 12   0.568619
34 13   0.568619
34 14   0.568619
34 15   0.568619
34 16   0.568619
34 17   0.568619
34 18   0.568619
34 19   0.568619
34 20   0.568619
34 21   0.568619
34 22   0.568619
34 23   0.568619
34 24   0.568619
34 25   0.568619
34 26   0.568619
34 27   0.568619
34 28   0.568619
34 29   0.568619
34 30   0.568619
34 31   0.568619
34 32   0.568619
34 33   0.568619
34 34   0.568619
34 35   0.568619
34 36   0.568619
34 37   0.568619
34 38   0.568619
34 39   0.568619
34 40   0.568619
35 1   0.59942
35 2   0.59942
35 3   0.59942
35 4   0.59942
35 5   0.59942
35 6   0.59942
35 7   0.59942
35 8   0.59942
35 9   0.59942
35 10   0.59942
35 11   0.59942
35 12   0.59942
35 13   0.59942
35 14   0.59942
35 15   0.59942
35 16   0.59942
35 17   0.59942
35 18   0.59942
35 19   0.59942
35 20   0.59942
35 21   0.59942
35 22   0.59942
35 23   0.59942
35 24   0.59942
35 25   0.59942
35 26   0.59942
35 27   0.59942
35 28   0.59942
35 29   0.59942
35 30   0.59942
35 31   0.59942
35 32   0.59942
35 33   0.59942
35 34   0.59942
35 35   0.59942
35 36   0.59942
35 37   0.59942
35 38   0.59942
35 39   0.59942
35 40   0.59942
36 1   0.449026
36 2   0.449026
36 3   0.449026
36 4   0.449026
36 5   0.449026
36 6   0.449026
36 7   0.449026
36 8   0.449026
36 9   0.449026
36 10   0.449026
36 11   0.449026
36 12   0.449026
36 13   0.449026
36 14   0.449026
36 15   0.449026
36 16   0.449026
36 17   0.449026
36 18   0.449026
36 19   0.449026
36 20   0.449026
36 21   0.449026
36 22   0.449026
36 23   0.449026
36 24   0.449026
36 25   0.449026
36 26   0.449026
36 27   0.449026
36 28   0.449026
36 29   0.449026
36 30   0.449026
36 31   0.449026
36 32   0.449026
36 33   0.449026
36 34   0.449026
36 35   0.449026
36 36   0.449026
36 37   0.449026
36 38   0.449026
36 39   0.449026
36 40   0.449026
37 1   0.243698
37 2   0.243698
37 3   0.243698
37 4   0.243698
37 5   0.243698
37 6   0.243698
37 7   0.243698
37 8   0.243698
37 9   0.243698
37 10   0.243698
37 11   0.243698
37 12   0.243698
37 13   0.243698
37 14   0.243698
37 15   0.243698
37 16   0.243698
37 17   0.243698
37 18   0.243698
37 19   0.243698
37 20   0.243698
37 21   0.243698
37 22   0.243698
37 23   0.243698
37 24   0.243698
37 25   0.243698
37 26   0.243698
37 27   0.243698
37 28   0.243698
37 29   0.243698
37 30   0.243698
37 31   0.243698
37 32   0.243698
37 33   0.243698
37 34   0.243698
37 35   0.243698
37 36   0.243698
37 37   0.243698
37 38   0.243698
37 39   0.243698
37 40   0.243698
38 1   0.0994394
38 2   0.0994394
38 3   0.0994394
38 4   0.0994394
38 5   0.0994394
38 6   0.0994394
38 7   0.0994394
38 8   0.0994394
38 9   0.0994394
38 10   0.0994394
38 11   0.0994394
38 12   0.0994394
38 13   0.0994394
38 14   0.0994394
38 15   0.0994394
38 16   0.0994394
38 17   0.0994394
38 18   0.0994394
38 19   0.0994394
38 20   0.0994394
38 21   0.0994394
38 22   0.0994394
38 23   0.0994394
38 24   0.0994394
38 25   0.0994394
38 26   0.0994394
38 27   0.0994394
38 28   0.0994394
38 29   0.0994394
38 30   0.0994394
38 31   0.0994394
38 32   0.0994394
38 33   0.0994394
38 34   0.0994394
38 35   0.0994394
38 36   0.0994394
38 37   0.0994394
38 38   0.0994394
38 39   0.0994394
38 40   0.0994394
39 1   0.0316246
39 2   0.0316246
39 3   0.0316246
39 4   0.0316246
39 5   0.0316246
39 6   0.0316246
39 7   0.0316246
39 8   0.0316246
39 9   0.0316246
39 10   0.0316246
39 11   0.0316246
39 12   0.0316246
39 13   0.0316246
39 14   0.0316246
39 15   0.0316246
39 16   0.0316246
39 17   0.0316246
39 18   0.0316246
39 19   0.0316246
39 20   0.0316246
39 21   0.0316246
39 22   0.0316246
39 23   0.0316246
39 24   0.0316246
39 25   0.0316246
39 26   0.0316246
39 27   0.0316246
39 28   0.0316246
39 29   0.0316246
39 30   0.0316246
39 31   0.0316246
39 32   0.0316246
39 33   0.0316246
39 34   0.0316246
39 35   0.0316246
39 36   0.0316246
39 37   0.0316246
39 38   0.0316246
39 39   0.0316246
39 40   0.0316246
40 1   0.00938977
40 2   0.00938977
40 3   0.00938977
40 4   0.00938977
40 5   0.00938977
40 6   0.00938977
40 7   0.00938977
40 8   0.00938977
40 9   0.00938977
40 10   0.00938977
40 11   0.00938977
40 12   0.00938977
40 13   0.00938977
40 14   0.00938977
40 15   0.00938977
40 16   0.00938977
40 17   0.00938977
40 18   0.00938977
40 19   0.00938977
40 20   0.00938977
40 21   0.00938977
40 22   0.00938977
40 23   0.00938977
40 24   0.00938977
40 25   0.00938977
40 26   0.00938977
40 27   0.00938977
40 28   0.00938977
40 29   0.00938977
40 30   0.00938977
40 31   0.00938977
40 32   0.00938977
40 33   0.00938977
40 34   0.00938977
40 35   0.00938977
40 36   0.00938977
40 37   0.00938977
40 38   0.00938977
40 39   0.00938977
40 40   0.00938977
