1 1   0.957258
1 2   0.957258
1 3   0.957258
1 4   0.957258
1 5   0.957258
1 6   0.957258
1 7   0.957258
1 8   0.957258
1 9   0.957258
1 10   0.957258
1 11   0.957258
1 12   0.957258
1 13   0.957258
1 14   0.957258
1 15   0.957258
1 16   0.957258
1 17   0.957258
1 18   0.957258
1 19   0.957258
1 20   0.957258
1 21   0.957258
1 22   0.957258
1 23   0.957258
1 24   0.957258
1 25   0.957258
1 26   0.957258
1 27   0.957258
1 28   0.957258
1 29   0.957258
1 30   0.957258
1 31   0.957258
1 32   0.957258
1 33   0.957258
1 34   0.957258
1 35   0.957258
1 36   0.957258
1 37   0.957258
1 38   0.957258
1 39   0.957258
1 40   0.957258
2 1   0.972093
2 2   0.972093
2 3   0.972093
2 4   0.972093
2 5   0.972093
2 6   0.972093
2 7   0.972093
2 8   0.972093
2 9   0.972093
2 10   0.972093
2 11   0.972093
2 12   0.972093
2 13   0.972093
2 14   0.972093
2 15   0.972093
2 16   0.972093
2 17   0.972093
2 18   0.972093
2 19   0.972093
2 20   0.972093
2 21   0.972093
2 22   0.972093
2 23   0.972093
2 24   0.972093
2 25   0.972093
2 26   0.972093
2 27   0.972093
2 28   0.972093
2 29   0.972093
2 30   0.972093
2 31   0.972093
2 32   0.972093
2 33   0.972093
2 34   0.972093
2 35   0.972093
2 36   0.972093
2 37   0.972093
2 38   0.972093
2 39   0.972093
2 40   0.972093
3 1   0.997499
3 2   0.997499
3 3   0.997499
3 4   0.997499
3 5   0.997499
3 6   0.997499
3 7   0.997499
3 8   0.997499
3 9   0.997499
3 10   0.997499
3 11   0.997499
3 12   0.997499
3 13   0.997499
3 14   0.997499
3 15   0.997499
3 16   0.997499
3 17   0.997499
3 18   0.997499
3 19   0.997499
3 20   0.997499
3 21   0.997499
3 22   0.997499
3 23   0.997499
3 24   0.997499
3 25   0.997499
3 26   0.997499
3 27   0.997499
3 28   0.997499
3 29   0.997499
3 30   0.997499
3 31   0.997499
3 32   0.997499
3 33   0.997499
3 34   0.997499
3 35   0.997499
3 36   0.997499
3 37   0.997499
3 38   0.997499
3 39   0.997499
3 40   0.997499
4 1   1.02628
4 2   1.02628
4 3   1.02628
4 4   1.02628
4 5   1.02628
4 6   1.02628
4 7   1.02628
4 8   1.02628
4 9   1.02628
4 10   1.02628
4 11   1.02628
4 12   1.02628
4 13   1.02628
4 14   1.02628
4 15   1.02628
4 16   1.02628
4 17   1.02628
4 18   1.02628
4 19   1.02628
4 20   1.02628
4 21   1.02628
4 22   1.02628
4 23   1.02628
4 24   1.02628
4 25   1.02628
4 26   1.02628
4 27   1.02628
4 28   1.02628
4 29   1.02628
4 30   1.02628
4 31   1.02628
4 32   1.02628
4 33   1.02628
4 34   1.02628
4 35   1.02628
4 36   1.02628
4 37   1.02628
4 38   1.02628
4 39   1.02628
4 40   1.02628
5 1   1.05047
5 2   1.05047
5 3   1.05047
5 4   1.05047
5 5   1.05047
5 6   1.05047
5 7   1.05047
5 8   1.05047
5 9   1.05047
5 10   1.05047
5 11   1.05047
5 12   1.05047
5 13   1.05047
5 14   1.05047
5 15   1.05047
5 16   1.05047
5 17   1.05047
5 18   1.05047
5 19   1.05047
5 20   1.05047
5 21   1.05047
5 22   1.05047
5 23   1.05047
5 24   1.05047
5 25   1.05047
5 26   1.05047
5 27   1.05047
5 28   1.05047
5 29   1.05047
5 30   1.05047
5 31   1.05047
5 32   1.05047
5 33   1.05047
5 34   1.05047
5 35   1.05047
5 36   1.05047
5 37   1.05047
5 38   1.05047
5 39   1.05047
5 40   1.05047
6 1   1.06356
6 2   1.06356
6 3   1.06356
6 4   1.06356
6 5   1.06356
6 6   1.06356
6 7   1.06356
6 8   1.06356
6 9   1.06356
6 10   1.06356
6 11   1.06356
6 12   1.06356
6 13   1.06356
6 14   1.06356
6 15   1.06356
6 16   1.06356
6 17   1.06356
6 18   1.06356
6 19   1.06356
6 20   1.06356
6 21   1.06356
6 22   1.06356
6 23   1.06356
6 24   1.06356
6 25   1.06356
6 26   1.06356
6 27   1.06356
6 28   1.06356
6 29   1.06356
6 30   1.06356
6 31   1.06356
6 32   1.06356
6 33   1.06356
6 34   1.06356
6 35   1.06356
6 36   1.06356
6 37   1.06356
6 38   1.06356
6 39   1.06356
6 40   1.06356
7 1   1.06193
7 2   1.06193
7 3   1.06193
7 4   1.06193
7 5   1.06193
7 6   1.06193
7 7   1.06193
7 8   1.06193
7 9   1.06193
7 10   1.06193
7 11   1.06193
7 12   1.06193
7 13   1.06193
7 14   1.06193
7 15   1.06193
7 16   1.06193
7 17   1.06193
7 18   1.06193
7 19   1.06193
7 20   1.06193
7 21   1.06193
7 22   1.06193
7 23   1.06193
7 24   1.06193
7 25   1.06193
7 26   1.06193
7 27   1.06193
7 28   1.06193
7 29   1.06193
7 30   1.06193
7 31   1.06193
7 32   1.06193
7 33   1.06193
7 34   1.06193
7 35   1.06193
7 36   1.06193
7 37   1.06193
7 38   1.06193
7 39   1.06193
7 40   1.06193
8 1   1.04522
8 2   1.04522
8 3   1.04522
8 4   1.04522
8 5   1.04522
8 6   1.04522
8 7   1.04522
8 8   1.04522
8 9   1.04522
8 10   1.04522
8 11   1.04522
8 12   1.04522
8 13   1.04522
8 14   1.04522
8 15   1.04522
8 16   1.04522
8 17   1.04522
8 18   1.04522
8 19   1.04522
8 20   1.04522
8 21   1.04522
8 22   1.04522
8 23   1.04522
8 24   1.04522
8 25   1.04522
8 26   1.04522
8 27   1.04522
8 28   1.04522
8 29   1.04522
8 30   1.04522
8 31   1.04522
8 32   1.04522
8 33   1.04522
8 34   1.04522
8 35   1.04522
8 36   1.04522
8 37   1.04522
8 38   1.04522
8 39   1.04522
8 40   1.04522
9 1   1.01553
9 2   1.01553
9 3   1.01553
9 4   1.01553
9 5   1.01553
9 6   1.01553
9 7   1.01553
9 8   1.01553
9 9   1.01553
9 10   1.01553
9 11   1.01553
9 12   1.01553
9 13   1.01553
9 14   1.01553
9 15   1.01553
9 16   1.01553
9 17   1.01553
9 18   1.01553
9 19   1.01553
9 20   1.01553
9 21   1.01553
9 22   1.01553
9 23   1.01553
9 24   1.01553
9 25   1.01553
9 26   1.01553
9 27   1.01553
9 28   1.01553
9 29   1.01553
9 30   1.01553
9 31   1.01553
9 32   1.01553
9 33   1.01553
9 34   1.01553
9 35   1.01553
9 36   1.01553
9 37   1.01553
9 38   1.01553
9 39   1.01553
9 40   1.01553
10 1   0.976027
10 2   0.976027
10 3   0.976027
10 4   0.976027
10 5   0.976027
10 6   0.976027
10 7   0.976027
10 8   0.976027
10 9   0.976027
10 10   0.976027
10 11   0.976027
10 12   0.976027
10 13   0.976027
10 14   0.976027
10 15   0.976027
10 16   0.976027
10 17   0.976027
10 18   0.976027
10 19   0.976027
10 20   0.976027
10 21   0.976027
10 22   0.976027
10 23   0.976027
10 24   0.976027
10 25   0.976027
10 26   0.976027
10 27   0.976027
10 28   0.976027
10 29   0.976027
10 30   0.976027
10 31   0.976027
10 32   0.976027
10 33   0.976027
10 34   0.976027
10 35   0.976027
10 36   0.976027
10 37   0.976027
10 38   0.976027
10 39   0.976027
10 40   0.976027
11 1   0.929738
11 2   0.929738
11 3   0.929738
11 4   0.929738
11 5   0.929738
11 6   0.929738
11 7   0.929738
11 8   0.929738
11 9   0.929738
11 10   0.929738
11 11   0.929738
11 12   0.929738
11 13   0.929738
11 14   0.929738
11 15   0.929738
11 16   0.929738
11 17   0.929738
11 18   0.929738
11 19   0.929738
11 20   0.929738
11 21   0.929738
11 22   0.929738
11 23   0.929738
11 24   0.929738
11 25   0.929738
11 26   0.929738
11 27   0.929738
11 28   0.929738
11 29   0.929738
11 30   0.929738
11 31   0.929738
11 32   0.929738
11 33   0.929738
11 34   0.929738
11 35   0.929738
11 36   0.929738
11 37   0.929738
11 38   0.929738
11 39   0.929738
11 40   0.929738
12 1   0.878934
12 2   0.878934
12 3   0.878934
12 4   0.878934
12 5   0.878934
12 6   0.878934
12 7   0.878934
12 8   0.878934
12 9   0.878934
12 10   0.878934
12 11   0.878934
12 12   0.878934
12 13   0.878934
12 14   0.878934
12 15   0.878934
12 16   0.878934
12 17   0.878934
12 18   0.878934
12 19   0.878934
12 20   0.878934
12 21   0.878934
12 22   0.878934
12 23   0.878934
12 24   0.878934
12 25   0.878934
12 26   0.878934
12 27   0.878934
12 28   0.878934
12 29   0.878934
12 30   0.878934
12 31   0.878934
12 32   0.878934
12 33   0.878934
12 34   0.878934
12 35   0.878934
12 36   0.878934
12 37   0.878934
12 38   0.878934
12 39   0.878934
12 40   0.878934
13 1   0.825242
13 2   0.825242
13 3   0.825242
13 4   0.825242
13 5   0.825242
13 6   0.825242
13 7   0.825242
13 8   0.825242
13 9   0.825242
13 10   0.825242
13 11   0.825242
13 12   0.825242
13 13   0.825242
13 14   0.825242
13 15   0.825242
13 16   0.825242
13 17   0.825242
13 18   0.825242
13 19   0.825242
13 20   0.825242
13 21   0.825242
13 22   0.825242
13 23   0.825242
13 24   0.825242
13 25   0.825242
13 26   0.825242
13 27   0.825242
13 28   0.825242
13 29   0.825242
13 30   0.825242
13 31   0.825242
13 32   0.825242
13 33   0.825242
13 34   0.825242
13 35   0.825242
13 36   0.825242
13 37   0.825242
13 38   0.825242
13 39   0.825242
13 40   0.825242
14 1   0.770096
14 2   0.770096
14 3   0.770096
14 4   0.770096
14 5   0.770096
14 6   0.770096
14 7   0.770096
14 8   0.770096
14 9   0.770096
14 10   0.770096
14 11   0.770096
14 12   0.770096
14 13   0.770096
14 14   0.770096
14 15   0.770096
14 16   0.770096
14 17   0.770096
14 18   0.770096
14 19   0.770096
14 20   0.770096
14 21   0.770096
14 22   0.770096
14 23   0.770096
14 24   0.770096
14 25   0.770096
14 26   0.770096
14 27   0.770096
14 28   0.770096
14 29   0.770096
14 30   0.770096
14 31   0.770096
14 32   0.770096
14 33   0.770096
14 34   0.770096
14 35   0.770096
14 36   0.770096
14 37   0.770096
14 38   0.770096
14 39   0.770096
14 40   0.770096
15 1   0.715028
15 2   0.715028
15 3   0.715028
15 4   0.715028
15 5   0.715028
15 6   0.715028
15 7   0.715028
15 8   0.715028
15 9   0.715028
15 10   0.715028
15 11   0.715028
15 12   0.715028
15 13   0.715028
15 14   0.715028
15 15   0.715028
15 16   0.715028
15 17   0.715028
15 18   0.715028
15 19   0.715028
15 20   0.715028
15 21   0.715028
15 22   0.715028
15 23   0.715028
15 24   0.715028
15 25   0.715028
15 26   0.715028
15 27   0.715028
15 28   0.715028
15 29   0.715028
15 30   0.715028
15 31   0.715028
15 32   0.715028
15 33   0.715028
15 34   0.715028
15 35   0.715028
15 36   0.715028
15 37   0.715028
15 38   0.715028
15 39   0.715028
15 40   0.715028
16 1   0.661561
16 2   0.661561
16 3   0.661561
16 4   0.661561
16 5   0.661561
16 6   0.661561
16 7   0.661561
16 8   0.661561
16 9   0.661561
16 10   0.661561
16 11   0.661561
16 12   0.661561
16 13   0.661561
16 14   0.661561
16 15   0.661561
16 16   0.661561
16 17   0.661561
16 18   0.661561
16 19   0.661561
16 20   0.661561
16 21   0.661561
16 22   0.661561
16 23   0.661561
16 24   0.661561
16 25   0.661561
16 26   0.661561
16 27   0.661561
16 28   0.661561
16 29   0.661561
16 30   0.661561
16 31   0.661561
16 32   0.661561
16 33   0.661561
16 34   0.661561
16 35   0.661561
16 36   0.661561
16 37   0.661561
16 38   0.661561
16 39   0.661561
16 40   0.661561
17 1   0.610851
17 2   0.610851
17 3   0.610851
17 4   0.610851
17 5   0.610851
17 6   0.610851
17 7   0.610851
17 8   0.610851
17 9   0.610851
17 10   0.610851
17 11   0.610851
17 12   0.610851
17 13   0.610851
17 14   0.610851
17 15   0.610851
17 16   0.610851
17 17   0.610851
17 18   0.610851
17 19   0.610851
17 20   0.610851
17 21   0.610851
17 22   0.610851
17 23   0.610851
17 24   0.610851
17 25   0.610851
17 26   0.610851
17 27   0.610851
17 28   0.610851
17 29   0.610851
17 30   0.610851
17 31   0.610851
17 32   0.610851
17 33   0.610851
17 34   0.610851
17 35   0.610851
17 36   0.610851
17 37   0.610851
17 38   0.610851
17 39   0.610851
17 40   0.610851
18 1   0.563391
18 2   0.563391
18 3   0.563391
18 4   0.563391
18 5   0.563391
18 6   0.563391
18 7   0.563391
18 8   0.563391
18 9   0.563391
18 10   0.563391
18 11   0.563391
18 12   0.563391
18 13   0.563391
18 14   0.563391
18 15   0.563391
18 16   0.563391
18 17   0.563391
18 18   0.563391
18 19   0.563391
18 20   0.563391
18 21   0.563391
18 22   0.563391
18 23   0.563391
18 24   0.563391
18 25   0.563391
18 26   0.563391
18 27   0.563391
18 28   0.563391
18 29   0.563391
18 30   0.563391
18 31   0.563391
18 32   0.563391
18 33   0.563391
18 34   0.563391
18 35   0.563391
18 36   0.563391
18 37   0.563391
18 38   0.563391
18 39   0.563391
18 40   0.563391
19 1   0.518924
19 2   0.518924
19 3   0.518924
19 4   0.518924
19 5   0.518924
19 6   0.518924
19 7   0.518924
19 8   0.518924
19 9   0.518924
19 10   0.518924
19 11   0.518924
19 12   0.518924
19 13   0.518924
19 14   0.518924
19 15   0.518924
19 16   0.518924
19 17   0.518924
19 18   0.518924
19 19   0.518924
19 20   0.518924
19 21   0.518924
19 22   0.518924
19 23   0.518924
19 24   0.518924
19 25   0.518924
19 26   0.518924
19 27   0.518924
19 28   0.518924
19 29   0.518924
19 30   0.518924
19 31   0.518924
19 32   0.518924
19 33   0.518924
19 34   0.518924
19 35   0.518924
19 36   0.518924
19 37   0.518924
19 38   0.518924
19 39   0.518924
19 40   0.518924
20 1   0.476472
20 2   0.476472
20 3   0.476472
20 4   0.476472
20 5   0.476472
20 6   0.476472
20 7   0.476472
20 8   0.476472
20 9   0.476472
20 10   0.476472
20 11   0.476472
20 12   0.476472
20 13   0.476472
20 14   0.476472
20 15   0.476472
20 16   0.476472
20 17   0.476472
20 18   0.476472
20 19   0.476472
20 20   0.476472
20 21   0.476472
20 22   0.476472
20 23   0.476472
20 24   0.476472
20 25   0.476472
20 26   0.476472
20 27   0.476472
20 28   0.476472
20 29   0.476472
20 30   0.476472
20 31   0.476472
20 32   0.476472
20 33   0.476472
20 34   0.476472
20 35   0.476472
20 36   0.476472
20 37   0.476472
20 38   0.476472
20 39   0.476472
20 40   0.476472
21 1   0.434403
21 2   0.434403
21 3   0.434403
21 4   0.434403
21 5   0.434403
21 6   0.434403
21 7   0.434403
21 8   0.434403
21 9   0.434403
21 10   0.434403
21 11   0.434403
21 12   0.434403
21 13   0.434403
21 14   0.434403
21 15   0.434403
21 16   0.434403
21 17   0.434403
21 18   0.434403
21 19   0.434403
21 20   0.434403
21 21   0.434403
21 22   0.434403
21 23   0.434403
21 24   0.434403
21 25   0.434403
21 26   0.434403
21 27   0.434403
21 28   0.434403
21 29   0.434403
21 30   0.434403
21 31   0.434403
21 32   0.434403
21 33   0.434403
21 34   0.434403
21 35   0.434403
21 36   0.434403
21 37   0.434403
21 38   0.434403
21 39   0.434403
21 40   0.434403
22 1   0.390642
22 2   0.390642
22 3   0.390642
22 4   0.390642
22 5   0.390642
22 6   0.390642
22 7   0.390642
22 8   0.390642
22 9   0.390642
22 10   0.390642
22 11   0.390642
22 12   0.390642
22 13   0.390642
22 14   0.390642
22 15   0.390642
22 16   0.390642
22 17   0.390642
22 18   0.390642
22 19   0.390642
22 20   0.390642
22 21   0.390642
22 22   0.390642
22 23   0.390642
22 24   0.390642
22 25   0.390642
22 26   0.390642
22 27   0.390642
22 28   0.390642
22 29   0.390642
22 30   0.390642
22 31   0.390642
22 32   0.390642
22 33   0.390642
22 34   0.390642
22 35   0.390642
22 36   0.390642
22 37   0.390642
22 38   0.390642
22 39   0.390642
22 40   0.390642
23 1   0.343198
23 2   0.343198
23 3   0.343198
23 4   0.343198
23 5   0.343198
23 6   0.343198
23 7   0.343198
23 8   0.343198
23 9   0.343198
23 10   0.343198
23 11   0.343198
23 12   0.343198
23 13   0.343198
23 14   0.343198
23 15   0.343198
23 16   0.343198
23 17   0.343198
23 18   0.343198
23 19   0.343198
23 20   0.343198
23 21   0.343198
23 22   0.343198
23 23   0.343198
23 24   0.343198
23 25   0.343198
23 26   0.343198
23 27   0.343198
23 28   0.343198
23 29   0.343198
23 30   0.343198
23 31   0.343198
23 32   0.343198
23 33   0.343198
23 34   0.343198
23 35   0.343198
23 36   0.343198
23 37   0.343198
23 38   0.343198
23 39   0.343198
23 40   0.343198
24 1   0.290925
24 2   0.290925
24 3   0.290925
24 4   0.290925
24 5   0.290925
24 6   0.290925
24 7   0.290925
24 8   0.290925
24 9   0.290925
24 10   0.290925
24 11   0.290925
24 12   0.290925
24 13   0.290925
24 14   0.290925
24 15   0.290925
24 16   0.290925
24 17   0.290925
24 18   0.290925
24 19   0.290925
24 20   0.290925
24 21   0.290925
24 22   0.290925
24 23   0.290925
24 24   0.290925
24 25   0.290925
24 26   0.290925
24 27   0.290925
24 28   0.290925
24 29   0.290925
24 30   0.290925
24 31   0.290925
24 32   0.290925
24 33   0.290925
24 34   0.290925
24 35   0.290925
24 36   0.290925
24 37   0.290925
24 38   0.290925
24 39   0.290925
24 40   0.290925
25 1   0.234143
25 2   0.234143
25 3   0.234143
25 4   0.234143
25 5   0.234143
25 6   0.234143
25 7   0.234143
25 8   0.234143
25 9   0.234143
25 10   0.234143
25 11   0.234143
25 12   0.234143
25 13   0.234143
25 14   0.234143
25 15   0.234143
25 16   0.234143
25 17   0.234143
25 18   0.234143
25 19   0.234143
25 20   0.234143
25 21   0.234143
25 22   0.234143
25 23   0.234143
25 24   0.234143
25 25   0.234143
25 26   0.234143
25 27   0.234143
25 28   0.234143
25 29   0.234143
25 30   0.234143
25 31   0.234143
25 32   0.234143
25 33   0.234143
25 34   0.234143
25 35   0.234143
25 36   0.234143
25 37   0.234143
25 38   0.234143
25 39   0.234143
25 40   0.234143
26 1   0.174769
26 2   0.174769
26 3   0.174769
26 4   0.174769
26 5   0.174769
26 6   0.174769
26 7   0.174769
26 8   0.174769
26 9   0.174769
26 10   0.174769
26 11   0.174769
26 12   0.174769
26 13   0.174769
26 14   0.174769
26 15   0.174769
26 16   0.174769
26 17   0.174769
26 18   0.174769
26 19   0.174769
26 20   0.174769
26 21   0.174769
26 22   0.174769
26 23   0.174769
26 24   0.174769
26 25   0.174769
26 26   0.174769
26 27   0.174769
26 28   0.174769
26 29   0.174769
26 30   0.174769
26 31   0.174769
26 32   0.174769
26 33   0.174769
26 34   0.174769
26 35   0.174769
26 36   0.174769
26 37   0.174769
26 38   0.174769
26 39   0.174769
26 40   0.174769
27 1   0.115979
27 2   0.115979
27 3   0.115979
27 4   0.115979
27 5   0.115979
27 6   0.115979
27 7   0.115979
27 8   0.115979
27 9   0.115979
27 10   0.115979
27 11   0.115979
27 12   0.115979
27 13   0.115979
27 14   0.115979
27 15   0.115979
27 16   0.115979
27 17   0.115979
27 18   0.115979
27 19   0.115979
27 20   0.115979
27 21   0.115979
27 22   0.115979
27 23   0.115979
27 24   0.115979
27 25   0.115979
27 26   0.115979
27 27   0.115979
27 28   0.115979
27 29   0.115979
27 30   0.115979
27 31   0.115979
27 32   0.115979
27 33   0.115979
27 34   0.115979
27 35   0.115979
27 36   0.115979
27 37   0.115979
27 38   0.115979
27 39   0.115979
27 40   0.115979
28 1   0.0616281
28 2   0.0616281
28 3   0.0616281
28 4   0.0616281
28 5   0.0616281
28 6   0.0616281
28 7   0.0616281
28 8   0.0616281
28 9   0.0616281
28 10   0.0616281
28 11   0.0616281
28 12   0.0616281
28 13   0.0616281
28 14   0.0616281
28 15   0.0616281
28 16   0.0616281
28 17   0.0616281
28 18   0.0616281
28 19   0.0616281
28 20   0.0616281
28 21   0.0616281
28 22   0.0616281
28 23   0.0616281
28 24   0.0616281
28 25   0.0616281
28 26   0.0616281
28 27   0.0616281
28 28   0.0616281
28 29   0.0616281
28 30   0.0616281
28 31   0.0616281
28 32   0.0616281
28 33   0.0616281
28 34   0.0616281
28 35   0.0616281
28 36   0.0616281
28 37   0.0616281
28 38   0.0616281
28 39   0.0616281
28 40   0.0616281
29 1   0.0156005
29 2   0.0156005
29 3   0.0156005
29 4   0.0156005
29 5   0.0156005
29 6   0.0156005
29 7   0.0156005
29 8   0.0156005
29 9   0.0156005
29 10   0.0156005
29 11   0.0156005
29 12   0.0156005
29 13   0.0156005
29 14   0.0156005
29 15   0.0156005
29 16   0.0156005
29 17   0.0156005
29 18   0.0156005
29 19   0.0156005
29 20   0.0156005
29 21   0.0156005
29 22   0.0156005
29 23   0.0156005
29 24   0.0156005
29 25   0.0156005
29 26   0.0156005
29 27   0.0156005
29 28   0.0156005
29 29   0.0156005
29 30   0.0156005
29 31   0.0156005
29 32   0.0156005
29 33   0.0156005
29 34   0.0156005
29 35   0.0156005
29 36   0.0156005
29 37   0.0156005
29 38   0.0156005
29 39   0.0156005
29 40   0.0156005
30 1   -0.0189081
30 2   -0.0189081
30 3   -0.0189081
30 4   -0.0189081
30 5   -0.0189081
30 6   -0.0189081
30 7   -0.0189081
30 8   -0.0189081
30 9   -0.0189081
30 10   -0.0189081
30 11   -0.0189081
30 12   -0.0189081
30 13   -0.0189081
30 14   -0.0189081
30 15   -0.0189081
30 16   -0.0189081
30 17   -0.0189081
30 18   -0.0189081
30 19   -0.0189081
30 20   -0.0189081
30 21   -0.0189081
30 22   -0.0189081
30 23   -0.0189081
30 24   -0.0189081
30 25   -0.0189081
30 26   -0.0189081
30 27   -0.0189081
30 28   -0.0189081
30 29   -0.0189081
30 30   -0.0189081
30 31   -0.0189081
30 32   -0.0189081
30 33   -0.0189081
30 34   -0.0189081
30 35   -0.0189081
30 36   -0.0189081
30 37   -0.0189081
30 38   -0.0189081
30 39   -0.0189081
30 40   -0.0189081
31 1   -0.040181
31 2   -0.040181
31 3   -0.040181
31 4   -0.040181
31 5   -0.040181
31 6   -0.040181
31 7   -0.040181
31 8   -0.040181
31 9   -0.040181
31 10   -0.040181
31 11   -0.040181
31 12   -0.040181
31 13   -0.040181
31 14   -0.040181
31 15   -0.040181
31 16   -0.040181
31 17   -0.040181
31 18   -0.040181
31 19   -0.040181
31 20   -0.040181
31 21   -0.040181
31 22   -0.040181
31 23   -0.040181
31 24   -0.040181
31 25   -0.040181
31 26   -0.040181
31 27   -0.040181
31 28   -0.040181
31 29   -0.040181
31 30   -0.040181
31 31   -0.040181
31 32   -0.040181
31 33   -0.040181
31 34   -0.040181
31 35   -0.040181
31 36   -0.040181
31 37   -0.040181
31 38   -0.040181
31 39   -0.040181
31 40   -0.040181
32 1   -0.0485663
32 2   -0.0485663
32 3   -0.0485663
32 4   -0.0485663
32 5   -0.0485663
32 6   -0.0485663
32 7   -0.0485663
32 8   -0.0485663
32 9   -0.0485663
32 10   -0.0485663
32 11   -0.0485663
32 12   -0.0485663
32 13   -0.0485663
32 14   -0.0485663
32 15   -0.0485663
32 16   -0.0485663
32 17   -0.0485663
32 18   -0.0485663
32 19   -0.0485663
32 20   -0.0485663
32 21   -0.0485663
32 22   -0.0485663
32 23   -0.0485663
32 24   -0.0485663
32 25   -0.0485663
32 26   -0.0485663
32 27   -0.0485663
32 28   -0.0485663
32 29   -0.0485663
32 30   -0.0485663
32 31   -0.0485663
32 32   -0.0485663
32 33   -0.0485663
32 34   -0.0485663
32 35   -0.0485663
32 36   -0.0485663
32 37   -0.0485663
32 38   -0.0485663
32 39   -0.0485663
32 40   -0.0485663
33 1   -0.0464475
33 2   -0.0464475
33 3   -0.0464475
33 4   -0.0464475
33 5   -0.0464475
33 6   -0.0464475
33 7   -0.0464475
33 8   -0.0464475
33 9   -0.0464475
33 10   -0.0464475
33 11   -0.0464475
33 12   -0.0464475
33 13   -0.0464475
33 14   -0.0464475
33 15   -0.0464475
33 16   -0.0464475
33 17   -0.0464475
33 18   -0.0464475
33 19   -0.0464475
33 20   -0.0464475
33 21   -0.0464475
33 22   -0.0464475
33 23   -0.0464475
33 24   -0.0464475
33 25   -0.0464475
33 26   -0.0464475
33 27   -0.0464475
33 28   -0.0464475
33 29   -0.0464475
33 30   -0.0464475
33 31   -0.0464475
33 32   -0.0464475
33 33   -0.0464475
33 34   -0.0464475
33 35   -0.0464475
33 36   -0.0464475
33 37   -0.0464475
33 38   -0.0464475
33 39   -0.0464475
33 40   -0.0464475
34 1   -0.0374234
34 2   -0.0374234
34 3   -0.0374234
34 4   -0.0374234
34 5   -0.0374234
34 6   -0.0374234
34 7   -0.0374234
34 8   -0.0374234
34 9   -0.0374234
34 10   -0.0374234
34 11   -0.0374234
34 12   -0.0374234
34 13   -0.0374234
34 14   -0.0374234
34 15   -0.0374234
34 16   -0.0374234
34 17   -0.0374234
34 18   -0.0374234
34 19   -0.0374234
34 20   -0.0374234
34 21   -0.0374234
34 22   -0.0374234
34 23   -0.0374234
34 24   -0.0374234
34 25   -0.0374234
34 26   -0.0374234
34 27   -0.0374234
34 28   -0.0374234
34 29   -0.0374234
34 30   -0.0374234
34 31   -0.0374234
34 32   -0.0374234
34 33   -0.0374234
34 34   -0.0374234
34 35   -0.0374234
34 36   -0.0374234
34 37   -0.0374234
34 38   -0.0374234
34 39   -0.0374234
34 40   -0.0374234
35 1   -0.0250707
35 2   -0.0250707
35 3   -0.0250707
35 4   -0.0250707
35 5   -0.0250707
35 6   -0.0250707
35 7   -0.0250707
35 8   -0.0250707
35 9   -0.0250707
35 10   -0.0250707
35 11   -0.0250707
35 12   -0.0250707
35 13   -0.0250707
35 14   -0.0250707
35 15   -0.0250707
35 16   -0.0250707
35 17   -0.0250707
35 18   -0.0250707
35 19   -0.0250707
35 20   -0.0250707
35 21   -0.0250707
35 22   -0.0250707
35 23   -0.0250707
35 24   -0.0250707
35 25   -0.0250707
35 26   -0.0250707
35 27   -0.0250707
35 28   -0.0250707
35 29   -0.0250707
35 30   -0.0250707
35 31   -0.0250707
35 32   -0.0250707
35 33   -0.0250707
35 34   -0.0250707
35 35   -0.0250707
35 36   -0.0250707
35 37   -0.0250707
35 38   -0.0250707
35 39   -0.0250707
35 40   -0.0250707
36 1   -0.0119986
36 2   -0.0119986
36 3   -0.0119986
36 4   -0.0119986
36 5   -0.0119986
36 6   -0.0119986
36 7   -0.0119986
36 8   -0.0119986
36 9   -0.0119986
36 10   -0.0119986
36 11   -0.0119986
36 12   -0.0119986
36 13   -0.0119986
36 14   -0.0119986
36 15   -0.0119986
36 16   -0.0119986
36 17   -0.0119986
36 18   -0.0119986
36 19   -0.0119986
36 20   -0.0119986
36 21   -0.0119986
36 22   -0.0119986
36 23   -0.0119986
36 24   -0.0119986
36 25   -0.0119986
36 26   -0.0119986
36 27   -0.0119986
36 28   -0.0119986
36 29   -0.0119986
36 30   -0.0119986
36 31   -0.0119986
36 32   -0.0119986
36 33   -0.0119986
36 34   -0.0119986
36 35   -0.0119986
36 36   -0.0119986
36 37   -0.0119986
36 38   -0.0119986
36 39   -0.0119986
36 40   -0.0119986
37 1   0.000294852
37 2   0.000294852
37 3   0.000294852
37 4   0.000294852
37 5   0.000294852
37 6   0.000294852
37 7   0.000294852
37 8   0.000294852
37 9   0.000294852
37 10   0.000294852
37 11   0.000294852
37 12   0.000294852
37 13   0.000294852
37 14   0.000294852
37 15   0.000294852
37 16   0.000294852
37 17   0.000294852
37 18   0.000294852
37 19   0.000294852
37 20   0.000294852
37 21   0.000294852
37 22   0.000294852
37 23   0.000294852
37 24   0.000294852
37 25   0.000294852
37 26   0.000294852
37 27   0.000294852
37 28   0.000294852
37 29   0.000294852
37 30   0.000294852
37 31   0.000294852
37 32   0.000294852
37 33   0.000294852
37 34   0.000294852
37 35   0.000294852
37 36   0.000294852
37 37   0.000294852
37 38   0.000294852
37 39   0.000294852
37 40   0.000294852
38 1   0.0108947
38 2   0.0108947
38 3   0.0108947
38 4   0.0108947
38 5   0.0108947
38 6   0.0108947
38 7   0.0108947
38 8   0.0108947
38 9   0.0108947
38 10   0.0108947
38 11   0.0108947
38 12   0.0108947
38 13   0.0108947
38 14   0.0108947
38 15   0.0108947
38 16   0.0108947
38 17   0.0108947
38 18   0.0108947
38 19   0.0108947
38 20   0.0108947
38 21   0.0108947
38 22   0.0108947
38 23   0.0108947
38 24   0.0108947
38 25   0.0108947
38 26   0.0108947
38 27   0.0108947
38 28   0.0108947
38 29   0.0108947
38 30   0.0108947
38 31   0.0108947
38 32   0.0108947
38 33   0.0108947
38 34   0.0108947
38 35   0.0108947
38 36   0.0108947
38 37   0.0108947
38 38   0.0108947
38 39   0.0108947
38 40   0.0108947
39 1   0.0188821
39 2   0.0188821
39 3   0.0188821
39 4   0.0188821
39 5   0.0188821
39 6   0.0188821
39 7   0.0188821
39 8   0.0188821
39 9   0.0188821
39 10   0.0188821
39 11   0.0188821
39 12   0.0188821
39 13   0.0188821
39 14   0.0188821
39 15   0.0188821
39 16   0.0188821
39 17   0.0188821
39 18   0.0188821
39 19   0.0188821
39 20   0.0188821
39 21   0.0188821
39 22   0.0188821
39 23   0.0188821
39 24   0.0188821
39 25   0.0188821
39 26   0.0188821
39 27   0.0188821
39 28   0.0188821
39 29   0.0188821
39 30   0.0188821
39 31   0.0188821
39 32   0.0188821
39 33   0.0188821
39 34   0.0188821
39 35   0.0188821
39 36   0.0188821
39 37   0.0188821
39 38   0.0188821
39 39   0.0188821
39 40   0.0188821
40 1   0.0232374
40 2   0.0232374
40 3   0.0232374
40 4   0.0232374
40 5   0.0232374
40 6   0.0232374
40 7   0.0232374
40 8   0.0232374
40 9   0.0232374
40 10   0.0232374
40 11   0.0232374
40 12   0.0232374
40 13   0.0232374
40 14   0.0232374
40 15   0.0232374
40 16   0.0232374
40 17   0.0232374
40 18   0.0232374
40 19   0.0232374
40 20   0.0232374
40 21   0.0232374
40 22   0.0232374
40 23   0.0232374
40 24   0.0232374
40 25   0.0232374
40 26   0.0232374
40 27   0.0232374
40 28   0.0232374
40 29   0.0232374
40 30   0.0232374
40 31   0.0232374
40 32   0.0232374
40 33   0.0232374
40 34   0.0232374
40 35   0.0232374
40 36   0.0232374
40 37   0.0232374
40 38   0.0232374
40 39   0.0232374
40 40   0.0232374
