1 1   0.860872
1 2   0.860872
1 3   0.860872
1 4   0.860872
1 5   0.860872
1 6   0.860872
1 7   0.860872
1 8   0.860872
1 9   0.860872
1 10   0.860872
1 11   0.860872
1 12   0.860872
1 13   0.860872
1 14   0.860872
1 15   0.860872
1 16   0.860872
1 17   0.860872
1 18   0.860872
1 19   0.860872
1 20   0.860872
1 21   0.860872
1 22   0.860872
1 23   0.860872
1 24   0.860872
1 25   0.860872
1 26   0.860872
1 27   0.860872
1 28   0.860872
1 29   0.860872
1 30   0.860872
1 31   0.860872
1 32   0.860872
1 33   0.860872
1 34   0.860872
1 35   0.860872
1 36   0.860872
1 37   0.860872
1 38   0.860872
1 39   0.860872
1 40   0.860872
2 1   0.84646
2 2   0.84646
2 3   0.84646
2 4   0.84646
2 5   0.84646
2 6   0.84646
2 7   0.84646
2 8   0.84646
2 9   0.84646
2 10   0.84646
2 11   0.84646
2 12   0.84646
2 13   0.84646
2 14   0.84646
2 15   0.84646
2 16   0.84646
2 17   0.84646
2 18   0.84646
2 19   0.84646
2 20   0.84646
2 21   0.84646
2 22   0.84646
2 23   0.84646
2 24   0.84646
2 25   0.84646
2 26   0.84646
2 27   0.84646
2 28   0.84646
2 29   0.84646
2 30   0.84646
2 31   0.84646
2 32   0.84646
2 33   0.84646
2 34   0.84646
2 35   0.84646
2 36   0.84646
2 37   0.84646
2 38   0.84646
2 39   0.84646
2 40   0.84646
3 1   0.820019
3 2   0.820019
3 3   0.820019
3 4   0.820019
3 5   0.820019
3 6   0.820019
3 7   0.820019
3 8   0.820019
3 9   0.820019
3 10   0.820019
3 11   0.820019
3 12   0.820019
3 13   0.820019
3 14   0.820019
3 15   0.820019
3 16   0.820019
3 17   0.820019
3 18   0.820019
3 19   0.820019
3 20   0.820019
3 21   0.820019
3 22   0.820019
3 23   0.820019
3 24   0.820019
3 25   0.820019
3 26   0.820019
3 27   0.820019
3 28   0.820019
3 29   0.820019
3 30   0.820019
3 31   0.820019
3 32   0.820019
3 33   0.820019
3 34   0.820019
3 35   0.820019
3 36   0.820019
3 37   0.820019
3 38   0.820019
3 39   0.820019
3 40   0.820019
4 1   0.784757
4 2   0.784757
4 3   0.784757
4 4   0.784757
4 5   0.784757
4 6   0.784757
4 7   0.784757
4 8   0.784757
4 9   0.784757
4 10   0.784757
4 11   0.784757
4 12   0.784757
4 13   0.784757
4 14   0.784757
4 15   0.784757
4 16   0.784757
4 17   0.784757
4 18   0.784757
4 19   0.784757
4 20   0.784757
4 21   0.784757
4 22   0.784757
4 23   0.784757
4 24   0.784757
4 25   0.784757
4 26   0.784757
4 27   0.784757
4 28   0.784757
4 29   0.784757
4 30   0.784757
4 31   0.784757
4 32   0.784757
4 33   0.784757
4 34   0.784757
4 35   0.784757
4 36   0.784757
4 37   0.784757
4 38   0.784757
4 39   0.784757
4 40   0.784757
5 1   0.742946
5 2   0.742946
5 3   0.742946
5 4   0.742946
5 5   0.742946
5 6   0.742946
5 7   0.742946
5 8   0.742946
5 9   0.742946
5 10   0.742946
5 11   0.742946
5 12   0.742946
5 13   0.742946
5 14   0.742946
5 15   0.742946
5 16   0.742946
5 17   0.742946
5 18   0.742946
5 19   0.742946
5 20   0.742946
5 21   0.742946
5 22   0.742946
5 23   0.742946
5 24   0.742946
5 25   0.742946
5 26   0.742946
5 27   0.742946
5 28   0.742946
5 29   0.742946
5 30   0.742946
5 31   0.742946
5 32   0.742946
5 33   0.742946
5 34   0.742946
5 35   0.742946
5 36   0.742946
5 37   0.742946
5 38   0.742946
5 39   0.742946
5 40   0.742946
6 1   0.695406
6 2   0.695406
6 3   0.695406
6 4   0.695406
6 5   0.695406
6 6   0.695406
6 7   0.695406
6 8   0.695406
6 9   0.695406
6 10   0.695406
6 11   0.695406
6 12   0.695406
6 13   0.695406
6 14   0.695406
6 15   0.695406
6 16   0.695406
6 17   0.695406
6 18   0.695406
6 19   0.695406
6 20   0.695406
6 21   0.695406
6 22   0.695406
6 23   0.695406
6 24   0.695406
6 25   0.695406
6 26   0.695406
6 27   0.695406
6 28   0.695406
6 29   0.695406
6 30   0.695406
6 31   0.695406
6 32   0.695406
6 33   0.695406
6 34   0.695406
6 35   0.695406
6 36   0.695406
6 37   0.695406
6 38   0.695406
6 39   0.695406
6 40   0.695406
7 1   0.642616
7 2   0.642616
7 3   0.642616
7 4   0.642616
7 5   0.642616
7 6   0.642616
7 7   0.642616
7 8   0.642616
7 9   0.642616
7 10   0.642616
7 11   0.642616
7 12   0.642616
7 13   0.642616
7 14   0.642616
7 15   0.642616
7 16   0.642616
7 17   0.642616
7 18   0.642616
7 19   0.642616
7 20   0.642616
7 21   0.642616
7 22   0.642616
7 23   0.642616
7 24   0.642616
7 25   0.642616
7 26   0.642616
7 27   0.642616
7 28   0.642616
7 29   0.642616
7 30   0.642616
7 31   0.642616
7 32   0.642616
7 33   0.642616
7 34   0.642616
7 35   0.642616
7 36   0.642616
7 37   0.642616
7 38   0.642616
7 39   0.642616
7 40   0.642616
8 1   0.586533
8 2   0.586533
8 3   0.586533
8 4   0.586533
8 5   0.586533
8 6   0.586533
8 7   0.586533
8 8   0.586533
8 9   0.586533
8 10   0.586533
8 11   0.586533
8 12   0.586533
8 13   0.586533
8 14   0.586533
8 15   0.586533
8 16   0.586533
8 17   0.586533
8 18   0.586533
8 19   0.586533
8 20   0.586533
8 21   0.586533
8 22   0.586533
8 23   0.586533
8 24   0.586533
8 25   0.586533
8 26   0.586533
8 27   0.586533
8 28   0.586533
8 29   0.586533
8 30   0.586533
8 31   0.586533
8 32   0.586533
8 33   0.586533
8 34   0.586533
8 35   0.586533
8 36   0.586533
8 37   0.586533
8 38   0.586533
8 39   0.586533
8 40   0.586533
9 1   0.531738
9 2   0.531738
9 3   0.531738
9 4   0.531738
9 5   0.531738
9 6   0.531738
9 7   0.531738
9 8   0.531738
9 9   0.531738
9 10   0.531738
9 11   0.531738
9 12   0.531738
9 13   0.531738
9 14   0.531738
9 15   0.531738
9 16   0.531738
9 17   0.531738
9 18   0.531738
9 19   0.531738
9 20   0.531738
9 21   0.531738
9 22   0.531738
9 23   0.531738
9 24   0.531738
9 25   0.531738
9 26   0.531738
9 27   0.531738
9 28   0.531738
9 29   0.531738
9 30   0.531738
9 31   0.531738
9 32   0.531738
9 33   0.531738
9 34   0.531738
9 35   0.531738
9 36   0.531738
9 37   0.531738
9 38   0.531738
9 39   0.531738
9 40   0.531738
10 1   0.484954
10 2   0.484954
10 3   0.484954
10 4   0.484954
10 5   0.484954
10 6   0.484954
10 7   0.484954
10 8   0.484954
10 9   0.484954
10 10   0.484954
10 11   0.484954
10 12   0.484954
10 13   0.484954
10 14   0.484954
10 15   0.484954
10 16   0.484954
10 17   0.484954
10 18   0.484954
10 19   0.484954
10 20   0.484954
10 21   0.484954
10 22   0.484954
10 23   0.484954
10 24   0.484954
10 25   0.484954
10 26   0.484954
10 27   0.484954
10 28   0.484954
10 29   0.484954
10 30   0.484954
10 31   0.484954
10 32   0.484954
10 33   0.484954
10 34   0.484954
10 35   0.484954
10 36   0.484954
10 37   0.484954
10 38   0.484954
10 39   0.484954
10 40   0.484954
11 1   0.452952
11 2   0.452952
11 3   0.452952
11 4   0.452952
11 5   0.452952
11 6   0.452952
11 7   0.452952
11 8   0.452952
11 9   0.452952
11 10   0.452952
11 11   0.452952
11 12   0.452952
11 13   0.452952
11 14   0.452952
11 15   0.452952
11 16   0.452952
11 17   0.452952
11 18   0.452952
11 19   0.452952
11 20   0.452952
11 21   0.452952
11 22   0.452952
11 23   0.452952
11 24   0.452952
11 25   0.452952
11 26   0.452952
11 27   0.452952
11 28   0.452952
11 29   0.452952
11 30   0.452952
11 31   0.452952
11 32   0.452952
11 33   0.452952
11 34   0.452952
11 35   0.452952
11 36   0.452952
11 37   0.452952
11 38   0.452952
11 39   0.452952
11 40   0.452952
12 1   0.439788
12 2   0.439788
12 3   0.439788
12 4   0.439788
12 5   0.439788
12 6   0.439788
12 7   0.439788
12 8   0.439788
12 9   0.439788
12 10   0.439788
12 11   0.439788
12 12   0.439788
12 13   0.439788
12 14   0.439788
12 15   0.439788
12 16   0.439788
12 17   0.439788
12 18   0.439788
12 19   0.439788
12 20   0.439788
12 21   0.439788
12 22   0.439788
12 23   0.439788
12 24   0.439788
12 25   0.439788
12 26   0.439788
12 27   0.439788
12 28   0.439788
12 29   0.439788
12 30   0.439788
12 31   0.439788
12 32   0.439788
12 33   0.439788
12 34   0.439788
12 35   0.439788
12 36   0.439788
12 37   0.439788
12 38   0.439788
12 39   0.439788
12 40   0.439788
13 1   0.444823
13 2   0.444823
13 3   0.444823
13 4   0.444823
13 5   0.444823
13 6   0.444823
13 7   0.444823
13 8   0.444823
13 9   0.444823
13 10   0.444823
13 11   0.444823
13 12   0.444823
13 13   0.444823
13 14   0.444823
13 15   0.444823
13 16   0.444823
13 17   0.444823
13 18   0.444823
13 19   0.444823
13 20   0.444823
13 21   0.444823
13 22   0.444823
13 23   0.444823
13 24   0.444823
13 25   0.444823
13 26   0.444823
13 27   0.444823
13 28   0.444823
13 29   0.444823
13 30   0.444823
13 31   0.444823
13 32   0.444823
13 33   0.444823
13 34   0.444823
13 35   0.444823
13 36   0.444823
13 37   0.444823
13 38   0.444823
13 39   0.444823
13 40   0.444823
14 1   0.462684
14 2   0.462684
14 3   0.462684
14 4   0.462684
14 5   0.462684
14 6   0.462684
14 7   0.462684
14 8   0.462684
14 9   0.462684
14 10   0.462684
14 11   0.462684
14 12   0.462684
14 13   0.462684
14 14   0.462684
14 15   0.462684
14 16   0.462684
14 17   0.462684
14 18   0.462684
14 19   0.462684
14 20   0.462684
14 21   0.462684
14 22   0.462684
14 23   0.462684
14 24   0.462684
14 25   0.462684
14 26   0.462684
14 27   0.462684
14 28   0.462684
14 29   0.462684
14 30   0.462684
14 31   0.462684
14 32   0.462684
14 33   0.462684
14 34   0.462684
14 35   0.462684
14 36   0.462684
14 37   0.462684
14 38   0.462684
14 39   0.462684
14 40   0.462684
15 1   0.485233
15 2   0.485233
15 3   0.485233
15 4   0.485233
15 5   0.485233
15 6   0.485233
15 7   0.485233
15 8   0.485233
15 9   0.485233
15 10   0.485233
15 11   0.485233
15 12   0.485233
15 13   0.485233
15 14   0.485233
15 15   0.485233
15 16   0.485233
15 17   0.485233
15 18   0.485233
15 19   0.485233
15 20   0.485233
15 21   0.485233
15 22   0.485233
15 23   0.485233
15 24   0.485233
15 25   0.485233
15 26   0.485233
15 27   0.485233
15 28   0.485233
15 29   0.485233
15 30   0.485233
15 31   0.485233
15 32   0.485233
15 33   0.485233
15 34   0.485233
15 35   0.485233
15 36   0.485233
15 37   0.485233
15 38   0.485233
15 39   0.485233
15 40   0.485233
16 1   0.504476
16 2   0.504476
16 3   0.504476
16 4   0.504476
16 5   0.504476
16 6   0.504476
16 7   0.504476
16 8   0.504476
16 9   0.504476
16 10   0.504476
16 11   0.504476
16 12   0.504476
16 13   0.504476
16 14   0.504476
16 15   0.504476
16 16   0.504476
16 17   0.504476
16 18   0.504476
16 19   0.504476
16 20   0.504476
16 21   0.504476
16 22   0.504476
16 23   0.504476
16 24   0.504476
16 25   0.504476
16 26   0.504476
16 27   0.504476
16 28   0.504476
16 29   0.504476
16 30   0.504476
16 31   0.504476
16 32   0.504476
16 33   0.504476
16 34   0.504476
16 35   0.504476
16 36   0.504476
16 37   0.504476
16 38   0.504476
16 39   0.504476
16 40   0.504476
17 1   0.514968
17 2   0.514968
17 3   0.514968
17 4   0.514968
17 5   0.514968
17 6   0.514968
17 7   0.514968
17 8   0.514968
17 9   0.514968
17 10   0.514968
17 11   0.514968
17 12   0.514968
17 13   0.514968
17 14   0.514968
17 15   0.514968
17 16   0.514968
17 17   0.514968
17 18   0.514968
17 19   0.514968
17 20   0.514968
17 21   0.514968
17 22   0.514968
17 23   0.514968
17 24   0.514968
17 25   0.514968
17 26   0.514968
17 27   0.514968
17 28   0.514968
17 29   0.514968
17 30   0.514968
17 31   0.514968
17 32   0.514968
17 33   0.514968
17 34   0.514968
17 35   0.514968
17 36   0.514968
17 37   0.514968
17 38   0.514968
17 39   0.514968
17 40   0.514968
18 1   0.514966
18 2   0.514966
18 3   0.514966
18 4   0.514966
18 5   0.514966
18 6   0.514966
18 7   0.514966
18 8   0.514966
18 9   0.514966
18 10   0.514966
18 11   0.514966
18 12   0.514966
18 13   0.514966
18 14   0.514966
18 15   0.514966
18 16   0.514966
18 17   0.514966
18 18   0.514966
18 19   0.514966
18 20   0.514966
18 21   0.514966
18 22   0.514966
18 23   0.514966
18 24   0.514966
18 25   0.514966
18 26   0.514966
18 27   0.514966
18 28   0.514966
18 29   0.514966
18 30   0.514966
18 31   0.514966
18 32   0.514966
18 33   0.514966
18 34   0.514966
18 35   0.514966
18 36   0.514966
18 37   0.514966
18 38   0.514966
18 39   0.514966
18 40   0.514966
19 1   0.506439
19 2   0.506439
19 3   0.506439
19 4   0.506439
19 5   0.506439
19 6   0.506439
19 7   0.506439
19 8   0.506439
19 9   0.506439
19 10   0.506439
19 11   0.506439
19 12   0.506439
19 13   0.506439
19 14   0.506439
19 15   0.506439
19 16   0.506439
19 17   0.506439
19 18   0.506439
19 19   0.506439
19 20   0.506439
19 21   0.506439
19 22   0.506439
19 23   0.506439
19 24   0.506439
19 25   0.506439
19 26   0.506439
19 27   0.506439
19 28   0.506439
19 29   0.506439
19 30   0.506439
19 31   0.506439
19 32   0.506439
19 33   0.506439
19 34   0.506439
19 35   0.506439
19 36   0.506439
19 37   0.506439
19 38   0.506439
19 39   0.506439
19 40   0.506439
20 1   0.494313
20 2   0.494313
20 3   0.494313
20 4   0.494313
20 5   0.494313
20 6   0.494313
20 7   0.494313
20 8   0.494313
20 9   0.494313
20 10   0.494313
20 11   0.494313
20 12   0.494313
20 13   0.494313
20 14   0.494313
20 15   0.494313
20 16   0.494313
20 17   0.494313
20 18   0.494313
20 19   0.494313
20 20   0.494313
20 21   0.494313
20 22   0.494313
20 23   0.494313
20 24   0.494313
20 25   0.494313
20 26   0.494313
20 27   0.494313
20 28   0.494313
20 29   0.494313
20 30   0.494313
20 31   0.494313
20 32   0.494313
20 33   0.494313
20 34   0.494313
20 35   0.494313
20 36   0.494313
20 37   0.494313
20 38   0.494313
20 39   0.494313
20 40   0.494313
21 1   0.485018
21 2   0.485018
21 3   0.485018
21 4   0.485018
21 5   0.485018
21 6   0.485018
21 7   0.485018
21 8   0.485018
21 9   0.485018
21 10   0.485018
21 11   0.485018
21 12   0.485018
21 13   0.485018
21 14   0.485018
21 15   0.485018
21 16   0.485018
21 17   0.485018
21 18   0.485018
21 19   0.485018
21 20   0.485018
21 21   0.485018
21 22   0.485018
21 23   0.485018
21 24   0.485018
21 25   0.485018
21 26   0.485018
21 27   0.485018
21 28   0.485018
21 29   0.485018
21 30   0.485018
21 31   0.485018
21 32   0.485018
21 33   0.485018
21 34   0.485018
21 35   0.485018
21 36   0.485018
21 37   0.485018
21 38   0.485018
21 39   0.485018
21 40   0.485018
22 1   0.484338
22 2   0.484338
22 3   0.484338
22 4   0.484338
22 5   0.484338
22 6   0.484338
22 7   0.484338
22 8   0.484338
22 9   0.484338
22 10   0.484338
22 11   0.484338
22 12   0.484338
22 13   0.484338
22 14   0.484338
22 15   0.484338
22 16   0.484338
22 17   0.484338
22 18   0.484338
22 19   0.484338
22 20   0.484338
22 21   0.484338
22 22   0.484338
22 23   0.484338
22 24   0.484338
22 25   0.484338
22 26   0.484338
22 27   0.484338
22 28   0.484338
22 29   0.484338
22 30   0.484338
22 31   0.484338
22 32   0.484338
22 33   0.484338
22 34   0.484338
22 35   0.484338
22 36   0.484338
22 37   0.484338
22 38   0.484338
22 39   0.484338
22 40   0.484338
23 1   0.495012
23 2   0.495012
23 3   0.495012
23 4   0.495012
23 5   0.495012
23 6   0.495012
23 7   0.495012
23 8   0.495012
23 9   0.495012
23 10   0.495012
23 11   0.495012
23 12   0.495012
23 13   0.495012
23 14   0.495012
23 15   0.495012
23 16   0.495012
23 17   0.495012
23 18   0.495012
23 19   0.495012
23 20   0.495012
23 21   0.495012
23 22   0.495012
23 23   0.495012
23 24   0.495012
23 25   0.495012
23 26   0.495012
23 27   0.495012
23 28   0.495012
23 29   0.495012
23 30   0.495012
23 31   0.495012
23 32   0.495012
23 33   0.495012
23 34   0.495012
23 35   0.495012
23 36   0.495012
23 37   0.495012
23 38   0.495012
23 39   0.495012
23 40   0.495012
24 1   0.51512
24 2   0.51512
24 3   0.51512
24 4   0.51512
24 5   0.51512
24 6   0.51512
24 7   0.51512
24 8   0.51512
24 9   0.51512
24 10   0.51512
24 11   0.51512
24 12   0.51512
24 13   0.51512
24 14   0.51512
24 15   0.51512
24 16   0.51512
24 17   0.51512
24 18   0.51512
24 19   0.51512
24 20   0.51512
24 21   0.51512
24 22   0.51512
24 23   0.51512
24 24   0.51512
24 25   0.51512
24 26   0.51512
24 27   0.51512
24 28   0.51512
24 29   0.51512
24 30   0.51512
24 31   0.51512
24 32   0.51512
24 33   0.51512
24 34   0.51512
24 35   0.51512
24 36   0.51512
24 37   0.51512
24 38   0.51512
24 39   0.51512
24 40   0.51512
25 1   0.538249
25 2   0.538249
25 3   0.538249
25 4   0.538249
25 5   0.538249
25 6   0.538249
25 7   0.538249
25 8   0.538249
25 9   0.538249
25 10   0.538249
25 11   0.538249
25 12   0.538249
25 13   0.538249
25 14   0.538249
25 15   0.538249
25 16   0.538249
25 17   0.538249
25 18   0.538249
25 19   0.538249
25 20   0.538249
25 21   0.538249
25 22   0.538249
25 23   0.538249
25 24   0.538249
25 25   0.538249
25 26   0.538249
25 27   0.538249
25 28   0.538249
25 29   0.538249
25 30   0.538249
25 31   0.538249
25 32   0.538249
25 33   0.538249
25 34   0.538249
25 35   0.538249
25 36   0.538249
25 37   0.538249
25 38   0.538249
25 39   0.538249
25 40   0.538249
26 1   0.555661
26 2   0.555661
26 3   0.555661
26 4   0.555661
26 5   0.555661
26 6   0.555661
26 7   0.555661
26 8   0.555661
26 9   0.555661
26 10   0.555661
26 11   0.555661
26 12   0.555661
26 13   0.555661
26 14   0.555661
26 15   0.555661
26 16   0.555661
26 17   0.555661
26 18   0.555661
26 19   0.555661
26 20   0.555661
26 21   0.555661
26 22   0.555661
26 23   0.555661
26 24   0.555661
26 25   0.555661
26 26   0.555661
26 27   0.555661
26 28   0.555661
26 29   0.555661
26 30   0.555661
26 31   0.555661
26 32   0.555661
26 33   0.555661
26 34   0.555661
26 35   0.555661
26 36   0.555661
26 37   0.555661
26 38   0.555661
26 39   0.555661
26 40   0.555661
27 1   0.559491
27 2   0.559491
27 3   0.559491
27 4   0.559491
27 5   0.559491
27 6   0.559491
27 7   0.559491
27 8   0.559491
27 9   0.559491
27 10   0.559491
27 11   0.559491
27 12   0.559491
27 13   0.559491
27 14   0.559491
27 15   0.559491
27 16   0.559491
27 17   0.559491
27 18   0.559491
27 19   0.559491
27 20   0.559491
27 21   0.559491
27 22   0.559491
27 23   0.559491
27 24   0.559491
27 25   0.559491
27 26   0.559491
27 27   0.559491
27 28   0.559491
27 29   0.559491
27 30   0.559491
27 31   0.559491
27 32   0.559491
27 33   0.559491
27 34   0.559491
27 35   0.559491
27 36   0.559491
27 37   0.559491
27 38   0.559491
27 39   0.559491
27 40   0.559491
28 1   0.545394
28 2   0.545394
28 3   0.545394
28 4   0.545394
28 5   0.545394
28 6   0.545394
28 7   0.545394
28 8   0.545394
28 9   0.545394
28 10   0.545394
28 11   0.545394
28 12   0.545394
28 13   0.545394
28 14   0.545394
28 15   0.545394
28 16   0.545394
28 17   0.545394
28 18   0.545394
28 19   0.545394
28 20   0.545394
28 21   0.545394
28 22   0.545394
28 23   0.545394
28 24   0.545394
28 25   0.545394
28 26   0.545394
28 27   0.545394
28 28   0.545394
28 29   0.545394
28 30   0.545394
28 31   0.545394
28 32   0.545394
28 33   0.545394
28 34   0.545394
28 35   0.545394
28 36   0.545394
28 37   0.545394
28 38   0.545394
28 39   0.545394
28 40   0.545394
29 1   0.513448
29 2   0.513448
29 3   0.513448
29 4   0.513448
29 5   0.513448
29 6   0.513448
29 7   0.513448
29 8   0.513448
29 9   0.513448
29 10   0.513448
29 11   0.513448
29 12   0.513448
29 13   0.513448
29 14   0.513448
29 15   0.513448
29 16   0.513448
29 17   0.513448
29 18   0.513448
29 19   0.513448
29 20   0.513448
29 21   0.513448
29 22   0.513448
29 23   0.513448
29 24   0.513448
29 25   0.513448
29 26   0.513448
29 27   0.513448
29 28   0.513448
29 29   0.513448
29 30   0.513448
29 31   0.513448
29 32   0.513448
29 33   0.513448
29 34   0.513448
29 35   0.513448
29 36   0.513448
29 37   0.513448
29 38   0.513448
29 39   0.513448
29 40   0.513448
30 1   0.467286
30 2   0.467286
30 3   0.467286
30 4   0.467286
30 5   0.467286
30 6   0.467286
30 7   0.467286
30 8   0.467286
30 9   0.467286
30 10   0.467286
30 11   0.467286
30 12   0.467286
30 13   0.467286
30 14   0.467286
30 15   0.467286
30 16   0.467286
30 17   0.467286
30 18   0.467286
30 19   0.467286
30 20   0.467286
30 21   0.467286
30 22   0.467286
30 23   0.467286
30 24   0.467286
30 25   0.467286
30 26   0.467286
30 27   0.467286
30 28   0.467286
30 29   0.467286
30 30   0.467286
30 31   0.467286
30 32   0.467286
30 33   0.467286
30 34   0.467286
30 35   0.467286
30 36   0.467286
30 37   0.467286
30 38   0.467286
30 39   0.467286
30 40   0.467286
31 1   0.412355
31 2   0.412355
31 3   0.412355
31 4   0.412355
31 5   0.412355
31 6   0.412355
31 7   0.412355
31 8   0.412355
31 9   0.412355
31 10   0.412355
31 11   0.412355
31 12   0.412355
31 13   0.412355
31 14   0.412355
31 15   0.412355
31 16   0.412355
31 17   0.412355
31 18   0.412355
31 19   0.412355
31 20   0.412355
31 21   0.412355
31 22   0.412355
31 23   0.412355
31 24   0.412355
31 25   0.412355
31 26   0.412355
31 27   0.412355
31 28   0.412355
31 29   0.412355
31 30   0.412355
31 31   0.412355
31 32   0.412355
31 33   0.412355
31 34   0.412355
31 35   0.412355
31 36   0.412355
31 37   0.412355
31 38   0.412355
31 39   0.412355
31 40   0.412355
32 1   0.354209
32 2   0.354209
32 3   0.354209
32 4   0.354209
32 5   0.354209
32 6   0.354209
32 7   0.354209
32 8   0.354209
32 9   0.354209
32 10   0.354209
32 11   0.354209
32 12   0.354209
32 13   0.354209
32 14   0.354209
32 15   0.354209
32 16   0.354209
32 17   0.354209
32 18   0.354209
32 19   0.354209
32 20   0.354209
32 21   0.354209
32 22   0.354209
32 23   0.354209
32 24   0.354209
32 25   0.354209
32 26   0.354209
32 27   0.354209
32 28   0.354209
32 29   0.354209
32 30   0.354209
32 31   0.354209
32 32   0.354209
32 33   0.354209
32 34   0.354209
32 35   0.354209
32 36   0.354209
32 37   0.354209
32 38   0.354209
32 39   0.354209
32 40   0.354209
33 1   0.297355
33 2   0.297355
33 3   0.297355
33 4   0.297355
33 5   0.297355
33 6   0.297355
33 7   0.297355
33 8   0.297355
33 9   0.297355
33 10   0.297355
33 11   0.297355
33 12   0.297355
33 13   0.297355
33 14   0.297355
33 15   0.297355
33 16   0.297355
33 17   0.297355
33 18   0.297355
33 19   0.297355
33 20   0.297355
33 21   0.297355
33 22   0.297355
33 23   0.297355
33 24   0.297355
33 25   0.297355
33 26   0.297355
33 27   0.297355
33 28   0.297355
33 29   0.297355
33 30   0.297355
33 31   0.297355
33 32   0.297355
33 33   0.297355
33 34   0.297355
33 35   0.297355
33 36   0.297355
33 37   0.297355
33 38   0.297355
33 39   0.297355
33 40   0.297355
34 1   0.244702
34 2   0.244702
34 3   0.244702
34 4   0.244702
34 5   0.244702
34 6   0.244702
34 7   0.244702
34 8   0.244702
34 9   0.244702
34 10   0.244702
34 11   0.244702
34 12   0.244702
34 13   0.244702
34 14   0.244702
34 15   0.244702
34 16   0.244702
34 17   0.244702
34 18   0.244702
34 19   0.244702
34 20   0.244702
34 21   0.244702
34 22   0.244702
34 23   0.244702
34 24   0.244702
34 25   0.244702
34 26   0.244702
34 27   0.244702
34 28   0.244702
34 29   0.244702
34 30   0.244702
34 31   0.244702
34 32   0.244702
34 33   0.244702
34 34   0.244702
34 35   0.244702
34 36   0.244702
34 37   0.244702
34 38   0.244702
34 39   0.244702
34 40   0.244702
35 1   0.197669
35 2   0.197669
35 3   0.197669
35 4   0.197669
35 5   0.197669
35 6   0.197669
35 7   0.197669
35 8   0.197669
35 9   0.197669
35 10   0.197669
35 11   0.197669
35 12   0.197669
35 13   0.197669
35 14   0.197669
35 15   0.197669
35 16   0.197669
35 17   0.197669
35 18   0.197669
35 19   0.197669
35 20   0.197669
35 21   0.197669
35 22   0.197669
35 23   0.197669
35 24   0.197669
35 25   0.197669
35 26   0.197669
35 27   0.197669
35 28   0.197669
35 29   0.197669
35 30   0.197669
35 31   0.197669
35 32   0.197669
35 33   0.197669
35 34   0.197669
35 35   0.197669
35 36   0.197669
35 37   0.197669
35 38   0.197669
35 39   0.197669
35 40   0.197669
36 1   0.156812
36 2   0.156812
36 3   0.156812
36 4   0.156812
36 5   0.156812
36 6   0.156812
36 7   0.156812
36 8   0.156812
36 9   0.156812
36 10   0.156812
36 11   0.156812
36 12   0.156812
36 13   0.156812
36 14   0.156812
36 15   0.156812
36 16   0.156812
36 17   0.156812
36 18   0.156812
36 19   0.156812
36 20   0.156812
36 21   0.156812
36 22   0.156812
36 23   0.156812
36 24   0.156812
36 25   0.156812
36 26   0.156812
36 27   0.156812
36 28   0.156812
36 29   0.156812
36 30   0.156812
36 31   0.156812
36 32   0.156812
36 33   0.156812
36 34   0.156812
36 35   0.156812
36 36   0.156812
36 37   0.156812
36 38   0.156812
36 39   0.156812
36 40   0.156812
37 1   0.122576
37 2   0.122576
37 3   0.122576
37 4   0.122576
37 5   0.122576
37 6   0.122576
37 7   0.122576
37 8   0.122576
37 9   0.122576
37 10   0.122576
37 11   0.122576
37 12   0.122576
37 13   0.122576
37 14   0.122576
37 15   0.122576
37 16   0.122576
37 17   0.122576
37 18   0.122576
37 19   0.122576
37 20   0.122576
37 21   0.122576
37 22   0.122576
37 23   0.122576
37 24   0.122576
37 25   0.122576
37 26   0.122576
37 27   0.122576
37 28   0.122576
37 29   0.122576
37 30   0.122576
37 31   0.122576
37 32   0.122576
37 33   0.122576
37 34   0.122576
37 35   0.122576
37 36   0.122576
37 37   0.122576
37 38   0.122576
37 39   0.122576
37 40   0.122576
38 1   0.095704
38 2   0.095704
38 3   0.095704
38 4   0.095704
38 5   0.095704
38 6   0.095704
38 7   0.095704
38 8   0.095704
38 9   0.095704
38 10   0.095704
38 11   0.095704
38 12   0.095704
38 13   0.095704
38 14   0.095704
38 15   0.095704
38 16   0.095704
38 17   0.095704
38 18   0.095704
38 19   0.095704
38 20   0.095704
38 21   0.095704
38 22   0.095704
38 23   0.095704
38 24   0.095704
38 25   0.095704
38 26   0.095704
38 27   0.095704
38 28   0.095704
38 29   0.095704
38 30   0.095704
38 31   0.095704
38 32   0.095704
38 33   0.095704
38 34   0.095704
38 35   0.095704
38 36   0.095704
38 37   0.095704
38 38   0.095704
38 39   0.095704
38 40   0.095704
39 1   0.0771272
39 2   0.0771272
39 3   0.0771272
39 4   0.0771272
39 5   0.0771272
39 6   0.0771272
39 7   0.0771272
39 8   0.0771272
39 9   0.0771272
39 10   0.0771272
39 11   0.0771272
39 12   0.0771272
39 13   0.0771272
39 14   0.0771272
39 15   0.0771272
39 16   0.0771272
39 17   0.0771272
39 18   0.0771272
39 19   0.0771272
39 20   0.0771272
39 21   0.0771272
39 22   0.0771272
39 23   0.0771272
39 24   0.0771272
39 25   0.0771272
39 26   0.0771272
39 27   0.0771272
39 28   0.0771272
39 29   0.0771272
39 30   0.0771272
39 31   0.0771272
39 32   0.0771272
39 33   0.0771272
39 34   0.0771272
39 35   0.0771272
39 36   0.0771272
39 37   0.0771272
39 38   0.0771272
39 39   0.0771272
39 40   0.0771272
40 1   0.0676308
40 2   0.0676308
40 3   0.0676308
40 4   0.0676308
40 5   0.0676308
40 6   0.0676308
40 7   0.0676308
40 8   0.0676308
40 9   0.0676308
40 10   0.0676308
40 11   0.0676308
40 12   0.0676308
40 13   0.0676308
40 14   0.0676308
40 15   0.0676308
40 16   0.0676308
40 17   0.0676308
40 18   0.0676308
40 19   0.0676308
40 20   0.0676308
40 21   0.0676308
40 22   0.0676308
40 23   0.0676308
40 24   0.0676308
40 25   0.0676308
40 26   0.0676308
40 27   0.0676308
40 28   0.0676308
40 29   0.0676308
40 30   0.0676308
40 31   0.0676308
40 32   0.0676308
40 33   0.0676308
40 34   0.0676308
40 35   0.0676308
40 36   0.0676308
40 37   0.0676308
40 38   0.0676308
40 39   0.0676308
40 40   0.0676308
