1 1   0.0879719
1 2   0.0879719
1 3   0.0879719
1 4   0.0879719
1 5   0.0879719
1 6   0.0879719
1 7   0.0879719
1 8   0.0879719
1 9   0.0879719
1 10   0.0879719
1 11   0.0879719
1 12   0.0879719
1 13   0.0879719
1 14   0.0879719
1 15   0.0879719
1 16   0.0879719
1 17   0.0879719
1 18   0.0879719
1 19   0.0879719
1 20   0.0879719
1 21   0.0879719
1 22   0.0879719
1 23   0.0879719
1 24   0.0879719
1 25   0.0879719
1 26   0.0879719
1 27   0.0879719
1 28   0.0879719
1 29   0.0879719
1 30   0.0879719
1 31   0.0879719
1 32   0.0879719
1 33   0.0879719
1 34   0.0879719
1 35   0.0879719
1 36   0.0879719
1 37   0.0879719
1 38   0.0879719
1 39   0.0879719
1 40   0.0879719
2 1   0.114761
2 2   0.114761
2 3   0.114761
2 4   0.114761
2 5   0.114761
2 6   0.114761
2 7   0.114761
2 8   0.114761
2 9   0.114761
2 10   0.114761
2 11   0.114761
2 12   0.114761
2 13   0.114761
2 14   0.114761
2 15   0.114761
2 16   0.114761
2 17   0.114761
2 18   0.114761
2 19   0.114761
2 20   0.114761
2 21   0.114761
2 22   0.114761
2 23   0.114761
2 24   0.114761
2 25   0.114761
2 26   0.114761
2 27   0.114761
2 28   0.114761
2 29   0.114761
2 30   0.114761
2 31   0.114761
2 32   0.114761
2 33   0.114761
2 34   0.114761
2 35   0.114761
2 36   0.114761
2 37   0.114761
2 38   0.114761
2 39   0.114761
2 40   0.114761
3 1   0.16343
3 2   0.16343
3 3   0.16343
3 4   0.16343
3 5   0.16343
3 6   0.16343
3 7   0.16343
3 8   0.16343
3 9   0.16343
3 10   0.16343
3 11   0.16343
3 12   0.16343
3 13   0.16343
3 14   0.16343
3 15   0.16343
3 16   0.16343
3 17   0.16343
3 18   0.16343
3 19   0.16343
3 20   0.16343
3 21   0.16343
3 22   0.16343
3 23   0.16343
3 24   0.16343
3 25   0.16343
3 26   0.16343
3 27   0.16343
3 28   0.16343
3 29   0.16343
3 30   0.16343
3 31   0.16343
3 32   0.16343
3 33   0.16343
3 34   0.16343
3 35   0.16343
3 36   0.16343
3 37   0.16343
3 38   0.16343
3 39   0.16343
3 40   0.16343
4 1   0.227803
4 2   0.227803
4 3   0.227803
4 4   0.227803
4 5   0.227803
4 6   0.227803
4 7   0.227803
4 8   0.227803
4 9   0.227803
4 10   0.227803
4 11   0.227803
4 12   0.227803
4 13   0.227803
4 14   0.227803
4 15   0.227803
4 16   0.227803
4 17   0.227803
4 18   0.227803
4 19   0.227803
4 20   0.227803
4 21   0.227803
4 22   0.227803
4 23   0.227803
4 24   0.227803
4 25   0.227803
4 26   0.227803
4 27   0.227803
4 28   0.227803
4 29   0.227803
4 30   0.227803
4 31   0.227803
4 32   0.227803
4 33   0.227803
4 34   0.227803
4 35   0.227803
4 36   0.227803
4 37   0.227803
4 38   0.227803
4 39   0.227803
4 40   0.227803
5 1   0.302138
5 2   0.302138
5 3   0.302138
5 4   0.302138
5 5   0.302138
5 6   0.302138
5 7   0.302138
5 8   0.302138
5 9   0.302138
5 10   0.302138
5 11   0.302138
5 12   0.302138
5 13   0.302138
5 14   0.302138
5 15   0.302138
5 16   0.302138
5 17   0.302138
5 18   0.302138
5 19   0.302138
5 20   0.302138
5 21   0.302138
5 22   0.302138
5 23   0.302138
5 24   0.302138
5 25   0.302138
5 26   0.302138
5 27   0.302138
5 28   0.302138
5 29   0.302138
5 30   0.302138
5 31   0.302138
5 32   0.302138
5 33   0.302138
5 34   0.302138
5 35   0.302138
5 36   0.302138
5 37   0.302138
5 38   0.302138
5 39   0.302138
5 40   0.302138
6 1   0.378449
6 2   0.378449
6 3   0.378449
6 4   0.378449
6 5   0.378449
6 6   0.378449
6 7   0.378449
6 8   0.378449
6 9   0.378449
6 10   0.378449
6 11   0.378449
6 12   0.378449
6 13   0.378449
6 14   0.378449
6 15   0.378449
6 16   0.378449
6 17   0.378449
6 18   0.378449
6 19   0.378449
6 20   0.378449
6 21   0.378449
6 22   0.378449
6 23   0.378449
6 24   0.378449
6 25   0.378449
6 26   0.378449
6 27   0.378449
6 28   0.378449
6 29   0.378449
6 30   0.378449
6 31   0.378449
6 32   0.378449
6 33   0.378449
6 34   0.378449
6 35   0.378449
6 36   0.378449
6 37   0.378449
6 38   0.378449
6 39   0.378449
6 40   0.378449
7 1   0.444368
7 2   0.444368
7 3   0.444368
7 4   0.444368
7 5   0.444368
7 6   0.444368
7 7   0.444368
7 8   0.444368
7 9   0.444368
7 10   0.444368
7 11   0.444368
7 12   0.444368
7 13   0.444368
7 14   0.444368
7 15   0.444368
7 16   0.444368
7 17   0.444368
7 18   0.444368
7 19   0.444368
7 20   0.444368
7 21   0.444368
7 22   0.444368
7 23   0.444368
7 24   0.444368
7 25   0.444368
7 26   0.444368
7 27   0.444368
7 28   0.444368
7 29   0.444368
7 30   0.444368
7 31   0.444368
7 32   0.444368
7 33   0.444368
7 34   0.444368
7 35   0.444368
7 36   0.444368
7 37   0.444368
7 38   0.444368
7 39   0.444368
7 40   0.444368
8 1   0.487342
8 2   0.487342
8 3   0.487342
8 4   0.487342
8 5   0.487342
8 6   0.487342
8 7   0.487342
8 8   0.487342
8 9   0.487342
8 10   0.487342
8 11   0.487342
8 12   0.487342
8 13   0.487342
8 14   0.487342
8 15   0.487342
8 16   0.487342
8 17   0.487342
8 18   0.487342
8 19   0.487342
8 20   0.487342
8 21   0.487342
8 22   0.487342
8 23   0.487342
8 24   0.487342
8 25   0.487342
8 26   0.487342
8 27   0.487342
8 28   0.487342
8 29   0.487342
8 30   0.487342
8 31   0.487342
8 32   0.487342
8 33   0.487342
8 34   0.487342
8 35   0.487342
8 36   0.487342
8 37   0.487342
8 38   0.487342
8 39   0.487342
8 40   0.487342
9 1   0.502702
9 2   0.502702
9 3   0.502702
9 4   0.502702
9 5   0.502702
9 6   0.502702
9 7   0.502702
9 8   0.502702
9 9   0.502702
9 10   0.502702
9 11   0.502702
9 12   0.502702
9 13   0.502702
9 14   0.502702
9 15   0.502702
9 16   0.502702
9 17   0.502702
9 18   0.502702
9 19   0.502702
9 20   0.502702
9 21   0.502702
9 22   0.502702
9 23   0.502702
9 24   0.502702
9 25   0.502702
9 26   0.502702
9 27   0.502702
9 28   0.502702
9 29   0.502702
9 30   0.502702
9 31   0.502702
9 32   0.502702
9 33   0.502702
9 34   0.502702
9 35   0.502702
9 36   0.502702
9 37   0.502702
9 38   0.502702
9 39   0.502702
9 40   0.502702
10 1   0.497133
10 2   0.497133
10 3   0.497133
10 4   0.497133
10 5   0.497133
10 6   0.497133
10 7   0.497133
10 8   0.497133
10 9   0.497133
10 10   0.497133
10 11   0.497133
10 12   0.497133
10 13   0.497133
10 14   0.497133
10 15   0.497133
10 16   0.497133
10 17   0.497133
10 18   0.497133
10 19   0.497133
10 20   0.497133
10 21   0.497133
10 22   0.497133
10 23   0.497133
10 24   0.497133
10 25   0.497133
10 26   0.497133
10 27   0.497133
10 28   0.497133
10 29   0.497133
10 30   0.497133
10 31   0.497133
10 32   0.497133
10 33   0.497133
10 34   0.497133
10 35   0.497133
10 36   0.497133
10 37   0.497133
10 38   0.497133
10 39   0.497133
10 40   0.497133
11 1   0.484514
11 2   0.484514
11 3   0.484514
11 4   0.484514
11 5   0.484514
11 6   0.484514
11 7   0.484514
11 8   0.484514
11 9   0.484514
11 10   0.484514
11 11   0.484514
11 12   0.484514
11 13   0.484514
11 14   0.484514
11 15   0.484514
11 16   0.484514
11 17   0.484514
11 18   0.484514
11 19   0.484514
11 20   0.484514
11 21   0.484514
11 22   0.484514
11 23   0.484514
11 24   0.484514
11 25   0.484514
11 26   0.484514
11 27   0.484514
11 28   0.484514
11 29   0.484514
11 30   0.484514
11 31   0.484514
11 32   0.484514
11 33   0.484514
11 34   0.484514
11 35   0.484514
11 36   0.484514
11 37   0.484514
11 38   0.484514
11 39   0.484514
11 40   0.484514
12 1   0.478074
12 2   0.478074
12 3   0.478074
12 4   0.478074
12 5   0.478074
12 6   0.478074
12 7   0.478074
12 8   0.478074
12 9   0.478074
12 10   0.478074
12 11   0.478074
12 12   0.478074
12 13   0.478074
12 14   0.478074
12 15   0.478074
12 16   0.478074
12 17   0.478074
12 18   0.478074
12 19   0.478074
12 20   0.478074
12 21   0.478074
12 22   0.478074
12 23   0.478074
12 24   0.478074
12 25   0.478074
12 26   0.478074
12 27   0.478074
12 28   0.478074
12 29   0.478074
12 30   0.478074
12 31   0.478074
12 32   0.478074
12 33   0.478074
12 34   0.478074
12 35   0.478074
12 36   0.478074
12 37   0.478074
12 38   0.478074
12 39   0.478074
12 40   0.478074
13 1   0.483216
13 2   0.483216
13 3   0.483216
13 4   0.483216
13 5   0.483216
13 6   0.483216
13 7   0.483216
13 8   0.483216
13 9   0.483216
13 10   0.483216
13 11   0.483216
13 12   0.483216
13 13   0.483216
13 14   0.483216
13 15   0.483216
13 16   0.483216
13 17   0.483216
13 18   0.483216
13 19   0.483216
13 20   0.483216
13 21   0.483216
13 22   0.483216
13 23   0.483216
13 24   0.483216
13 25   0.483216
13 26   0.483216
13 27   0.483216
13 28   0.483216
13 29   0.483216
13 30   0.483216
13 31   0.483216
13 32   0.483216
13 33   0.483216
13 34   0.483216
13 35   0.483216
13 36   0.483216
13 37   0.483216
13 38   0.483216
13 39   0.483216
13 40   0.483216
14 1   0.49521
14 2   0.49521
14 3   0.49521
14 4   0.49521
14 5   0.49521
14 6   0.49521
14 7   0.49521
14 8   0.49521
14 9   0.49521
14 10   0.49521
14 11   0.49521
14 12   0.49521
14 13   0.49521
14 14   0.49521
14 15   0.49521
14 16   0.49521
14 17   0.49521
14 18   0.49521
14 19   0.49521
14 20   0.49521
14 21   0.49521
14 22   0.49521
14 23   0.49521
14 24   0.49521
14 25   0.49521
14 26   0.49521
14 27   0.49521
14 28   0.49521
14 29   0.49521
14 30   0.49521
14 31   0.49521
14 32   0.49521
14 33   0.49521
14 34   0.49521
14 35   0.49521
14 36   0.49521
14 37   0.49521
14 38   0.49521
14 39   0.49521
14 40   0.49521
15 1   0.504702
15 2   0.504702
15 3   0.504702
15 4   0.504702
15 5   0.504702
15 6   0.504702
15 7   0.504702
15 8   0.504702
15 9   0.504702
15 10   0.504702
15 11   0.504702
15 12   0.504702
15 13   0.504702
15 14   0.504702
15 15   0.504702
15 16   0.504702
15 17   0.504702
15 18   0.504702
15 19   0.504702
15 20   0.504702
15 21   0.504702
15 22   0.504702
15 23   0.504702
15 24   0.504702
15 25   0.504702
15 26   0.504702
15 27   0.504702
15 28   0.504702
15 29   0.504702
15 30   0.504702
15 31   0.504702
15 32   0.504702
15 33   0.504702
15 34   0.504702
15 35   0.504702
15 36   0.504702
15 37   0.504702
15 38   0.504702
15 39   0.504702
15 40   0.504702
16 1   0.50651
16 2   0.50651
16 3   0.50651
16 4   0.50651
16 5   0.50651
16 6   0.50651
16 7   0.50651
16 8   0.50651
16 9   0.50651
16 10   0.50651
16 11   0.50651
16 12   0.50651
16 13   0.50651
16 14   0.50651
16 15   0.50651
16 16   0.50651
16 17   0.50651
16 18   0.50651
16 19   0.50651
16 20   0.50651
16 21   0.50651
16 22   0.50651
16 23   0.50651
16 24   0.50651
16 25   0.50651
16 26   0.50651
16 27   0.50651
16 28   0.50651
16 29   0.50651
16 30   0.50651
16 31   0.50651
16 32   0.50651
16 33   0.50651
16 34   0.50651
16 35   0.50651
16 36   0.50651
16 37   0.50651
16 38   0.50651
16 39   0.50651
16 40   0.50651
17 1   0.502928
17 2   0.502928
17 3   0.502928
17 4   0.502928
17 5   0.502928
17 6   0.502928
17 7   0.502928
17 8   0.502928
17 9   0.502928
17 10   0.502928
17 11   0.502928
17 12   0.502928
17 13   0.502928
17 14   0.502928
17 15   0.502928
17 16   0.502928
17 17   0.502928
17 18   0.502928
17 19   0.502928
17 20   0.502928
17 21   0.502928
17 22   0.502928
17 23   0.502928
17 24   0.502928
17 25   0.502928
17 26   0.502928
17 27   0.502928
17 28   0.502928
17 29   0.502928
17 30   0.502928
17 31   0.502928
17 32   0.502928
17 33   0.502928
17 34   0.502928
17 35   0.502928
17 36   0.502928
17 37   0.502928
17 38   0.502928
17 39   0.502928
17 40   0.502928
18 1   0.499528
18 2   0.499528
18 3   0.499528
18 4   0.499528
18 5   0.499528
18 6   0.499528
18 7   0.499528
18 8   0.499528
18 9   0.499528
18 10   0.499528
18 11   0.499528
18 12   0.499528
18 13   0.499528
18 14   0.499528
18 15   0.499528
18 16   0.499528
18 17   0.499528
18 18   0.499528
18 19   0.499528
18 20   0.499528
18 21   0.499528
18 22   0.499528
18 23   0.499528
18 24   0.499528
18 25   0.499528
18 26   0.499528
18 27   0.499528
18 28   0.499528
18 29   0.499528
18 30   0.499528
18 31   0.499528
18 32   0.499528
18 33   0.499528
18 34   0.499528
18 35   0.499528
18 36   0.499528
18 37   0.499528
18 38   0.499528
18 39   0.499528
18 40   0.499528
19 1   0.499325
19 2   0.499325
19 3   0.499325
19 4   0.499325
19 5   0.499325
19 6   0.499325
19 7   0.499325
19 8   0.499325
19 9   0.499325
19 10   0.499325
19 11   0.499325
19 12   0.499325
19 13   0.499325
19 14   0.499325
19 15   0.499325
19 16   0.499325
19 17   0.499325
19 18   0.499325
19 19   0.499325
19 20   0.499325
19 21   0.499325
19 22   0.499325
19 23   0.499325
19 24   0.499325
19 25   0.499325
19 26   0.499325
19 27   0.499325
19 28   0.499325
19 29   0.499325
19 30   0.499325
19 31   0.499325
19 32   0.499325
19 33   0.499325
19 34   0.499325
19 35   0.499325
19 36   0.499325
19 37   0.499325
19 38   0.499325
19 39   0.499325
19 40   0.499325
20 1   0.500791
20 2   0.500791
20 3   0.500791
20 4   0.500791
20 5   0.500791
20 6   0.500791
20 7   0.500791
20 8   0.500791
20 9   0.500791
20 10   0.500791
20 11   0.500791
20 12   0.500791
20 13   0.500791
20 14   0.500791
20 15   0.500791
20 16   0.500791
20 17   0.500791
20 18   0.500791
20 19   0.500791
20 20   0.500791
20 21   0.500791
20 22   0.500791
20 23   0.500791
20 24   0.500791
20 25   0.500791
20 26   0.500791
20 27   0.500791
20 28   0.500791
20 29   0.500791
20 30   0.500791
20 31   0.500791
20 32   0.500791
20 33   0.500791
20 34   0.500791
20 35   0.500791
20 36   0.500791
20 37   0.500791
20 38   0.500791
20 39   0.500791
20 40   0.500791
21 1   0.500411
21 2   0.500411
21 3   0.500411
21 4   0.500411
21 5   0.500411
21 6   0.500411
21 7   0.500411
21 8   0.500411
21 9   0.500411
21 10   0.500411
21 11   0.500411
21 12   0.500411
21 13   0.500411
21 14   0.500411
21 15   0.500411
21 16   0.500411
21 17   0.500411
21 18   0.500411
21 19   0.500411
21 20   0.500411
21 21   0.500411
21 22   0.500411
21 23   0.500411
21 24   0.500411
21 25   0.500411
21 26   0.500411
21 27   0.500411
21 28   0.500411
21 29   0.500411
21 30   0.500411
21 31   0.500411
21 32   0.500411
21 33   0.500411
21 34   0.500411
21 35   0.500411
21 36   0.500411
21 37   0.500411
21 38   0.500411
21 39   0.500411
21 40   0.500411
22 1   0.496895
22 2   0.496895
22 3   0.496895
22 4   0.496895
22 5   0.496895
22 6   0.496895
22 7   0.496895
22 8   0.496895
22 9   0.496895
22 10   0.496895
22 11   0.496895
22 12   0.496895
22 13   0.496895
22 14   0.496895
22 15   0.496895
22 16   0.496895
22 17   0.496895
22 18   0.496895
22 19   0.496895
22 20   0.496895
22 21   0.496895
22 22   0.496895
22 23   0.496895
22 24   0.496895
22 25   0.496895
22 26   0.496895
22 27   0.496895
22 28   0.496895
22 29   0.496895
22 30   0.496895
22 31   0.496895
22 32   0.496895
22 33   0.496895
22 34   0.496895
22 35   0.496895
22 36   0.496895
22 37   0.496895
22 38   0.496895
22 39   0.496895
22 40   0.496895
23 1   0.493276
23 2   0.493276
23 3   0.493276
23 4   0.493276
23 5   0.493276
23 6   0.493276
23 7   0.493276
23 8   0.493276
23 9   0.493276
23 10   0.493276
23 11   0.493276
23 12   0.493276
23 13   0.493276
23 14   0.493276
23 15   0.493276
23 16   0.493276
23 17   0.493276
23 18   0.493276
23 19   0.493276
23 20   0.493276
23 21   0.493276
23 22   0.493276
23 23   0.493276
23 24   0.493276
23 25   0.493276
23 26   0.493276
23 27   0.493276
23 28   0.493276
23 29   0.493276
23 30   0.493276
23 31   0.493276
23 32   0.493276
23 33   0.493276
23 34   0.493276
23 35   0.493276
23 36   0.493276
23 37   0.493276
23 38   0.493276
23 39   0.493276
23 40   0.493276
24 1   0.494756
24 2   0.494756
24 3   0.494756
24 4   0.494756
24 5   0.494756
24 6   0.494756
24 7   0.494756
24 8   0.494756
24 9   0.494756
24 10   0.494756
24 11   0.494756
24 12   0.494756
24 13   0.494756
24 14   0.494756
24 15   0.494756
24 16   0.494756
24 17   0.494756
24 18   0.494756
24 19   0.494756
24 20   0.494756
24 21   0.494756
24 22   0.494756
24 23   0.494756
24 24   0.494756
24 25   0.494756
24 26   0.494756
24 27   0.494756
24 28   0.494756
24 29   0.494756
24 30   0.494756
24 31   0.494756
24 32   0.494756
24 33   0.494756
24 34   0.494756
24 35   0.494756
24 36   0.494756
24 37   0.494756
24 38   0.494756
24 39   0.494756
24 40   0.494756
25 1   0.503375
25 2   0.503375
25 3   0.503375
25 4   0.503375
25 5   0.503375
25 6   0.503375
25 7   0.503375
25 8   0.503375
25 9   0.503375
25 10   0.503375
25 11   0.503375
25 12   0.503375
25 13   0.503375
25 14   0.503375
25 15   0.503375
25 16   0.503375
25 17   0.503375
25 18   0.503375
25 19   0.503375
25 20   0.503375
25 21   0.503375
25 22   0.503375
25 23   0.503375
25 24   0.503375
25 25   0.503375
25 26   0.503375
25 27   0.503375
25 28   0.503375
25 29   0.503375
25 30   0.503375
25 31   0.503375
25 32   0.503375
25 33   0.503375
25 34   0.503375
25 35   0.503375
25 36   0.503375
25 37   0.503375
25 38   0.503375
25 39   0.503375
25 40   0.503375
26 1   0.514014
26 2   0.514014
26 3   0.514014
26 4   0.514014
26 5   0.514014
26 6   0.514014
26 7   0.514014
26 8   0.514014
26 9   0.514014
26 10   0.514014
26 11   0.514014
26 12   0.514014
26 13   0.514014
26 14   0.514014
26 15   0.514014
26 16   0.514014
26 17   0.514014
26 18   0.514014
26 19   0.514014
26 20   0.514014
26 21   0.514014
26 22   0.514014
26 23   0.514014
26 24   0.514014
26 25   0.514014
26 26   0.514014
26 27   0.514014
26 28   0.514014
26 29   0.514014
26 30   0.514014
26 31   0.514014
26 32   0.514014
26 33   0.514014
26 34   0.514014
26 35   0.514014
26 36   0.514014
26 37   0.514014
26 38   0.514014
26 39   0.514014
26 40   0.514014
27 1   0.517096
27 2   0.517096
27 3   0.517096
27 4   0.517096
27 5   0.517096
27 6   0.517096
27 7   0.517096
27 8   0.517096
27 9   0.517096
27 10   0.517096
27 11   0.517096
27 12   0.517096
27 13   0.517096
27 14   0.517096
27 15   0.517096
27 16   0.517096
27 17   0.517096
27 18   0.517096
27 19   0.517096
27 20   0.517096
27 21   0.517096
27 22   0.517096
27 23   0.517096
27 24   0.517096
27 25   0.517096
27 26   0.517096
27 27   0.517096
27 28   0.517096
27 29   0.517096
27 30   0.517096
27 31   0.517096
27 32   0.517096
27 33   0.517096
27 34   0.517096
27 35   0.517096
27 36   0.517096
27 37   0.517096
27 38   0.517096
27 39   0.517096
27 40   0.517096
28 1   0.506997
28 2   0.506997
28 3   0.506997
28 4   0.506997
28 5   0.506997
28 6   0.506997
28 7   0.506997
28 8   0.506997
28 9   0.506997
28 10   0.506997
28 11   0.506997
28 12   0.506997
28 13   0.506997
28 14   0.506997
28 15   0.506997
28 16   0.506997
28 17   0.506997
28 18   0.506997
28 19   0.506997
28 20   0.506997
28 21   0.506997
28 22   0.506997
28 23   0.506997
28 24   0.506997
28 25   0.506997
28 26   0.506997
28 27   0.506997
28 28   0.506997
28 29   0.506997
28 30   0.506997
28 31   0.506997
28 32   0.506997
28 33   0.506997
28 34   0.506997
28 35   0.506997
28 36   0.506997
28 37   0.506997
28 38   0.506997
28 39   0.506997
28 40   0.506997
29 1   0.488018
29 2   0.488018
29 3   0.488018
29 4   0.488018
29 5   0.488018
29 6   0.488018
29 7   0.488018
29 8   0.488018
29 9   0.488018
29 10   0.488018
29 11   0.488018
29 12   0.488018
29 13   0.488018
29 14   0.488018
29 15   0.488018
29 16   0.488018
29 17   0.488018
29 18   0.488018
29 19   0.488018
29 20   0.488018
29 21   0.488018
29 22   0.488018
29 23   0.488018
29 24   0.488018
29 25   0.488018
29 26   0.488018
29 27   0.488018
29 28   0.488018
29 29   0.488018
29 30   0.488018
29 31   0.488018
29 32   0.488018
29 33   0.488018
29 34   0.488018
29 35   0.488018
29 36   0.488018
29 37   0.488018
29 38   0.488018
29 39   0.488018
29 40   0.488018
30 1   0.472602
30 2   0.472602
30 3   0.472602
30 4   0.472602
30 5   0.472602
30 6   0.472602
30 7   0.472602
30 8   0.472602
30 9   0.472602
30 10   0.472602
30 11   0.472602
30 12   0.472602
30 13   0.472602
30 14   0.472602
30 15   0.472602
30 16   0.472602
30 17   0.472602
30 18   0.472602
30 19   0.472602
30 20   0.472602
30 21   0.472602
30 22   0.472602
30 23   0.472602
30 24   0.472602
30 25   0.472602
30 26   0.472602
30 27   0.472602
30 28   0.472602
30 29   0.472602
30 30   0.472602
30 31   0.472602
30 32   0.472602
30 33   0.472602
30 34   0.472602
30 35   0.472602
30 36   0.472602
30 37   0.472602
30 38   0.472602
30 39   0.472602
30 40   0.472602
31 1   0.473744
31 2   0.473744
31 3   0.473744
31 4   0.473744
31 5   0.473744
31 6   0.473744
31 7   0.473744
31 8   0.473744
31 9   0.473744
31 10   0.473744
31 11   0.473744
31 12   0.473744
31 13   0.473744
31 14   0.473744
31 15   0.473744
31 16   0.473744
31 17   0.473744
31 18   0.473744
31 19   0.473744
31 20   0.473744
31 21   0.473744
31 22   0.473744
31 23   0.473744
31 24   0.473744
31 25   0.473744
31 26   0.473744
31 27   0.473744
31 28   0.473744
31 29   0.473744
31 30   0.473744
31 31   0.473744
31 32   0.473744
31 33   0.473744
31 34   0.473744
31 35   0.473744
31 36   0.473744
31 37   0.473744
31 38   0.473744
31 39   0.473744
31 40   0.473744
32 1   0.496576
32 2   0.496576
32 3   0.496576
32 4   0.496576
32 5   0.496576
32 6   0.496576
32 7   0.496576
32 8   0.496576
32 9   0.496576
32 10   0.496576
32 11   0.496576
32 12   0.496576
32 13   0.496576
32 14   0.496576
32 15   0.496576
32 16   0.496576
32 17   0.496576
32 18   0.496576
32 19   0.496576
32 20   0.496576
32 21   0.496576
32 22   0.496576
32 23   0.496576
32 24   0.496576
32 25   0.496576
32 26   0.496576
32 27   0.496576
32 28   0.496576
32 29   0.496576
32 30   0.496576
32 31   0.496576
32 32   0.496576
32 33   0.496576
32 34   0.496576
32 35   0.496576
32 36   0.496576
32 37   0.496576
32 38   0.496576
32 39   0.496576
32 40   0.496576
33 1   0.534942
33 2   0.534942
33 3   0.534942
33 4   0.534942
33 5   0.534942
33 6   0.534942
33 7   0.534942
33 8   0.534942
33 9   0.534942
33 10   0.534942
33 11   0.534942
33 12   0.534942
33 13   0.534942
33 14   0.534942
33 15   0.534942
33 16   0.534942
33 17   0.534942
33 18   0.534942
33 19   0.534942
33 20   0.534942
33 21   0.534942
33 22   0.534942
33 23   0.534942
33 24   0.534942
33 25   0.534942
33 26   0.534942
33 27   0.534942
33 28   0.534942
33 29   0.534942
33 30   0.534942
33 31   0.534942
33 32   0.534942
33 33   0.534942
33 34   0.534942
33 35   0.534942
33 36   0.534942
33 37   0.534942
33 38   0.534942
33 39   0.534942
33 40   0.534942
34 1   0.57619
34 2   0.57619
34 3   0.57619
34 4   0.57619
34 5   0.57619
34 6   0.57619
34 7   0.57619
34 8   0.57619
34 9   0.57619
34 10   0.57619
34 11   0.57619
34 12   0.57619
34 13   0.57619
34 14   0.57619
34 15   0.57619
34 16   0.57619
34 17   0.57619
34 18   0.57619
34 19   0.57619
34 20   0.57619
34 21   0.57619
34 22   0.57619
34 23   0.57619
34 24   0.57619
34 25   0.57619
34 26   0.57619
34 27   0.57619
34 28   0.57619
34 29   0.57619
34 30   0.57619
34 31   0.57619
34 32   0.57619
34 33   0.57619
34 34   0.57619
34 35   0.57619
34 36   0.57619
34 37   0.57619
34 38   0.57619
34 39   0.57619
34 40   0.57619
35 1   0.609852
35 2   0.609852
35 3   0.609852
35 4   0.609852
35 5   0.609852
35 6   0.609852
35 7   0.609852
35 8   0.609852
35 9   0.609852
35 10   0.609852
35 11   0.609852
35 12   0.609852
35 13   0.609852
35 14   0.609852
35 15   0.609852
35 16   0.609852
35 17   0.609852
35 18   0.609852
35 19   0.609852
35 20   0.609852
35 21   0.609852
35 22   0.609852
35 23   0.609852
35 24   0.609852
35 25   0.609852
35 26   0.609852
35 27   0.609852
35 28   0.609852
35 29   0.609852
35 30   0.609852
35 31   0.609852
35 32   0.609852
35 33   0.609852
35 34   0.609852
35 35   0.609852
35 36   0.609852
35 37   0.609852
35 38   0.609852
35 39   0.609852
35 40   0.609852
36 1   0.631687
36 2   0.631687
36 3   0.631687
36 4   0.631687
36 5   0.631687
36 6   0.631687
36 7   0.631687
36 8   0.631687
36 9   0.631687
36 10   0.631687
36 11   0.631687
36 12   0.631687
36 13   0.631687
36 14   0.631687
36 15   0.631687
36 16   0.631687
36 17   0.631687
36 18   0.631687
36 19   0.631687
36 20   0.631687
36 21   0.631687
36 22   0.631687
36 23   0.631687
36 24   0.631687
36 25   0.631687
36 26   0.631687
36 27   0.631687
36 28   0.631687
36 29   0.631687
36 30   0.631687
36 31   0.631687
36 32   0.631687
36 33   0.631687
36 34   0.631687
36 35   0.631687
36 36   0.631687
36 37   0.631687
36 38   0.631687
36 39   0.631687
36 40   0.631687
37 1   0.64116
37 2   0.64116
37 3   0.64116
37 4   0.64116
37 5   0.64116
37 6   0.64116
37 7   0.64116
37 8   0.64116
37 9   0.64116
37 10   0.64116
37 11   0.64116
37 12   0.64116
37 13   0.64116
37 14   0.64116
37 15   0.64116
37 16   0.64116
37 17   0.64116
37 18   0.64116
37 19   0.64116
37 20   0.64116
37 21   0.64116
37 22   0.64116
37 23   0.64116
37 24   0.64116
37 25   0.64116
37 26   0.64116
37 27   0.64116
37 28   0.64116
37 29   0.64116
37 30   0.64116
37 31   0.64116
37 32   0.64116
37 33   0.64116
37 34   0.64116
37 35   0.64116
37 36   0.64116
37 37   0.64116
37 38   0.64116
37 39   0.64116
37 40   0.64116
38 1   0.639089
38 2   0.639089
38 3   0.639089
38 4   0.639089
38 5   0.639089
38 6   0.639089
38 7   0.639089
38 8   0.639089
38 9   0.639089
38 10   0.639089
38 11   0.639089
38 12   0.639089
38 13   0.639089
38 14   0.639089
38 15   0.639089
38 16   0.639089
38 17   0.639089
38 18   0.639089
38 19   0.639089
38 20   0.639089
38 21   0.639089
38 22   0.639089
38 23   0.639089
38 24   0.639089
38 25   0.639089
38 26   0.639089
38 27   0.639089
38 28   0.639089
38 29   0.639089
38 30   0.639089
38 31   0.639089
38 32   0.639089
38 33   0.639089
38 34   0.639089
38 35   0.639089
38 36   0.639089
38 37   0.639089
38 38   0.639089
38 39   0.639089
38 40   0.639089
39 1   0.629557
39 2   0.629557
39 3   0.629557
39 4   0.629557
39 5   0.629557
39 6   0.629557
39 7   0.629557
39 8   0.629557
39 9   0.629557
39 10   0.629557
39 11   0.629557
39 12   0.629557
39 13   0.629557
39 14   0.629557
39 15   0.629557
39 16   0.629557
39 17   0.629557
39 18   0.629557
39 19   0.629557
39 20   0.629557
39 21   0.629557
39 22   0.629557
39 23   0.629557
39 24   0.629557
39 25   0.629557
39 26   0.629557
39 27   0.629557
39 28   0.629557
39 29   0.629557
39 30   0.629557
39 31   0.629557
39 32   0.629557
39 33   0.629557
39 34   0.629557
39 35   0.629557
39 36   0.629557
39 37   0.629557
39 38   0.629557
39 39   0.629557
39 40   0.629557
40 1   0.620967
40 2   0.620967
40 3   0.620967
40 4   0.620967
40 5   0.620967
40 6   0.620967
40 7   0.620967
40 8   0.620967
40 9   0.620967
40 10   0.620967
40 11   0.620967
40 12   0.620967
40 13   0.620967
40 14   0.620967
40 15   0.620967
40 16   0.620967
40 17   0.620967
40 18   0.620967
40 19   0.620967
40 20   0.620967
40 21   0.620967
40 22   0.620967
40 23   0.620967
40 24   0.620967
40 25   0.620967
40 26   0.620967
40 27   0.620967
40 28   0.620967
40 29   0.620967
40 30   0.620967
40 31   0.620967
40 32   0.620967
40 33   0.620967
40 34   0.620967
40 35   0.620967
40 36   0.620967
40 37   0.620967
40 38   0.620967
40 39   0.620967
40 40   0.620967
