1 1   0.760375
1 2   0.760375
1 3   0.760375
1 4   0.760375
1 5   0.760375
1 6   0.760375
1 7   0.760375
1 8   0.760375
1 9   0.760375
1 10   0.760375
1 11   0.760375
1 12   0.760375
1 13   0.760375
1 14   0.760375
1 15   0.760375
1 16   0.760375
1 17   0.760375
1 18   0.760375
1 19   0.760375
1 20   0.760375
1 21   0.760375
1 22   0.760375
1 23   0.760375
1 24   0.760375
1 25   0.760375
1 26   0.760375
1 27   0.760375
1 28   0.760375
1 29   0.760375
1 30   0.760375
1 31   0.760375
1 32   0.760375
1 33   0.760375
1 34   0.760375
1 35   0.760375
1 36   0.760375
1 37   0.760375
1 38   0.760375
1 39   0.760375
1 40   0.760375
2 1   0.744411
2 2   0.744411
2 3   0.744411
2 4   0.744411
2 5   0.744411
2 6   0.744411
2 7   0.744411
2 8   0.744411
2 9   0.744411
2 10   0.744411
2 11   0.744411
2 12   0.744411
2 13   0.744411
2 14   0.744411
2 15   0.744411
2 16   0.744411
2 17   0.744411
2 18   0.744411
2 19   0.744411
2 20   0.744411
2 21   0.744411
2 22   0.744411
2 23   0.744411
2 24   0.744411
2 25   0.744411
2 26   0.744411
2 27   0.744411
2 28   0.744411
2 29   0.744411
2 30   0.744411
2 31   0.744411
2 32   0.744411
2 33   0.744411
2 34   0.744411
2 35   0.744411
2 36   0.744411
2 37   0.744411
2 38   0.744411
2 39   0.744411
2 40   0.744411
3 1   0.714785
3 2   0.714785
3 3   0.714785
3 4   0.714785
3 5   0.714785
3 6   0.714785
3 7   0.714785
3 8   0.714785
3 9   0.714785
3 10   0.714785
3 11   0.714785
3 12   0.714785
3 13   0.714785
3 14   0.714785
3 15   0.714785
3 16   0.714785
3 17   0.714785
3 18   0.714785
3 19   0.714785
3 20   0.714785
3 21   0.714785
3 22   0.714785
3 23   0.714785
3 24   0.714785
3 25   0.714785
3 26   0.714785
3 27   0.714785
3 28   0.714785
3 29   0.714785
3 30   0.714785
3 31   0.714785
3 32   0.714785
3 33   0.714785
3 34   0.714785
3 35   0.714785
3 36   0.714785
3 37   0.714785
3 38   0.714785
3 39   0.714785
3 40   0.714785
4 1   0.675326
4 2   0.675326
4 3   0.675326
4 4   0.675326
4 5   0.675326
4 6   0.675326
4 7   0.675326
4 8   0.675326
4 9   0.675326
4 10   0.675326
4 11   0.675326
4 12   0.675326
4 13   0.675326
4 14   0.675326
4 15   0.675326
4 16   0.675326
4 17   0.675326
4 18   0.675326
4 19   0.675326
4 20   0.675326
4 21   0.675326
4 22   0.675326
4 23   0.675326
4 24   0.675326
4 25   0.675326
4 26   0.675326
4 27   0.675326
4 28   0.675326
4 29   0.675326
4 30   0.675326
4 31   0.675326
4 32   0.675326
4 33   0.675326
4 34   0.675326
4 35   0.675326
4 36   0.675326
4 37   0.675326
4 38   0.675326
4 39   0.675326
4 40   0.675326
5 1   0.630311
5 2   0.630311
5 3   0.630311
5 4   0.630311
5 5   0.630311
5 6   0.630311
5 7   0.630311
5 8   0.630311
5 9   0.630311
5 10   0.630311
5 11   0.630311
5 12   0.630311
5 13   0.630311
5 14   0.630311
5 15   0.630311
5 16   0.630311
5 17   0.630311
5 18   0.630311
5 19   0.630311
5 20   0.630311
5 21   0.630311
5 22   0.630311
5 23   0.630311
5 24   0.630311
5 25   0.630311
5 26   0.630311
5 27   0.630311
5 28   0.630311
5 29   0.630311
5 30   0.630311
5 31   0.630311
5 32   0.630311
5 33   0.630311
5 34   0.630311
5 35   0.630311
5 36   0.630311
5 37   0.630311
5 38   0.630311
5 39   0.630311
5 40   0.630311
6 1   0.583688
6 2   0.583688
6 3   0.583688
6 4   0.583688
6 5   0.583688
6 6   0.583688
6 7   0.583688
6 8   0.583688
6 9   0.583688
6 10   0.583688
6 11   0.583688
6 12   0.583688
6 13   0.583688
6 14   0.583688
6 15   0.583688
6 16   0.583688
6 17   0.583688
6 18   0.583688
6 19   0.583688
6 20   0.583688
6 21   0.583688
6 22   0.583688
6 23   0.583688
6 24   0.583688
6 25   0.583688
6 26   0.583688
6 27   0.583688
6 28   0.583688
6 29   0.583688
6 30   0.583688
6 31   0.583688
6 32   0.583688
6 33   0.583688
6 34   0.583688
6 35   0.583688
6 36   0.583688
6 37   0.583688
6 38   0.583688
6 39   0.583688
6 40   0.583688
7 1   0.538905
7 2   0.538905
7 3   0.538905
7 4   0.538905
7 5   0.538905
7 6   0.538905
7 7   0.538905
7 8   0.538905
7 9   0.538905
7 10   0.538905
7 11   0.538905
7 12   0.538905
7 13   0.538905
7 14   0.538905
7 15   0.538905
7 16   0.538905
7 17   0.538905
7 18   0.538905
7 19   0.538905
7 20   0.538905
7 21   0.538905
7 22   0.538905
7 23   0.538905
7 24   0.538905
7 25   0.538905
7 26   0.538905
7 27   0.538905
7 28   0.538905
7 29   0.538905
7 30   0.538905
7 31   0.538905
7 32   0.538905
7 33   0.538905
7 34   0.538905
7 35   0.538905
7 36   0.538905
7 37   0.538905
7 38   0.538905
7 39   0.538905
7 40   0.538905
8 1   0.49916
8 2   0.49916
8 3   0.49916
8 4   0.49916
8 5   0.49916
8 6   0.49916
8 7   0.49916
8 8   0.49916
8 9   0.49916
8 10   0.49916
8 11   0.49916
8 12   0.49916
8 13   0.49916
8 14   0.49916
8 15   0.49916
8 16   0.49916
8 17   0.49916
8 18   0.49916
8 19   0.49916
8 20   0.49916
8 21   0.49916
8 22   0.49916
8 23   0.49916
8 24   0.49916
8 25   0.49916
8 26   0.49916
8 27   0.49916
8 28   0.49916
8 29   0.49916
8 30   0.49916
8 31   0.49916
8 32   0.49916
8 33   0.49916
8 34   0.49916
8 35   0.49916
8 36   0.49916
8 37   0.49916
8 38   0.49916
8 39   0.49916
8 40   0.49916
9 1   0.467546
9 2   0.467546
9 3   0.467546
9 4   0.467546
9 5   0.467546
9 6   0.467546
9 7   0.467546
9 8   0.467546
9 9   0.467546
9 10   0.467546
9 11   0.467546
9 12   0.467546
9 13   0.467546
9 14   0.467546
9 15   0.467546
9 16   0.467546
9 17   0.467546
9 18   0.467546
9 19   0.467546
9 20   0.467546
9 21   0.467546
9 22   0.467546
9 23   0.467546
9 24   0.467546
9 25   0.467546
9 26   0.467546
9 27   0.467546
9 28   0.467546
9 29   0.467546
9 30   0.467546
9 31   0.467546
9 32   0.467546
9 33   0.467546
9 34   0.467546
9 35   0.467546
9 36   0.467546
9 37   0.467546
9 38   0.467546
9 39   0.467546
9 40   0.467546
10 1   0.446804
10 2   0.446804
10 3   0.446804
10 4   0.446804
10 5   0.446804
10 6   0.446804
10 7   0.446804
10 8   0.446804
10 9   0.446804
10 10   0.446804
10 11   0.446804
10 12   0.446804
10 13   0.446804
10 14   0.446804
10 15   0.446804
10 16   0.446804
10 17   0.446804
10 18   0.446804
10 19   0.446804
10 20   0.446804
10 21   0.446804
10 22   0.446804
10 23   0.446804
10 24   0.446804
10 25   0.446804
10 26   0.446804
10 27   0.446804
10 28   0.446804
10 29   0.446804
10 30   0.446804
10 31   0.446804
10 32   0.446804
10 33   0.446804
10 34   0.446804
10 35   0.446804
10 36   0.446804
10 37   0.446804
10 38   0.446804
10 39   0.446804
10 40   0.446804
11 1   0.438774
11 2   0.438774
11 3   0.438774
11 4   0.438774
11 5   0.438774
11 6   0.438774
11 7   0.438774
11 8   0.438774
11 9   0.438774
11 10   0.438774
11 11   0.438774
11 12   0.438774
11 13   0.438774
11 14   0.438774
11 15   0.438774
11 16   0.438774
11 17   0.438774
11 18   0.438774
11 19   0.438774
11 20   0.438774
11 21   0.438774
11 22   0.438774
11 23   0.438774
11 24   0.438774
11 25   0.438774
11 26   0.438774
11 27   0.438774
11 28   0.438774
11 29   0.438774
11 30   0.438774
11 31   0.438774
11 32   0.438774
11 33   0.438774
11 34   0.438774
11 35   0.438774
11 36   0.438774
11 37   0.438774
11 38   0.438774
11 39   0.438774
11 40   0.438774
12 1   0.443802
12 2   0.443802
12 3   0.443802
12 4   0.443802
12 5   0.443802
12 6   0.443802
12 7   0.443802
12 8   0.443802
12 9   0.443802
12 10   0.443802
12 11   0.443802
12 12   0.443802
12 13   0.443802
12 14   0.443802
12 15   0.443802
12 16   0.443802
12 17   0.443802
12 18   0.443802
12 19   0.443802
12 20   0.443802
12 21   0.443802
12 22   0.443802
12 23   0.443802
12 24   0.443802
12 25   0.443802
12 26   0.443802
12 27   0.443802
12 28   0.443802
12 29   0.443802
12 30   0.443802
12 31   0.443802
12 32   0.443802
12 33   0.443802
12 34   0.443802
12 35   0.443802
12 36   0.443802
12 37   0.443802
12 38   0.443802
12 39   0.443802
12 40   0.443802
13 1   0.46024
13 2   0.46024
13 3   0.46024
13 4   0.46024
13 5   0.46024
13 6   0.46024
13 7   0.46024
13 8   0.46024
13 9   0.46024
13 10   0.46024
13 11   0.46024
13 12   0.46024
13 13   0.46024
13 14   0.46024
13 15   0.46024
13 16   0.46024
13 17   0.46024
13 18   0.46024
13 19   0.46024
13 20   0.46024
13 21   0.46024
13 22   0.46024
13 23   0.46024
13 24   0.46024
13 25   0.46024
13 26   0.46024
13 27   0.46024
13 28   0.46024
13 29   0.46024
13 30   0.46024
13 31   0.46024
13 32   0.46024
13 33   0.46024
13 34   0.46024
13 35   0.46024
13 36   0.46024
13 37   0.46024
13 38   0.46024
13 39   0.46024
13 40   0.46024
14 1   0.484118
14 2   0.484118
14 3   0.484118
14 4   0.484118
14 5   0.484118
14 6   0.484118
14 7   0.484118
14 8   0.484118
14 9   0.484118
14 10   0.484118
14 11   0.484118
14 12   0.484118
14 13   0.484118
14 14   0.484118
14 15   0.484118
14 16   0.484118
14 17   0.484118
14 18   0.484118
14 19   0.484118
14 20   0.484118
14 21   0.484118
14 22   0.484118
14 23   0.484118
14 24   0.484118
14 25   0.484118
14 26   0.484118
14 27   0.484118
14 28   0.484118
14 29   0.484118
14 30   0.484118
14 31   0.484118
14 32   0.484118
14 33   0.484118
14 34   0.484118
14 35   0.484118
14 36   0.484118
14 37   0.484118
14 38   0.484118
14 39   0.484118
14 40   0.484118
15 1   0.509294
15 2   0.509294
15 3   0.509294
15 4   0.509294
15 5   0.509294
15 6   0.509294
15 7   0.509294
15 8   0.509294
15 9   0.509294
15 10   0.509294
15 11   0.509294
15 12   0.509294
15 13   0.509294
15 14   0.509294
15 15   0.509294
15 16   0.509294
15 17   0.509294
15 18   0.509294
15 19   0.509294
15 20   0.509294
15 21   0.509294
15 22   0.509294
15 23   0.509294
15 24   0.509294
15 25   0.509294
15 26   0.509294
15 27   0.509294
15 28   0.509294
15 29   0.509294
15 30   0.509294
15 31   0.509294
15 32   0.509294
15 33   0.509294
15 34   0.509294
15 35   0.509294
15 36   0.509294
15 37   0.509294
15 38   0.509294
15 39   0.509294
15 40   0.509294
16 1   0.52858
16 2   0.52858
16 3   0.52858
16 4   0.52858
16 5   0.52858
16 6   0.52858
16 7   0.52858
16 8   0.52858
16 9   0.52858
16 10   0.52858
16 11   0.52858
16 12   0.52858
16 13   0.52858
16 14   0.52858
16 15   0.52858
16 16   0.52858
16 17   0.52858
16 18   0.52858
16 19   0.52858
16 20   0.52858
16 21   0.52858
16 22   0.52858
16 23   0.52858
16 24   0.52858
16 25   0.52858
16 26   0.52858
16 27   0.52858
16 28   0.52858
16 29   0.52858
16 30   0.52858
16 31   0.52858
16 32   0.52858
16 33   0.52858
16 34   0.52858
16 35   0.52858
16 36   0.52858
16 37   0.52858
16 38   0.52858
16 39   0.52858
16 40   0.52858
17 1   0.53598
17 2   0.53598
17 3   0.53598
17 4   0.53598
17 5   0.53598
17 6   0.53598
17 7   0.53598
17 8   0.53598
17 9   0.53598
17 10   0.53598
17 11   0.53598
17 12   0.53598
17 13   0.53598
17 14   0.53598
17 15   0.53598
17 16   0.53598
17 17   0.53598
17 18   0.53598
17 19   0.53598
17 20   0.53598
17 21   0.53598
17 22   0.53598
17 23   0.53598
17 24   0.53598
17 25   0.53598
17 26   0.53598
17 27   0.53598
17 28   0.53598
17 29   0.53598
17 30   0.53598
17 31   0.53598
17 32   0.53598
17 33   0.53598
17 34   0.53598
17 35   0.53598
17 36   0.53598
17 37   0.53598
17 38   0.53598
17 39   0.53598
17 40   0.53598
18 1   0.529221
18 2   0.529221
18 3   0.529221
18 4   0.529221
18 5   0.529221
18 6   0.529221
18 7   0.529221
18 8   0.529221
18 9   0.529221
18 10   0.529221
18 11   0.529221
18 12   0.529221
18 13   0.529221
18 14   0.529221
18 15   0.529221
18 16   0.529221
18 17   0.529221
18 18   0.529221
18 19   0.529221
18 20   0.529221
18 21   0.529221
18 22   0.529221
18 23   0.529221
18 24   0.529221
18 25   0.529221
18 26   0.529221
18 27   0.529221
18 28   0.529221
18 29   0.529221
18 30   0.529221
18 31   0.529221
18 32   0.529221
18 33   0.529221
18 34   0.529221
18 35   0.529221
18 36   0.529221
18 37   0.529221
18 38   0.529221
18 39   0.529221
18 40   0.529221
19 1   0.511142
19 2   0.511142
19 3   0.511142
19 4   0.511142
19 5   0.511142
19 6   0.511142
19 7   0.511142
19 8   0.511142
19 9   0.511142
19 10   0.511142
19 11   0.511142
19 12   0.511142
19 13   0.511142
19 14   0.511142
19 15   0.511142
19 16   0.511142
19 17   0.511142
19 18   0.511142
19 19   0.511142
19 20   0.511142
19 21   0.511142
19 22   0.511142
19 23   0.511142
19 24   0.511142
19 25   0.511142
19 26   0.511142
19 27   0.511142
19 28   0.511142
19 29   0.511142
19 30   0.511142
19 31   0.511142
19 32   0.511142
19 33   0.511142
19 34   0.511142
19 35   0.511142
19 36   0.511142
19 37   0.511142
19 38   0.511142
19 39   0.511142
19 40   0.511142
20 1   0.488857
20 2   0.488857
20 3   0.488857
20 4   0.488857
20 5   0.488857
20 6   0.488857
20 7   0.488857
20 8   0.488857
20 9   0.488857
20 10   0.488857
20 11   0.488857
20 12   0.488857
20 13   0.488857
20 14   0.488857
20 15   0.488857
20 16   0.488857
20 17   0.488857
20 18   0.488857
20 19   0.488857
20 20   0.488857
20 21   0.488857
20 22   0.488857
20 23   0.488857
20 24   0.488857
20 25   0.488857
20 26   0.488857
20 27   0.488857
20 28   0.488857
20 29   0.488857
20 30   0.488857
20 31   0.488857
20 32   0.488857
20 33   0.488857
20 34   0.488857
20 35   0.488857
20 36   0.488857
20 37   0.488857
20 38   0.488857
20 39   0.488857
20 40   0.488857
21 1   0.470973
21 2   0.470973
21 3   0.470973
21 4   0.470973
21 5   0.470973
21 6   0.470973
21 7   0.470973
21 8   0.470973
21 9   0.470973
21 10   0.470973
21 11   0.470973
21 12   0.470973
21 13   0.470973
21 14   0.470973
21 15   0.470973
21 16   0.470973
21 17   0.470973
21 18   0.470973
21 19   0.470973
21 20   0.470973
21 21   0.470973
21 22   0.470973
21 23   0.470973
21 24   0.470973
21 25   0.470973
21 26   0.470973
21 27   0.470973
21 28   0.470973
21 29   0.470973
21 30   0.470973
21 31   0.470973
21 32   0.470973
21 33   0.470973
21 34   0.470973
21 35   0.470973
21 36   0.470973
21 37   0.470973
21 38   0.470973
21 39   0.470973
21 40   0.470973
22 1   0.464257
22 2   0.464257
22 3   0.464257
22 4   0.464257
22 5   0.464257
22 6   0.464257
22 7   0.464257
22 8   0.464257
22 9   0.464257
22 10   0.464257
22 11   0.464257
22 12   0.464257
22 13   0.464257
22 14   0.464257
22 15   0.464257
22 16   0.464257
22 17   0.464257
22 18   0.464257
22 19   0.464257
22 20   0.464257
22 21   0.464257
22 22   0.464257
22 23   0.464257
22 24   0.464257
22 25   0.464257
22 26   0.464257
22 27   0.464257
22 28   0.464257
22 29   0.464257
22 30   0.464257
22 31   0.464257
22 32   0.464257
22 33   0.464257
22 34   0.464257
22 35   0.464257
22 36   0.464257
22 37   0.464257
22 38   0.464257
22 39   0.464257
22 40   0.464257
23 1   0.471347
23 2   0.471347
23 3   0.471347
23 4   0.471347
23 5   0.471347
23 6   0.471347
23 7   0.471347
23 8   0.471347
23 9   0.471347
23 10   0.471347
23 11   0.471347
23 12   0.471347
23 13   0.471347
23 14   0.471347
23 15   0.471347
23 16   0.471347
23 17   0.471347
23 18   0.471347
23 19   0.471347
23 20   0.471347
23 21   0.471347
23 22   0.471347
23 23   0.471347
23 24   0.471347
23 25   0.471347
23 26   0.471347
23 27   0.471347
23 28   0.471347
23 29   0.471347
23 30   0.471347
23 31   0.471347
23 32   0.471347
23 33   0.471347
23 34   0.471347
23 35   0.471347
23 36   0.471347
23 37   0.471347
23 38   0.471347
23 39   0.471347
23 40   0.471347
24 1   0.490256
24 2   0.490256
24 3   0.490256
24 4   0.490256
24 5   0.490256
24 6   0.490256
24 7   0.490256
24 8   0.490256
24 9   0.490256
24 10   0.490256
24 11   0.490256
24 12   0.490256
24 13   0.490256
24 14   0.490256
24 15   0.490256
24 16   0.490256
24 17   0.490256
24 18   0.490256
24 19   0.490256
24 20   0.490256
24 21   0.490256
24 22   0.490256
24 23   0.490256
24 24   0.490256
24 25   0.490256
24 26   0.490256
24 27   0.490256
24 28   0.490256
24 29   0.490256
24 30   0.490256
24 31   0.490256
24 32   0.490256
24 33   0.490256
24 34   0.490256
24 35   0.490256
24 36   0.490256
24 37   0.490256
24 38   0.490256
24 39   0.490256
24 40   0.490256
25 1   0.515429
25 2   0.515429
25 3   0.515429
25 4   0.515429
25 5   0.515429
25 6   0.515429
25 7   0.515429
25 8   0.515429
25 9   0.515429
25 10   0.515429
25 11   0.515429
25 12   0.515429
25 13   0.515429
25 14   0.515429
25 15   0.515429
25 16   0.515429
25 17   0.515429
25 18   0.515429
25 19   0.515429
25 20   0.515429
25 21   0.515429
25 22   0.515429
25 23   0.515429
25 24   0.515429
25 25   0.515429
25 26   0.515429
25 27   0.515429
25 28   0.515429
25 29   0.515429
25 30   0.515429
25 31   0.515429
25 32   0.515429
25 33   0.515429
25 34   0.515429
25 35   0.515429
25 36   0.515429
25 37   0.515429
25 38   0.515429
25 39   0.515429
25 40   0.515429
26 1   0.539645
26 2   0.539645
26 3   0.539645
26 4   0.539645
26 5   0.539645
26 6   0.539645
26 7   0.539645
26 8   0.539645
26 9   0.539645
26 10   0.539645
26 11   0.539645
26 12   0.539645
26 13   0.539645
26 14   0.539645
26 15   0.539645
26 16   0.539645
26 17   0.539645
26 18   0.539645
26 19   0.539645
26 20   0.539645
26 21   0.539645
26 22   0.539645
26 23   0.539645
26 24   0.539645
26 25   0.539645
26 26   0.539645
26 27   0.539645
26 28   0.539645
26 29   0.539645
26 30   0.539645
26 31   0.539645
26 32   0.539645
26 33   0.539645
26 34   0.539645
26 35   0.539645
26 36   0.539645
26 37   0.539645
26 38   0.539645
26 39   0.539645
26 40   0.539645
27 1   0.556107
27 2   0.556107
27 3   0.556107
27 4   0.556107
27 5   0.556107
27 6   0.556107
27 7   0.556107
27 8   0.556107
27 9   0.556107
27 10   0.556107
27 11   0.556107
27 12   0.556107
27 13   0.556107
27 14   0.556107
27 15   0.556107
27 16   0.556107
27 17   0.556107
27 18   0.556107
27 19   0.556107
27 20   0.556107
27 21   0.556107
27 22   0.556107
27 23   0.556107
27 24   0.556107
27 25   0.556107
27 26   0.556107
27 27   0.556107
27 28   0.556107
27 29   0.556107
27 30   0.556107
27 31   0.556107
27 32   0.556107
27 33   0.556107
27 34   0.556107
27 35   0.556107
27 36   0.556107
27 37   0.556107
27 38   0.556107
27 39   0.556107
27 40   0.556107
28 1   0.560194
28 2   0.560194
28 3   0.560194
28 4   0.560194
28 5   0.560194
28 6   0.560194
28 7   0.560194
28 8   0.560194
28 9   0.560194
28 10   0.560194
28 11   0.560194
28 12   0.560194
28 13   0.560194
28 14   0.560194
28 15   0.560194
28 16   0.560194
28 17   0.560194
28 18   0.560194
28 19   0.560194
28 20   0.560194
28 21   0.560194
28 22   0.560194
28 23   0.560194
28 24   0.560194
28 25   0.560194
28 26   0.560194
28 27   0.560194
28 28   0.560194
28 29   0.560194
28 30   0.560194
28 31   0.560194
28 32   0.560194
28 33   0.560194
28 34   0.560194
28 35   0.560194
28 36   0.560194
28 37   0.560194
28 38   0.560194
28 39   0.560194
28 40   0.560194
29 1   0.550341
29 2   0.550341
29 3   0.550341
29 4   0.550341
29 5   0.550341
29 6   0.550341
29 7   0.550341
29 8   0.550341
29 9   0.550341
29 10   0.550341
29 11   0.550341
29 12   0.550341
29 13   0.550341
29 14   0.550341
29 15   0.550341
29 16   0.550341
29 17   0.550341
29 18   0.550341
29 19   0.550341
29 20   0.550341
29 21   0.550341
29 22   0.550341
29 23   0.550341
29 24   0.550341
29 25   0.550341
29 26   0.550341
29 27   0.550341
29 28   0.550341
29 29   0.550341
29 30   0.550341
29 31   0.550341
29 32   0.550341
29 33   0.550341
29 34   0.550341
29 35   0.550341
29 36   0.550341
29 37   0.550341
29 38   0.550341
29 39   0.550341
29 40   0.550341
30 1   0.527637
30 2   0.527637
30 3   0.527637
30 4   0.527637
30 5   0.527637
30 6   0.527637
30 7   0.527637
30 8   0.527637
30 9   0.527637
30 10   0.527637
30 11   0.527637
30 12   0.527637
30 13   0.527637
30 14   0.527637
30 15   0.527637
30 16   0.527637
30 17   0.527637
30 18   0.527637
30 19   0.527637
30 20   0.527637
30 21   0.527637
30 22   0.527637
30 23   0.527637
30 24   0.527637
30 25   0.527637
30 26   0.527637
30 27   0.527637
30 28   0.527637
30 29   0.527637
30 30   0.527637
30 31   0.527637
30 32   0.527637
30 33   0.527637
30 34   0.527637
30 35   0.527637
30 36   0.527637
30 37   0.527637
30 38   0.527637
30 39   0.527637
30 40   0.527637
31 1   0.494369
31 2   0.494369
31 3   0.494369
31 4   0.494369
31 5   0.494369
31 6   0.494369
31 7   0.494369
31 8   0.494369
31 9   0.494369
31 10   0.494369
31 11   0.494369
31 12   0.494369
31 13   0.494369
31 14   0.494369
31 15   0.494369
31 16   0.494369
31 17   0.494369
31 18   0.494369
31 19   0.494369
31 20   0.494369
31 21   0.494369
31 22   0.494369
31 23   0.494369
31 24   0.494369
31 25   0.494369
31 26   0.494369
31 27   0.494369
31 28   0.494369
31 29   0.494369
31 30   0.494369
31 31   0.494369
31 32   0.494369
31 33   0.494369
31 34   0.494369
31 35   0.494369
31 36   0.494369
31 37   0.494369
31 38   0.494369
31 39   0.494369
31 40   0.494369
32 1   0.45257
32 2   0.45257
32 3   0.45257
32 4   0.45257
32 5   0.45257
32 6   0.45257
32 7   0.45257
32 8   0.45257
32 9   0.45257
32 10   0.45257
32 11   0.45257
32 12   0.45257
32 13   0.45257
32 14   0.45257
32 15   0.45257
32 16   0.45257
32 17   0.45257
32 18   0.45257
32 19   0.45257
32 20   0.45257
32 21   0.45257
32 22   0.45257
32 23   0.45257
32 24   0.45257
32 25   0.45257
32 26   0.45257
32 27   0.45257
32 28   0.45257
32 29   0.45257
32 30   0.45257
32 31   0.45257
32 32   0.45257
32 33   0.45257
32 34   0.45257
32 35   0.45257
32 36   0.45257
32 37   0.45257
32 38   0.45257
32 39   0.45257
32 40   0.45257
33 1   0.403674
33 2   0.403674
33 3   0.403674
33 4   0.403674
33 5   0.403674
33 6   0.403674
33 7   0.403674
33 8   0.403674
33 9   0.403674
33 10   0.403674
33 11   0.403674
33 12   0.403674
33 13   0.403674
33 14   0.403674
33 15   0.403674
33 16   0.403674
33 17   0.403674
33 18   0.403674
33 19   0.403674
33 20   0.403674
33 21   0.403674
33 22   0.403674
33 23   0.403674
33 24   0.403674
33 25   0.403674
33 26   0.403674
33 27   0.403674
33 28   0.403674
33 29   0.403674
33 30   0.403674
33 31   0.403674
33 32   0.403674
33 33   0.403674
33 34   0.403674
33 35   0.403674
33 36   0.403674
33 37   0.403674
33 38   0.403674
33 39   0.403674
33 40   0.403674
34 1   0.349492
34 2   0.349492
34 3   0.349492
34 4   0.349492
34 5   0.349492
34 6   0.349492
34 7   0.349492
34 8   0.349492
34 9   0.349492
34 10   0.349492
34 11   0.349492
34 12   0.349492
34 13   0.349492
34 14   0.349492
34 15   0.349492
34 16   0.349492
34 17   0.349492
34 18   0.349492
34 19   0.349492
34 20   0.349492
34 21   0.349492
34 22   0.349492
34 23   0.349492
34 24   0.349492
34 25   0.349492
34 26   0.349492
34 27   0.349492
34 28   0.349492
34 29   0.349492
34 30   0.349492
34 31   0.349492
34 32   0.349492
34 33   0.349492
34 34   0.349492
34 35   0.349492
34 36   0.349492
34 37   0.349492
34 38   0.349492
34 39   0.349492
34 40   0.349492
35 1   0.293397
35 2   0.293397
35 3   0.293397
35 4   0.293397
35 5   0.293397
35 6   0.293397
35 7   0.293397
35 8   0.293397
35 9   0.293397
35 10   0.293397
35 11   0.293397
35 12   0.293397
35 13   0.293397
35 14   0.293397
35 15   0.293397
35 16   0.293397
35 17   0.293397
35 18   0.293397
35 19   0.293397
35 20   0.293397
35 21   0.293397
35 22   0.293397
35 23   0.293397
35 24   0.293397
35 25   0.293397
35 26   0.293397
35 27   0.293397
35 28   0.293397
35 29   0.293397
35 30   0.293397
35 31   0.293397
35 32   0.293397
35 33   0.293397
35 34   0.293397
35 35   0.293397
35 36   0.293397
35 37   0.293397
35 38   0.293397
35 39   0.293397
35 40   0.293397
36 1   0.24037
36 2   0.24037
36 3   0.24037
36 4   0.24037
36 5   0.24037
36 6   0.24037
36 7   0.24037
36 8   0.24037
36 9   0.24037
36 10   0.24037
36 11   0.24037
36 12   0.24037
36 13   0.24037
36 14   0.24037
36 15   0.24037
36 16   0.24037
36 17   0.24037
36 18   0.24037
36 19   0.24037
36 20   0.24037
36 21   0.24037
36 22   0.24037
36 23   0.24037
36 24   0.24037
36 25   0.24037
36 26   0.24037
36 27   0.24037
36 28   0.24037
36 29   0.24037
36 30   0.24037
36 31   0.24037
36 32   0.24037
36 33   0.24037
36 34   0.24037
36 35   0.24037
36 36   0.24037
36 37   0.24037
36 38   0.24037
36 39   0.24037
36 40   0.24037
37 1   0.195548
37 2   0.195548
37 3   0.195548
37 4   0.195548
37 5   0.195548
37 6   0.195548
37 7   0.195548
37 8   0.195548
37 9   0.195548
37 10   0.195548
37 11   0.195548
37 12   0.195548
37 13   0.195548
37 14   0.195548
37 15   0.195548
37 16   0.195548
37 17   0.195548
37 18   0.195548
37 19   0.195548
37 20   0.195548
37 21   0.195548
37 22   0.195548
37 23   0.195548
37 24   0.195548
37 25   0.195548
37 26   0.195548
37 27   0.195548
37 28   0.195548
37 29   0.195548
37 30   0.195548
37 31   0.195548
37 32   0.195548
37 33   0.195548
37 34   0.195548
37 35   0.195548
37 36   0.195548
37 37   0.195548
37 38   0.195548
37 39   0.195548
37 40   0.195548
38 1   0.162305
38 2   0.162305
38 3   0.162305
38 4   0.162305
38 5   0.162305
38 6   0.162305
38 7   0.162305
38 8   0.162305
38 9   0.162305
38 10   0.162305
38 11   0.162305
38 12   0.162305
38 13   0.162305
38 14   0.162305
38 15   0.162305
38 16   0.162305
38 17   0.162305
38 18   0.162305
38 19   0.162305
38 20   0.162305
38 21   0.162305
38 22   0.162305
38 23   0.162305
38 24   0.162305
38 25   0.162305
38 26   0.162305
38 27   0.162305
38 28   0.162305
38 29   0.162305
38 30   0.162305
38 31   0.162305
38 32   0.162305
38 33   0.162305
38 34   0.162305
38 35   0.162305
38 36   0.162305
38 37   0.162305
38 38   0.162305
38 39   0.162305
38 40   0.162305
39 1   0.141352
39 2   0.141352
39 3   0.141352
39 4   0.141352
39 5   0.141352
39 6   0.141352
39 7   0.141352
39 8   0.141352
39 9   0.141352
39 10   0.141352
39 11   0.141352
39 12   0.141352
39 13   0.141352
39 14   0.141352
39 15   0.141352
39 16   0.141352
39 17   0.141352
39 18   0.141352
39 19   0.141352
39 20   0.141352
39 21   0.141352
39 22   0.141352
39 23   0.141352
39 24   0.141352
39 25   0.141352
39 26   0.141352
39 27   0.141352
39 28   0.141352
39 29   0.141352
39 30   0.141352
39 31   0.141352
39 32   0.141352
39 33   0.141352
39 34   0.141352
39 35   0.141352
39 36   0.141352
39 37   0.141352
39 38   0.141352
39 39   0.141352
39 40   0.141352
40 1   0.131519
40 2   0.131519
40 3   0.131519
40 4   0.131519
40 5   0.131519
40 6   0.131519
40 7   0.131519
40 8   0.131519
40 9   0.131519
40 10   0.131519
40 11   0.131519
40 12   0.131519
40 13   0.131519
40 14   0.131519
40 15   0.131519
40 16   0.131519
40 17   0.131519
40 18   0.131519
40 19   0.131519
40 20   0.131519
40 21   0.131519
40 22   0.131519
40 23   0.131519
40 24   0.131519
40 25   0.131519
40 26   0.131519
40 27   0.131519
40 28   0.131519
40 29   0.131519
40 30   0.131519
40 31   0.131519
40 32   0.131519
40 33   0.131519
40 34   0.131519
40 35   0.131519
40 36   0.131519
40 37   0.131519
40 38   0.131519
40 39   0.131519
40 40   0.131519
