1 1   -0.0960792
1 2   -0.0960792
1 3   -0.0960792
1 4   -0.0960792
1 5   -0.0960792
1 6   -0.0960792
1 7   -0.0960792
1 8   -0.0960792
1 9   -0.0960792
1 10   -0.0960792
1 11   -0.0960792
1 12   -0.0960792
1 13   -0.0960792
1 14   -0.0960792
1 15   -0.0960792
1 16   -0.0960792
1 17   -0.0960792
1 18   -0.0960792
1 19   -0.0960792
1 20   -0.0960792
1 21   -0.0960792
1 22   -0.0960792
1 23   -0.0960792
1 24   -0.0960792
1 25   -0.0960792
1 26   -0.0960792
1 27   -0.0960792
1 28   -0.0960792
1 29   -0.0960792
1 30   -0.0960792
1 31   -0.0960792
1 32   -0.0960792
1 33   -0.0960792
1 34   -0.0960792
1 35   -0.0960792
1 36   -0.0960792
1 37   -0.0960792
1 38   -0.0960792
1 39   -0.0960792
1 40   -0.0960792
2 1   -0.0788702
2 2   -0.0788702
2 3   -0.0788702
2 4   -0.0788702
2 5   -0.0788702
2 6   -0.0788702
2 7   -0.0788702
2 8   -0.0788702
2 9   -0.0788702
2 10   -0.0788702
2 11   -0.0788702
2 12   -0.0788702
2 13   -0.0788702
2 14   -0.0788702
2 15   -0.0788702
2 16   -0.0788702
2 17   -0.0788702
2 18   -0.0788702
2 19   -0.0788702
2 20   -0.0788702
2 21   -0.0788702
2 22   -0.0788702
2 23   -0.0788702
2 24   -0.0788702
2 25   -0.0788702
2 26   -0.0788702
2 27   -0.0788702
2 28   -0.0788702
2 29   -0.0788702
2 30   -0.0788702
2 31   -0.0788702
2 32   -0.0788702
2 33   -0.0788702
2 34   -0.0788702
2 35   -0.0788702
2 36   -0.0788702
2 37   -0.0788702
2 38   -0.0788702
2 39   -0.0788702
2 40   -0.0788702
3 1   -0.0465386
3 2   -0.0465386
3 3   -0.0465386
3 4   -0.0465386
3 5   -0.0465386
3 6   -0.0465386
3 7   -0.0465386
3 8   -0.0465386
3 9   -0.0465386
3 10   -0.0465386
3 11   -0.0465386
3 12   -0.0465386
3 13   -0.0465386
3 14   -0.0465386
3 15   -0.0465386
3 16   -0.0465386
3 17   -0.0465386
3 18   -0.0465386
3 19   -0.0465386
3 20   -0.0465386
3 21   -0.0465386
3 22   -0.0465386
3 23   -0.0465386
3 24   -0.0465386
3 25   -0.0465386
3 26   -0.0465386
3 27   -0.0465386
3 28   -0.0465386
3 29   -0.0465386
3 30   -0.0465386
3 31   -0.0465386
3 32   -0.0465386
3 33   -0.0465386
3 34   -0.0465386
3 35   -0.0465386
3 36   -0.0465386
3 37   -0.0465386
3 38   -0.0465386
3 39   -0.0465386
3 40   -0.0465386
4 1   -0.00308143
4 2   -0.00308143
4 3   -0.00308143
4 4   -0.00308143
4 5   -0.00308143
4 6   -0.00308143
4 7   -0.00308143
4 8   -0.00308143
4 9   -0.00308143
4 10   -0.00308143
4 11   -0.00308143
4 12   -0.00308143
4 13   -0.00308143
4 14   -0.00308143
4 15   -0.00308143
4 16   -0.00308143
4 17   -0.00308143
4 18   -0.00308143
4 19   -0.00308143
4 20   -0.00308143
4 21   -0.00308143
4 22   -0.00308143
4 23   -0.00308143
4 24   -0.00308143
4 25   -0.00308143
4 26   -0.00308143
4 27   -0.00308143
4 28   -0.00308143
4 29   -0.00308143
4 30   -0.00308143
4 31   -0.00308143
4 32   -0.00308143
4 33   -0.00308143
4 34   -0.00308143
4 35   -0.00308143
4 36   -0.00308143
4 37   -0.00308143
4 38   -0.00308143
4 39   -0.00308143
4 40   -0.00308143
5 1   0.0462864
5 2   0.0462864
5 3   0.0462864
5 4   0.0462864
5 5   0.0462864
5 6   0.0462864
5 7   0.0462864
5 8   0.0462864
5 9   0.0462864
5 10   0.0462864
5 11   0.0462864
5 12   0.0462864
5 13   0.0462864
5 14   0.0462864
5 15   0.0462864
5 16   0.0462864
5 17   0.0462864
5 18   0.0462864
5 19   0.0462864
5 20   0.0462864
5 21   0.0462864
5 22   0.0462864
5 23   0.0462864
5 24   0.0462864
5 25   0.0462864
5 26   0.0462864
5 27   0.0462864
5 28   0.0462864
5 29   0.0462864
5 30   0.0462864
5 31   0.0462864
5 32   0.0462864
5 33   0.0462864
5 34   0.0462864
5 35   0.0462864
5 36   0.0462864
5 37   0.0462864
5 38   0.0462864
5 39   0.0462864
5 40   0.0462864
6 1   0.0965504
6 2   0.0965504
6 3   0.0965504
6 4   0.0965504
6 5   0.0965504
6 6   0.0965504
6 7   0.0965504
6 8   0.0965504
6 9   0.0965504
6 10   0.0965504
6 11   0.0965504
6 12   0.0965504
6 13   0.0965504
6 14   0.0965504
6 15   0.0965504
6 16   0.0965504
6 17   0.0965504
6 18   0.0965504
6 19   0.0965504
6 20   0.0965504
6 21   0.0965504
6 22   0.0965504
6 23   0.0965504
6 24   0.0965504
6 25   0.0965504
6 26   0.0965504
6 27   0.0965504
6 28   0.0965504
6 29   0.0965504
6 30   0.0965504
6 31   0.0965504
6 32   0.0965504
6 33   0.0965504
6 34   0.0965504
6 35   0.0965504
6 36   0.0965504
6 37   0.0965504
6 38   0.0965504
6 39   0.0965504
6 40   0.0965504
7 1   0.144591
7 2   0.144591
7 3   0.144591
7 4   0.144591
7 5   0.144591
7 6   0.144591
7 7   0.144591
7 8   0.144591
7 9   0.144591
7 10   0.144591
7 11   0.144591
7 12   0.144591
7 13   0.144591
7 14   0.144591
7 15   0.144591
7 16   0.144591
7 17   0.144591
7 18   0.144591
7 19   0.144591
7 20   0.144591
7 21   0.144591
7 22   0.144591
7 23   0.144591
7 24   0.144591
7 25   0.144591
7 26   0.144591
7 27   0.144591
7 28   0.144591
7 29   0.144591
7 30   0.144591
7 31   0.144591
7 32   0.144591
7 33   0.144591
7 34   0.144591
7 35   0.144591
7 36   0.144591
7 37   0.144591
7 38   0.144591
7 39   0.144591
7 40   0.144591
8 1   0.190105
8 2   0.190105
8 3   0.190105
8 4   0.190105
8 5   0.190105
8 6   0.190105
8 7   0.190105
8 8   0.190105
8 9   0.190105
8 10   0.190105
8 11   0.190105
8 12   0.190105
8 13   0.190105
8 14   0.190105
8 15   0.190105
8 16   0.190105
8 17   0.190105
8 18   0.190105
8 19   0.190105
8 20   0.190105
8 21   0.190105
8 22   0.190105
8 23   0.190105
8 24   0.190105
8 25   0.190105
8 26   0.190105
8 27   0.190105
8 28   0.190105
8 29   0.190105
8 30   0.190105
8 31   0.190105
8 32   0.190105
8 33   0.190105
8 34   0.190105
8 35   0.190105
8 36   0.190105
8 37   0.190105
8 38   0.190105
8 39   0.190105
8 40   0.190105
9 1   0.234892
9 2   0.234892
9 3   0.234892
9 4   0.234892
9 5   0.234892
9 6   0.234892
9 7   0.234892
9 8   0.234892
9 9   0.234892
9 10   0.234892
9 11   0.234892
9 12   0.234892
9 13   0.234892
9 14   0.234892
9 15   0.234892
9 16   0.234892
9 17   0.234892
9 18   0.234892
9 19   0.234892
9 20   0.234892
9 21   0.234892
9 22   0.234892
9 23   0.234892
9 24   0.234892
9 25   0.234892
9 26   0.234892
9 27   0.234892
9 28   0.234892
9 29   0.234892
9 30   0.234892
9 31   0.234892
9 32   0.234892
9 33   0.234892
9 34   0.234892
9 35   0.234892
9 36   0.234892
9 37   0.234892
9 38   0.234892
9 39   0.234892
9 40   0.234892
10 1   0.280771
10 2   0.280771
10 3   0.280771
10 4   0.280771
10 5   0.280771
10 6   0.280771
10 7   0.280771
10 8   0.280771
10 9   0.280771
10 10   0.280771
10 11   0.280771
10 12   0.280771
10 13   0.280771
10 14   0.280771
10 15   0.280771
10 16   0.280771
10 17   0.280771
10 18   0.280771
10 19   0.280771
10 20   0.280771
10 21   0.280771
10 22   0.280771
10 23   0.280771
10 24   0.280771
10 25   0.280771
10 26   0.280771
10 27   0.280771
10 28   0.280771
10 29   0.280771
10 30   0.280771
10 31   0.280771
10 32   0.280771
10 33   0.280771
10 34   0.280771
10 35   0.280771
10 36   0.280771
10 37   0.280771
10 38   0.280771
10 39   0.280771
10 40   0.280771
11 1   0.327485
11 2   0.327485
11 3   0.327485
11 4   0.327485
11 5   0.327485
11 6   0.327485
11 7   0.327485
11 8   0.327485
11 9   0.327485
11 10   0.327485
11 11   0.327485
11 12   0.327485
11 13   0.327485
11 14   0.327485
11 15   0.327485
11 16   0.327485
11 17   0.327485
11 18   0.327485
11 19   0.327485
11 20   0.327485
11 21   0.327485
11 22   0.327485
11 23   0.327485
11 24   0.327485
11 25   0.327485
11 26   0.327485
11 27   0.327485
11 28   0.327485
11 29   0.327485
11 30   0.327485
11 31   0.327485
11 32   0.327485
11 33   0.327485
11 34   0.327485
11 35   0.327485
11 36   0.327485
11 37   0.327485
11 38   0.327485
11 39   0.327485
11 40   0.327485
12 1   0.372135
12 2   0.372135
12 3   0.372135
12 4   0.372135
12 5   0.372135
12 6   0.372135
12 7   0.372135
12 8   0.372135
12 9   0.372135
12 10   0.372135
12 11   0.372135
12 12   0.372135
12 13   0.372135
12 14   0.372135
12 15   0.372135
12 16   0.372135
12 17   0.372135
12 18   0.372135
12 19   0.372135
12 20   0.372135
12 21   0.372135
12 22   0.372135
12 23   0.372135
12 24   0.372135
12 25   0.372135
12 26   0.372135
12 27   0.372135
12 28   0.372135
12 29   0.372135
12 30   0.372135
12 31   0.372135
12 32   0.372135
12 33   0.372135
12 34   0.372135
12 35   0.372135
12 36   0.372135
12 37   0.372135
12 38   0.372135
12 39   0.372135
12 40   0.372135
13 1   0.410541
13 2   0.410541
13 3   0.410541
13 4   0.410541
13 5   0.410541
13 6   0.410541
13 7   0.410541
13 8   0.410541
13 9   0.410541
13 10   0.410541
13 11   0.410541
13 12   0.410541
13 13   0.410541
13 14   0.410541
13 15   0.410541
13 16   0.410541
13 17   0.410541
13 18   0.410541
13 19   0.410541
13 20   0.410541
13 21   0.410541
13 22   0.410541
13 23   0.410541
13 24   0.410541
13 25   0.410541
13 26   0.410541
13 27   0.410541
13 28   0.410541
13 29   0.410541
13 30   0.410541
13 31   0.410541
13 32   0.410541
13 33   0.410541
13 34   0.410541
13 35   0.410541
13 36   0.410541
13 37   0.410541
13 38   0.410541
13 39   0.410541
13 40   0.410541
14 1   0.439559
14 2   0.439559
14 3   0.439559
14 4   0.439559
14 5   0.439559
14 6   0.439559
14 7   0.439559
14 8   0.439559
14 9   0.439559
14 10   0.439559
14 11   0.439559
14 12   0.439559
14 13   0.439559
14 14   0.439559
14 15   0.439559
14 16   0.439559
14 17   0.439559
14 18   0.439559
14 19   0.439559
14 20   0.439559
14 21   0.439559
14 22   0.439559
14 23   0.439559
14 24   0.439559
14 25   0.439559
14 26   0.439559
14 27   0.439559
14 28   0.439559
14 29   0.439559
14 30   0.439559
14 31   0.439559
14 32   0.439559
14 33   0.439559
14 34   0.439559
14 35   0.439559
14 36   0.439559
14 37   0.439559
14 38   0.439559
14 39   0.439559
14 40   0.439559
15 1   0.458722
15 2   0.458722
15 3   0.458722
15 4   0.458722
15 5   0.458722
15 6   0.458722
15 7   0.458722
15 8   0.458722
15 9   0.458722
15 10   0.458722
15 11   0.458722
15 12   0.458722
15 13   0.458722
15 14   0.458722
15 15   0.458722
15 16   0.458722
15 17   0.458722
15 18   0.458722
15 19   0.458722
15 20   0.458722
15 21   0.458722
15 22   0.458722
15 23   0.458722
15 24   0.458722
15 25   0.458722
15 26   0.458722
15 27   0.458722
15 28   0.458722
15 29   0.458722
15 30   0.458722
15 31   0.458722
15 32   0.458722
15 33   0.458722
15 34   0.458722
15 35   0.458722
15 36   0.458722
15 37   0.458722
15 38   0.458722
15 39   0.458722
15 40   0.458722
16 1   0.470256
16 2   0.470256
16 3   0.470256
16 4   0.470256
16 5   0.470256
16 6   0.470256
16 7   0.470256
16 8   0.470256
16 9   0.470256
16 10   0.470256
16 11   0.470256
16 12   0.470256
16 13   0.470256
16 14   0.470256
16 15   0.470256
16 16   0.470256
16 17   0.470256
16 18   0.470256
16 19   0.470256
16 20   0.470256
16 21   0.470256
16 22   0.470256
16 23   0.470256
16 24   0.470256
16 25   0.470256
16 26   0.470256
16 27   0.470256
16 28   0.470256
16 29   0.470256
16 30   0.470256
16 31   0.470256
16 32   0.470256
16 33   0.470256
16 34   0.470256
16 35   0.470256
16 36   0.470256
16 37   0.470256
16 38   0.470256
16 39   0.470256
16 40   0.470256
17 1   0.477664
17 2   0.477664
17 3   0.477664
17 4   0.477664
17 5   0.477664
17 6   0.477664
17 7   0.477664
17 8   0.477664
17 9   0.477664
17 10   0.477664
17 11   0.477664
17 12   0.477664
17 13   0.477664
17 14   0.477664
17 15   0.477664
17 16   0.477664
17 17   0.477664
17 18   0.477664
17 19   0.477664
17 20   0.477664
17 21   0.477664
17 22   0.477664
17 23   0.477664
17 24   0.477664
17 25   0.477664
17 26   0.477664
17 27   0.477664
17 28   0.477664
17 29   0.477664
17 30   0.477664
17 31   0.477664
17 32   0.477664
17 33   0.477664
17 34   0.477664
17 35   0.477664
17 36   0.477664
17 37   0.477664
17 38   0.477664
17 39   0.477664
17 40   0.477664
18 1   0.483934
18 2   0.483934
18 3   0.483934
18 4   0.483934
18 5   0.483934
18 6   0.483934
18 7   0.483934
18 8   0.483934
18 9   0.483934
18 10   0.483934
18 11   0.483934
18 12   0.483934
18 13   0.483934
18 14   0.483934
18 15   0.483934
18 16   0.483934
18 17   0.483934
18 18   0.483934
18 19   0.483934
18 20   0.483934
18 21   0.483934
18 22   0.483934
18 23   0.483934
18 24   0.483934
18 25   0.483934
18 26   0.483934
18 27   0.483934
18 28   0.483934
18 29   0.483934
18 30   0.483934
18 31   0.483934
18 32   0.483934
18 33   0.483934
18 34   0.483934
18 35   0.483934
18 36   0.483934
18 37   0.483934
18 38   0.483934
18 39   0.483934
18 40   0.483934
19 1   0.490364
19 2   0.490364
19 3   0.490364
19 4   0.490364
19 5   0.490364
19 6   0.490364
19 7   0.490364
19 8   0.490364
19 9   0.490364
19 10   0.490364
19 11   0.490364
19 12   0.490364
19 13   0.490364
19 14   0.490364
19 15   0.490364
19 16   0.490364
19 17   0.490364
19 18   0.490364
19 19   0.490364
19 20   0.490364
19 21   0.490364
19 22   0.490364
19 23   0.490364
19 24   0.490364
19 25   0.490364
19 26   0.490364
19 27   0.490364
19 28   0.490364
19 29   0.490364
19 30   0.490364
19 31   0.490364
19 32   0.490364
19 33   0.490364
19 34   0.490364
19 35   0.490364
19 36   0.490364
19 37   0.490364
19 38   0.490364
19 39   0.490364
19 40   0.490364
20 1   0.496449
20 2   0.496449
20 3   0.496449
20 4   0.496449
20 5   0.496449
20 6   0.496449
20 7   0.496449
20 8   0.496449
20 9   0.496449
20 10   0.496449
20 11   0.496449
20 12   0.496449
20 13   0.496449
20 14   0.496449
20 15   0.496449
20 16   0.496449
20 17   0.496449
20 18   0.496449
20 19   0.496449
20 20   0.496449
20 21   0.496449
20 22   0.496449
20 23   0.496449
20 24   0.496449
20 25   0.496449
20 26   0.496449
20 27   0.496449
20 28   0.496449
20 29   0.496449
20 30   0.496449
20 31   0.496449
20 32   0.496449
20 33   0.496449
20 34   0.496449
20 35   0.496449
20 36   0.496449
20 37   0.496449
20 38   0.496449
20 39   0.496449
20 40   0.496449
21 1   0.500771
21 2   0.500771
21 3   0.500771
21 4   0.500771
21 5   0.500771
21 6   0.500771
21 7   0.500771
21 8   0.500771
21 9   0.500771
21 10   0.500771
21 11   0.500771
21 12   0.500771
21 13   0.500771
21 14   0.500771
21 15   0.500771
21 16   0.500771
21 17   0.500771
21 18   0.500771
21 19   0.500771
21 20   0.500771
21 21   0.500771
21 22   0.500771
21 23   0.500771
21 24   0.500771
21 25   0.500771
21 26   0.500771
21 27   0.500771
21 28   0.500771
21 29   0.500771
21 30   0.500771
21 31   0.500771
21 32   0.500771
21 33   0.500771
21 34   0.500771
21 35   0.500771
21 36   0.500771
21 37   0.500771
21 38   0.500771
21 39   0.500771
21 40   0.500771
22 1   0.502447
22 2   0.502447
22 3   0.502447
22 4   0.502447
22 5   0.502447
22 6   0.502447
22 7   0.502447
22 8   0.502447
22 9   0.502447
22 10   0.502447
22 11   0.502447
22 12   0.502447
22 13   0.502447
22 14   0.502447
22 15   0.502447
22 16   0.502447
22 17   0.502447
22 18   0.502447
22 19   0.502447
22 20   0.502447
22 21   0.502447
22 22   0.502447
22 23   0.502447
22 24   0.502447
22 25   0.502447
22 26   0.502447
22 27   0.502447
22 28   0.502447
22 29   0.502447
22 30   0.502447
22 31   0.502447
22 32   0.502447
22 33   0.502447
22 34   0.502447
22 35   0.502447
22 36   0.502447
22 37   0.502447
22 38   0.502447
22 39   0.502447
22 40   0.502447
23 1   0.502358
23 2   0.502358
23 3   0.502358
23 4   0.502358
23 5   0.502358
23 6   0.502358
23 7   0.502358
23 8   0.502358
23 9   0.502358
23 10   0.502358
23 11   0.502358
23 12   0.502358
23 13   0.502358
23 14   0.502358
23 15   0.502358
23 16   0.502358
23 17   0.502358
23 18   0.502358
23 19   0.502358
23 20   0.502358
23 21   0.502358
23 22   0.502358
23 23   0.502358
23 24   0.502358
23 25   0.502358
23 26   0.502358
23 27   0.502358
23 28   0.502358
23 29   0.502358
23 30   0.502358
23 31   0.502358
23 32   0.502358
23 33   0.502358
23 34   0.502358
23 35   0.502358
23 36   0.502358
23 37   0.502358
23 38   0.502358
23 39   0.502358
23 40   0.502358
24 1   0.503285
24 2   0.503285
24 3   0.503285
24 4   0.503285
24 5   0.503285
24 6   0.503285
24 7   0.503285
24 8   0.503285
24 9   0.503285
24 10   0.503285
24 11   0.503285
24 12   0.503285
24 13   0.503285
24 14   0.503285
24 15   0.503285
24 16   0.503285
24 17   0.503285
24 18   0.503285
24 19   0.503285
24 20   0.503285
24 21   0.503285
24 22   0.503285
24 23   0.503285
24 24   0.503285
24 25   0.503285
24 26   0.503285
24 27   0.503285
24 28   0.503285
24 29   0.503285
24 30   0.503285
24 31   0.503285
24 32   0.503285
24 33   0.503285
24 34   0.503285
24 35   0.503285
24 36   0.503285
24 37   0.503285
24 38   0.503285
24 39   0.503285
24 40   0.503285
25 1   0.508606
25 2   0.508606
25 3   0.508606
25 4   0.508606
25 5   0.508606
25 6   0.508606
25 7   0.508606
25 8   0.508606
25 9   0.508606
25 10   0.508606
25 11   0.508606
25 12   0.508606
25 13   0.508606
25 14   0.508606
25 15   0.508606
25 16   0.508606
25 17   0.508606
25 18   0.508606
25 19   0.508606
25 20   0.508606
25 21   0.508606
25 22   0.508606
25 23   0.508606
25 24   0.508606
25 25   0.508606
25 26   0.508606
25 27   0.508606
25 28   0.508606
25 29   0.508606
25 30   0.508606
25 31   0.508606
25 32   0.508606
25 33   0.508606
25 34   0.508606
25 35   0.508606
25 36   0.508606
25 37   0.508606
25 38   0.508606
25 39   0.508606
25 40   0.508606
26 1   0.520288
26 2   0.520288
26 3   0.520288
26 4   0.520288
26 5   0.520288
26 6   0.520288
26 7   0.520288
26 8   0.520288
26 9   0.520288
26 10   0.520288
26 11   0.520288
26 12   0.520288
26 13   0.520288
26 14   0.520288
26 15   0.520288
26 16   0.520288
26 17   0.520288
26 18   0.520288
26 19   0.520288
26 20   0.520288
26 21   0.520288
26 22   0.520288
26 23   0.520288
26 24   0.520288
26 25   0.520288
26 26   0.520288
26 27   0.520288
26 28   0.520288
26 29   0.520288
26 30   0.520288
26 31   0.520288
26 32   0.520288
26 33   0.520288
26 34   0.520288
26 35   0.520288
26 36   0.520288
26 37   0.520288
26 38   0.520288
26 39   0.520288
26 40   0.520288
27 1   0.537627
27 2   0.537627
27 3   0.537627
27 4   0.537627
27 5   0.537627
27 6   0.537627
27 7   0.537627
27 8   0.537627
27 9   0.537627
27 10   0.537627
27 11   0.537627
27 12   0.537627
27 13   0.537627
27 14   0.537627
27 15   0.537627
27 16   0.537627
27 17   0.537627
27 18   0.537627
27 19   0.537627
27 20   0.537627
27 21   0.537627
27 22   0.537627
27 23   0.537627
27 24   0.537627
27 25   0.537627
27 26   0.537627
27 27   0.537627
27 28   0.537627
27 29   0.537627
27 30   0.537627
27 31   0.537627
27 32   0.537627
27 33   0.537627
27 34   0.537627
27 35   0.537627
27 36   0.537627
27 37   0.537627
27 38   0.537627
27 39   0.537627
27 40   0.537627
28 1   0.557797
28 2   0.557797
28 3   0.557797
28 4   0.557797
28 5   0.557797
28 6   0.557797
28 7   0.557797
28 8   0.557797
28 9   0.557797
28 10   0.557797
28 11   0.557797
28 12   0.557797
28 13   0.557797
28 14   0.557797
28 15   0.557797
28 16   0.557797
28 17   0.557797
28 18   0.557797
28 19   0.557797
28 20   0.557797
28 21   0.557797
28 22   0.557797
28 23   0.557797
28 24   0.557797
28 25   0.557797
28 26   0.557797
28 27   0.557797
28 28   0.557797
28 29   0.557797
28 30   0.557797
28 31   0.557797
28 32   0.557797
28 33   0.557797
28 34   0.557797
28 35   0.557797
28 36   0.557797
28 37   0.557797
28 38   0.557797
28 39   0.557797
28 40   0.557797
29 1   0.577929
29 2   0.577929
29 3   0.577929
29 4   0.577929
29 5   0.577929
29 6   0.577929
29 7   0.577929
29 8   0.577929
29 9   0.577929
29 10   0.577929
29 11   0.577929
29 12   0.577929
29 13   0.577929
29 14   0.577929
29 15   0.577929
29 16   0.577929
29 17   0.577929
29 18   0.577929
29 19   0.577929
29 20   0.577929
29 21   0.577929
29 22   0.577929
29 23   0.577929
29 24   0.577929
29 25   0.577929
29 26   0.577929
29 27   0.577929
29 28   0.577929
29 29   0.577929
29 30   0.577929
29 31   0.577929
29 32   0.577929
29 33   0.577929
29 34   0.577929
29 35   0.577929
29 36   0.577929
29 37   0.577929
29 38   0.577929
29 39   0.577929
29 40   0.577929
30 1   0.597323
30 2   0.597323
30 3   0.597323
30 4   0.597323
30 5   0.597323
30 6   0.597323
30 7   0.597323
30 8   0.597323
30 9   0.597323
30 10   0.597323
30 11   0.597323
30 12   0.597323
30 13   0.597323
30 14   0.597323
30 15   0.597323
30 16   0.597323
30 17   0.597323
30 18   0.597323
30 19   0.597323
30 20   0.597323
30 21   0.597323
30 22   0.597323
30 23   0.597323
30 24   0.597323
30 25   0.597323
30 26   0.597323
30 27   0.597323
30 28   0.597323
30 29   0.597323
30 30   0.597323
30 31   0.597323
30 32   0.597323
30 33   0.597323
30 34   0.597323
30 35   0.597323
30 36   0.597323
30 37   0.597323
30 38   0.597323
30 39   0.597323
30 40   0.597323
31 1   0.618357
31 2   0.618357
31 3   0.618357
31 4   0.618357
31 5   0.618357
31 6   0.618357
31 7   0.618357
31 8   0.618357
31 9   0.618357
31 10   0.618357
31 11   0.618357
31 12   0.618357
31 13   0.618357
31 14   0.618357
31 15   0.618357
31 16   0.618357
31 17   0.618357
31 18   0.618357
31 19   0.618357
31 20   0.618357
31 21   0.618357
31 22   0.618357
31 23   0.618357
31 24   0.618357
31 25   0.618357
31 26   0.618357
31 27   0.618357
31 28   0.618357
31 29   0.618357
31 30   0.618357
31 31   0.618357
31 32   0.618357
31 33   0.618357
31 34   0.618357
31 35   0.618357
31 36   0.618357
31 37   0.618357
31 38   0.618357
31 39   0.618357
31 40   0.618357
32 1   0.645623
32 2   0.645623
32 3   0.645623
32 4   0.645623
32 5   0.645623
32 6   0.645623
32 7   0.645623
32 8   0.645623
32 9   0.645623
32 10   0.645623
32 11   0.645623
32 12   0.645623
32 13   0.645623
32 14   0.645623
32 15   0.645623
32 16   0.645623
32 17   0.645623
32 18   0.645623
32 19   0.645623
32 20   0.645623
32 21   0.645623
32 22   0.645623
32 23   0.645623
32 24   0.645623
32 25   0.645623
32 26   0.645623
32 27   0.645623
32 28   0.645623
32 29   0.645623
32 30   0.645623
32 31   0.645623
32 32   0.645623
32 33   0.645623
32 34   0.645623
32 35   0.645623
32 36   0.645623
32 37   0.645623
32 38   0.645623
32 39   0.645623
32 40   0.645623
33 1   0.683888
33 2   0.683888
33 3   0.683888
33 4   0.683888
33 5   0.683888
33 6   0.683888
33 7   0.683888
33 8   0.683888
33 9   0.683888
33 10   0.683888
33 11   0.683888
33 12   0.683888
33 13   0.683888
33 14   0.683888
33 15   0.683888
33 16   0.683888
33 17   0.683888
33 18   0.683888
33 19   0.683888
33 20   0.683888
33 21   0.683888
33 22   0.683888
33 23   0.683888
33 24   0.683888
33 25   0.683888
33 26   0.683888
33 27   0.683888
33 28   0.683888
33 29   0.683888
33 30   0.683888
33 31   0.683888
33 32   0.683888
33 33   0.683888
33 34   0.683888
33 35   0.683888
33 36   0.683888
33 37   0.683888
33 38   0.683888
33 39   0.683888
33 40   0.683888
34 1   0.735937
34 2   0.735937
34 3   0.735937
34 4   0.735937
34 5   0.735937
34 6   0.735937
34 7   0.735937
34 8   0.735937
34 9   0.735937
34 10   0.735937
34 11   0.735937
34 12   0.735937
34 13   0.735937
34 14   0.735937
34 15   0.735937
34 16   0.735937
34 17   0.735937
34 18   0.735937
34 19   0.735937
34 20   0.735937
34 21   0.735937
34 22   0.735937
34 23   0.735937
34 24   0.735937
34 25   0.735937
34 26   0.735937
34 27   0.735937
34 28   0.735937
34 29   0.735937
34 30   0.735937
34 31   0.735937
34 32   0.735937
34 33   0.735937
34 34   0.735937
34 35   0.735937
34 36   0.735937
34 37   0.735937
34 38   0.735937
34 39   0.735937
34 40   0.735937
35 1   0.801164
35 2   0.801164
35 3   0.801164
35 4   0.801164
35 5   0.801164
35 6   0.801164
35 7   0.801164
35 8   0.801164
35 9   0.801164
35 10   0.801164
35 11   0.801164
35 12   0.801164
35 13   0.801164
35 14   0.801164
35 15   0.801164
35 16   0.801164
35 17   0.801164
35 18   0.801164
35 19   0.801164
35 20   0.801164
35 21   0.801164
35 22   0.801164
35 23   0.801164
35 24   0.801164
35 25   0.801164
35 26   0.801164
35 27   0.801164
35 28   0.801164
35 29   0.801164
35 30   0.801164
35 31   0.801164
35 32   0.801164
35 33   0.801164
35 34   0.801164
35 35   0.801164
35 36   0.801164
35 37   0.801164
35 38   0.801164
35 39   0.801164
35 40   0.801164
36 1   0.875249
36 2   0.875249
36 3   0.875249
36 4   0.875249
36 5   0.875249
36 6   0.875249
36 7   0.875249
36 8   0.875249
36 9   0.875249
36 10   0.875249
36 11   0.875249
36 12   0.875249
36 13   0.875249
36 14   0.875249
36 15   0.875249
36 16   0.875249
36 17   0.875249
36 18   0.875249
36 19   0.875249
36 20   0.875249
36 21   0.875249
36 22   0.875249
36 23   0.875249
36 24   0.875249
36 25   0.875249
36 26   0.875249
36 27   0.875249
36 28   0.875249
36 29   0.875249
36 30   0.875249
36 31   0.875249
36 32   0.875249
36 33   0.875249
36 34   0.875249
36 35   0.875249
36 36   0.875249
36 37   0.875249
36 38   0.875249
36 39   0.875249
36 40   0.875249
37 1   0.950814
37 2   0.950814
37 3   0.950814
37 4   0.950814
37 5   0.950814
37 6   0.950814
37 7   0.950814
37 8   0.950814
37 9   0.950814
37 10   0.950814
37 11   0.950814
37 12   0.950814
37 13   0.950814
37 14   0.950814
37 15   0.950814
37 16   0.950814
37 17   0.950814
37 18   0.950814
37 19   0.950814
37 20   0.950814
37 21   0.950814
37 22   0.950814
37 23   0.950814
37 24   0.950814
37 25   0.950814
37 26   0.950814
37 27   0.950814
37 28   0.950814
37 29   0.950814
37 30   0.950814
37 31   0.950814
37 32   0.950814
37 33   0.950814
37 34   0.950814
37 35   0.950814
37 36   0.950814
37 37   0.950814
37 38   0.950814
37 39   0.950814
37 40   0.950814
38 1   1.0188
38 2   1.0188
38 3   1.0188
38 4   1.0188
38 5   1.0188
38 6   1.0188
38 7   1.0188
38 8   1.0188
38 9   1.0188
38 10   1.0188
38 11   1.0188
38 12   1.0188
38 13   1.0188
38 14   1.0188
38 15   1.0188
38 16   1.0188
38 17   1.0188
38 18   1.0188
38 19   1.0188
38 20   1.0188
38 21   1.0188
38 22   1.0188
38 23   1.0188
38 24   1.0188
38 25   1.0188
38 26   1.0188
38 27   1.0188
38 28   1.0188
38 29   1.0188
38 30   1.0188
38 31   1.0188
38 32   1.0188
38 33   1.0188
38 34   1.0188
38 35   1.0188
38 36   1.0188
38 37   1.0188
38 38   1.0188
38 39   1.0188
38 40   1.0188
39 1   1.07021
39 2   1.07021
39 3   1.07021
39 4   1.07021
39 5   1.07021
39 6   1.07021
39 7   1.07021
39 8   1.07021
39 9   1.07021
39 10   1.07021
39 11   1.07021
39 12   1.07021
39 13   1.07021
39 14   1.07021
39 15   1.07021
39 16   1.07021
39 17   1.07021
39 18   1.07021
39 19   1.07021
39 20   1.07021
39 21   1.07021
39 22   1.07021
39 23   1.07021
39 24   1.07021
39 25   1.07021
39 26   1.07021
39 27   1.07021
39 28   1.07021
39 29   1.07021
39 30   1.07021
39 31   1.07021
39 32   1.07021
39 33   1.07021
39 34   1.07021
39 35   1.07021
39 36   1.07021
39 37   1.07021
39 38   1.07021
39 39   1.07021
39 40   1.07021
40 1   1.09789
40 2   1.09789
40 3   1.09789
40 4   1.09789
40 5   1.09789
40 6   1.09789
40 7   1.09789
40 8   1.09789
40 9   1.09789
40 10   1.09789
40 11   1.09789
40 12   1.09789
40 13   1.09789
40 14   1.09789
40 15   1.09789
40 16   1.09789
40 17   1.09789
40 18   1.09789
40 19   1.09789
40 20   1.09789
40 21   1.09789
40 22   1.09789
40 23   1.09789
40 24   1.09789
40 25   1.09789
40 26   1.09789
40 27   1.09789
40 28   1.09789
40 29   1.09789
40 30   1.09789
40 31   1.09789
40 32   1.09789
40 33   1.09789
40 34   1.09789
40 35   1.09789
40 36   1.09789
40 37   1.09789
40 38   1.09789
40 39   1.09789
40 40   1.09789
