1 1   0.763537
1 2   0.763537
1 3   0.763537
1 4   0.763537
1 5   0.763537
1 6   0.763537
1 7   0.763537
1 8   0.763537
1 9   0.763537
1 10   0.763537
1 11   0.763537
1 12   0.763537
1 13   0.763537
1 14   0.763537
1 15   0.763537
1 16   0.763537
1 17   0.763537
1 18   0.763537
1 19   0.763537
1 20   0.763537
1 21   0.763537
1 22   0.763537
1 23   0.763537
1 24   0.763537
1 25   0.763537
1 26   0.763537
1 27   0.763537
1 28   0.763537
1 29   0.763537
1 30   0.763537
1 31   0.763537
1 32   0.763537
1 33   0.763537
1 34   0.763537
1 35   0.763537
1 36   0.763537
1 37   0.763537
1 38   0.763537
1 39   0.763537
1 40   0.763537
2 1   0.744158
2 2   0.744158
2 3   0.744158
2 4   0.744158
2 5   0.744158
2 6   0.744158
2 7   0.744158
2 8   0.744158
2 9   0.744158
2 10   0.744158
2 11   0.744158
2 12   0.744158
2 13   0.744158
2 14   0.744158
2 15   0.744158
2 16   0.744158
2 17   0.744158
2 18   0.744158
2 19   0.744158
2 20   0.744158
2 21   0.744158
2 22   0.744158
2 23   0.744158
2 24   0.744158
2 25   0.744158
2 26   0.744158
2 27   0.744158
2 28   0.744158
2 29   0.744158
2 30   0.744158
2 31   0.744158
2 32   0.744158
2 33   0.744158
2 34   0.744158
2 35   0.744158
2 36   0.744158
2 37   0.744158
2 38   0.744158
2 39   0.744158
2 40   0.744158
3 1   0.703023
3 2   0.703023
3 3   0.703023
3 4   0.703023
3 5   0.703023
3 6   0.703023
3 7   0.703023
3 8   0.703023
3 9   0.703023
3 10   0.703023
3 11   0.703023
3 12   0.703023
3 13   0.703023
3 14   0.703023
3 15   0.703023
3 16   0.703023
3 17   0.703023
3 18   0.703023
3 19   0.703023
3 20   0.703023
3 21   0.703023
3 22   0.703023
3 23   0.703023
3 24   0.703023
3 25   0.703023
3 26   0.703023
3 27   0.703023
3 28   0.703023
3 29   0.703023
3 30   0.703023
3 31   0.703023
3 32   0.703023
3 33   0.703023
3 34   0.703023
3 35   0.703023
3 36   0.703023
3 37   0.703023
3 38   0.703023
3 39   0.703023
3 40   0.703023
4 1   0.642482
4 2   0.642482
4 3   0.642482
4 4   0.642482
4 5   0.642482
4 6   0.642482
4 7   0.642482
4 8   0.642482
4 9   0.642482
4 10   0.642482
4 11   0.642482
4 12   0.642482
4 13   0.642482
4 14   0.642482
4 15   0.642482
4 16   0.642482
4 17   0.642482
4 18   0.642482
4 19   0.642482
4 20   0.642482
4 21   0.642482
4 22   0.642482
4 23   0.642482
4 24   0.642482
4 25   0.642482
4 26   0.642482
4 27   0.642482
4 28   0.642482
4 29   0.642482
4 30   0.642482
4 31   0.642482
4 32   0.642482
4 33   0.642482
4 34   0.642482
4 35   0.642482
4 36   0.642482
4 37   0.642482
4 38   0.642482
4 39   0.642482
4 40   0.642482
5 1   0.573381
5 2   0.573381
5 3   0.573381
5 4   0.573381
5 5   0.573381
5 6   0.573381
5 7   0.573381
5 8   0.573381
5 9   0.573381
5 10   0.573381
5 11   0.573381
5 12   0.573381
5 13   0.573381
5 14   0.573381
5 15   0.573381
5 16   0.573381
5 17   0.573381
5 18   0.573381
5 19   0.573381
5 20   0.573381
5 21   0.573381
5 22   0.573381
5 23   0.573381
5 24   0.573381
5 25   0.573381
5 26   0.573381
5 27   0.573381
5 28   0.573381
5 29   0.573381
5 30   0.573381
5 31   0.573381
5 32   0.573381
5 33   0.573381
5 34   0.573381
5 35   0.573381
5 36   0.573381
5 37   0.573381
5 38   0.573381
5 39   0.573381
5 40   0.573381
6 1   0.510203
6 2   0.510203
6 3   0.510203
6 4   0.510203
6 5   0.510203
6 6   0.510203
6 7   0.510203
6 8   0.510203
6 9   0.510203
6 10   0.510203
6 11   0.510203
6 12   0.510203
6 13   0.510203
6 14   0.510203
6 15   0.510203
6 16   0.510203
6 17   0.510203
6 18   0.510203
6 19   0.510203
6 20   0.510203
6 21   0.510203
6 22   0.510203
6 23   0.510203
6 24   0.510203
6 25   0.510203
6 26   0.510203
6 27   0.510203
6 28   0.510203
6 29   0.510203
6 30   0.510203
6 31   0.510203
6 32   0.510203
6 33   0.510203
6 34   0.510203
6 35   0.510203
6 36   0.510203
6 37   0.510203
6 38   0.510203
6 39   0.510203
6 40   0.510203
7 1   0.463858
7 2   0.463858
7 3   0.463858
7 4   0.463858
7 5   0.463858
7 6   0.463858
7 7   0.463858
7 8   0.463858
7 9   0.463858
7 10   0.463858
7 11   0.463858
7 12   0.463858
7 13   0.463858
7 14   0.463858
7 15   0.463858
7 16   0.463858
7 17   0.463858
7 18   0.463858
7 19   0.463858
7 20   0.463858
7 21   0.463858
7 22   0.463858
7 23   0.463858
7 24   0.463858
7 25   0.463858
7 26   0.463858
7 27   0.463858
7 28   0.463858
7 29   0.463858
7 30   0.463858
7 31   0.463858
7 32   0.463858
7 33   0.463858
7 34   0.463858
7 35   0.463858
7 36   0.463858
7 37   0.463858
7 38   0.463858
7 39   0.463858
7 40   0.463858
8 1   0.438768
8 2   0.438768
8 3   0.438768
8 4   0.438768
8 5   0.438768
8 6   0.438768
8 7   0.438768
8 8   0.438768
8 9   0.438768
8 10   0.438768
8 11   0.438768
8 12   0.438768
8 13   0.438768
8 14   0.438768
8 15   0.438768
8 16   0.438768
8 17   0.438768
8 18   0.438768
8 19   0.438768
8 20   0.438768
8 21   0.438768
8 22   0.438768
8 23   0.438768
8 24   0.438768
8 25   0.438768
8 26   0.438768
8 27   0.438768
8 28   0.438768
8 29   0.438768
8 30   0.438768
8 31   0.438768
8 32   0.438768
8 33   0.438768
8 34   0.438768
8 35   0.438768
8 36   0.438768
8 37   0.438768
8 38   0.438768
8 39   0.438768
8 40   0.438768
9 1   0.434328
9 2   0.434328
9 3   0.434328
9 4   0.434328
9 5   0.434328
9 6   0.434328
9 7   0.434328
9 8   0.434328
9 9   0.434328
9 10   0.434328
9 11   0.434328
9 12   0.434328
9 13   0.434328
9 14   0.434328
9 15   0.434328
9 16   0.434328
9 17   0.434328
9 18   0.434328
9 19   0.434328
9 20   0.434328
9 21   0.434328
9 22   0.434328
9 23   0.434328
9 24   0.434328
9 25   0.434328
9 26   0.434328
9 27   0.434328
9 28   0.434328
9 29   0.434328
9 30   0.434328
9 31   0.434328
9 32   0.434328
9 33   0.434328
9 34   0.434328
9 35   0.434328
9 36   0.434328
9 37   0.434328
9 38   0.434328
9 39   0.434328
9 40   0.434328
10 1   0.447631
10 2   0.447631
10 3   0.447631
10 4   0.447631
10 5   0.447631
10 6   0.447631
10 7   0.447631
10 8   0.447631
10 9   0.447631
10 10   0.447631
10 11   0.447631
10 12   0.447631
10 13   0.447631
10 14   0.447631
10 15   0.447631
10 16   0.447631
10 17   0.447631
10 18   0.447631
10 19   0.447631
10 20   0.447631
10 21   0.447631
10 22   0.447631
10 23   0.447631
10 24   0.447631
10 25   0.447631
10 26   0.447631
10 27   0.447631
10 28   0.447631
10 29   0.447631
10 30   0.447631
10 31   0.447631
10 32   0.447631
10 33   0.447631
10 34   0.447631
10 35   0.447631
10 36   0.447631
10 37   0.447631
10 38   0.447631
10 39   0.447631
10 40   0.447631
11 1   0.473998
11 2   0.473998
11 3   0.473998
11 4   0.473998
11 5   0.473998
11 6   0.473998
11 7   0.473998
11 8   0.473998
11 9   0.473998
11 10   0.473998
11 11   0.473998
11 12   0.473998
11 13   0.473998
11 14   0.473998
11 15   0.473998
11 16   0.473998
11 17   0.473998
11 18   0.473998
11 19   0.473998
11 20   0.473998
11 21   0.473998
11 22   0.473998
11 23   0.473998
11 24   0.473998
11 25   0.473998
11 26   0.473998
11 27   0.473998
11 28   0.473998
11 29   0.473998
11 30   0.473998
11 31   0.473998
11 32   0.473998
11 33   0.473998
11 34   0.473998
11 35   0.473998
11 36   0.473998
11 37   0.473998
11 38   0.473998
11 39   0.473998
11 40   0.473998
12 1   0.505083
12 2   0.505083
12 3   0.505083
12 4   0.505083
12 5   0.505083
12 6   0.505083
12 7   0.505083
12 8   0.505083
12 9   0.505083
12 10   0.505083
12 11   0.505083
12 12   0.505083
12 13   0.505083
12 14   0.505083
12 15   0.505083
12 16   0.505083
12 17   0.505083
12 18   0.505083
12 19   0.505083
12 20   0.505083
12 21   0.505083
12 22   0.505083
12 23   0.505083
12 24   0.505083
12 25   0.505083
12 26   0.505083
12 27   0.505083
12 28   0.505083
12 29   0.505083
12 30   0.505083
12 31   0.505083
12 32   0.505083
12 33   0.505083
12 34   0.505083
12 35   0.505083
12 36   0.505083
12 37   0.505083
12 38   0.505083
12 39   0.505083
12 40   0.505083
13 1   0.52926
13 2   0.52926
13 3   0.52926
13 4   0.52926
13 5   0.52926
13 6   0.52926
13 7   0.52926
13 8   0.52926
13 9   0.52926
13 10   0.52926
13 11   0.52926
13 12   0.52926
13 13   0.52926
13 14   0.52926
13 15   0.52926
13 16   0.52926
13 17   0.52926
13 18   0.52926
13 19   0.52926
13 20   0.52926
13 21   0.52926
13 22   0.52926
13 23   0.52926
13 24   0.52926
13 25   0.52926
13 26   0.52926
13 27   0.52926
13 28   0.52926
13 29   0.52926
13 30   0.52926
13 31   0.52926
13 32   0.52926
13 33   0.52926
13 34   0.52926
13 35   0.52926
13 36   0.52926
13 37   0.52926
13 38   0.52926
13 39   0.52926
13 40   0.52926
14 1   0.536513
14 2   0.536513
14 3   0.536513
14 4   0.536513
14 5   0.536513
14 6   0.536513
14 7   0.536513
14 8   0.536513
14 9   0.536513
14 10   0.536513
14 11   0.536513
14 12   0.536513
14 13   0.536513
14 14   0.536513
14 15   0.536513
14 16   0.536513
14 17   0.536513
14 18   0.536513
14 19   0.536513
14 20   0.536513
14 21   0.536513
14 22   0.536513
14 23   0.536513
14 24   0.536513
14 25   0.536513
14 26   0.536513
14 27   0.536513
14 28   0.536513
14 29   0.536513
14 30   0.536513
14 31   0.536513
14 32   0.536513
14 33   0.536513
14 34   0.536513
14 35   0.536513
14 36   0.536513
14 37   0.536513
14 38   0.536513
14 39   0.536513
14 40   0.536513
15 1   0.52407
15 2   0.52407
15 3   0.52407
15 4   0.52407
15 5   0.52407
15 6   0.52407
15 7   0.52407
15 8   0.52407
15 9   0.52407
15 10   0.52407
15 11   0.52407
15 12   0.52407
15 13   0.52407
15 14   0.52407
15 15   0.52407
15 16   0.52407
15 17   0.52407
15 18   0.52407
15 19   0.52407
15 20   0.52407
15 21   0.52407
15 22   0.52407
15 23   0.52407
15 24   0.52407
15 25   0.52407
15 26   0.52407
15 27   0.52407
15 28   0.52407
15 29   0.52407
15 30   0.52407
15 31   0.52407
15 32   0.52407
15 33   0.52407
15 34   0.52407
15 35   0.52407
15 36   0.52407
15 37   0.52407
15 38   0.52407
15 39   0.52407
15 40   0.52407
16 1   0.499001
16 2   0.499001
16 3   0.499001
16 4   0.499001
16 5   0.499001
16 6   0.499001
16 7   0.499001
16 8   0.499001
16 9   0.499001
16 10   0.499001
16 11   0.499001
16 12   0.499001
16 13   0.499001
16 14   0.499001
16 15   0.499001
16 16   0.499001
16 17   0.499001
16 18   0.499001
16 19   0.499001
16 20   0.499001
16 21   0.499001
16 22   0.499001
16 23   0.499001
16 24   0.499001
16 25   0.499001
16 26   0.499001
16 27   0.499001
16 28   0.499001
16 29   0.499001
16 30   0.499001
16 31   0.499001
16 32   0.499001
16 33   0.499001
16 34   0.499001
16 35   0.499001
16 36   0.499001
16 37   0.499001
16 38   0.499001
16 39   0.499001
16 40   0.499001
17 1   0.476346
17 2   0.476346
17 3   0.476346
17 4   0.476346
17 5   0.476346
17 6   0.476346
17 7   0.476346
17 8   0.476346
17 9   0.476346
17 10   0.476346
17 11   0.476346
17 12   0.476346
17 13   0.476346
17 14   0.476346
17 15   0.476346
17 16   0.476346
17 17   0.476346
17 18   0.476346
17 19   0.476346
17 20   0.476346
17 21   0.476346
17 22   0.476346
17 23   0.476346
17 24   0.476346
17 25   0.476346
17 26   0.476346
17 27   0.476346
17 28   0.476346
17 29   0.476346
17 30   0.476346
17 31   0.476346
17 32   0.476346
17 33   0.476346
17 34   0.476346
17 35   0.476346
17 36   0.476346
17 37   0.476346
17 38   0.476346
17 39   0.476346
17 40   0.476346
18 1   0.47114
18 2   0.47114
18 3   0.47114
18 4   0.47114
18 5   0.47114
18 6   0.47114
18 7   0.47114
18 8   0.47114
18 9   0.47114
18 10   0.47114
18 11   0.47114
18 12   0.47114
18 13   0.47114
18 14   0.47114
18 15   0.47114
18 16   0.47114
18 17   0.47114
18 18   0.47114
18 19   0.47114
18 20   0.47114
18 21   0.47114
18 22   0.47114
18 23   0.47114
18 24   0.47114
18 25   0.47114
18 26   0.47114
18 27   0.47114
18 28   0.47114
18 29   0.47114
18 30   0.47114
18 31   0.47114
18 32   0.47114
18 33   0.47114
18 34   0.47114
18 35   0.47114
18 36   0.47114
18 37   0.47114
18 38   0.47114
18 39   0.47114
18 40   0.47114
19 1   0.48725
19 2   0.48725
19 3   0.48725
19 4   0.48725
19 5   0.48725
19 6   0.48725
19 7   0.48725
19 8   0.48725
19 9   0.48725
19 10   0.48725
19 11   0.48725
19 12   0.48725
19 13   0.48725
19 14   0.48725
19 15   0.48725
19 16   0.48725
19 17   0.48725
19 18   0.48725
19 19   0.48725
19 20   0.48725
19 21   0.48725
19 22   0.48725
19 23   0.48725
19 24   0.48725
19 25   0.48725
19 26   0.48725
19 27   0.48725
19 28   0.48725
19 29   0.48725
19 30   0.48725
19 31   0.48725
19 32   0.48725
19 33   0.48725
19 34   0.48725
19 35   0.48725
19 36   0.48725
19 37   0.48725
19 38   0.48725
19 39   0.48725
19 40   0.48725
20 1   0.512881
20 2   0.512881
20 3   0.512881
20 4   0.512881
20 5   0.512881
20 6   0.512881
20 7   0.512881
20 8   0.512881
20 9   0.512881
20 10   0.512881
20 11   0.512881
20 12   0.512881
20 13   0.512881
20 14   0.512881
20 15   0.512881
20 16   0.512881
20 17   0.512881
20 18   0.512881
20 19   0.512881
20 20   0.512881
20 21   0.512881
20 22   0.512881
20 23   0.512881
20 24   0.512881
20 25   0.512881
20 26   0.512881
20 27   0.512881
20 28   0.512881
20 29   0.512881
20 30   0.512881
20 31   0.512881
20 32   0.512881
20 33   0.512881
20 34   0.512881
20 35   0.512881
20 36   0.512881
20 37   0.512881
20 38   0.512881
20 39   0.512881
20 40   0.512881
21 1   0.528911
21 2   0.528911
21 3   0.528911
21 4   0.528911
21 5   0.528911
21 6   0.528911
21 7   0.528911
21 8   0.528911
21 9   0.528911
21 10   0.528911
21 11   0.528911
21 12   0.528911
21 13   0.528911
21 14   0.528911
21 15   0.528911
21 16   0.528911
21 17   0.528911
21 18   0.528911
21 19   0.528911
21 20   0.528911
21 21   0.528911
21 22   0.528911
21 23   0.528911
21 24   0.528911
21 25   0.528911
21 26   0.528911
21 27   0.528911
21 28   0.528911
21 29   0.528911
21 30   0.528911
21 31   0.528911
21 32   0.528911
21 33   0.528911
21 34   0.528911
21 35   0.528911
21 36   0.528911
21 37   0.528911
21 38   0.528911
21 39   0.528911
21 40   0.528911
22 1   0.523714
22 2   0.523714
22 3   0.523714
22 4   0.523714
22 5   0.523714
22 6   0.523714
22 7   0.523714
22 8   0.523714
22 9   0.523714
22 10   0.523714
22 11   0.523714
22 12   0.523714
22 13   0.523714
22 14   0.523714
22 15   0.523714
22 16   0.523714
22 17   0.523714
22 18   0.523714
22 19   0.523714
22 20   0.523714
22 21   0.523714
22 22   0.523714
22 23   0.523714
22 24   0.523714
22 25   0.523714
22 26   0.523714
22 27   0.523714
22 28   0.523714
22 29   0.523714
22 30   0.523714
22 31   0.523714
22 32   0.523714
22 33   0.523714
22 34   0.523714
22 35   0.523714
22 36   0.523714
22 37   0.523714
22 38   0.523714
22 39   0.523714
22 40   0.523714
23 1   0.501172
23 2   0.501172
23 3   0.501172
23 4   0.501172
23 5   0.501172
23 6   0.501172
23 7   0.501172
23 8   0.501172
23 9   0.501172
23 10   0.501172
23 11   0.501172
23 12   0.501172
23 13   0.501172
23 14   0.501172
23 15   0.501172
23 16   0.501172
23 17   0.501172
23 18   0.501172
23 19   0.501172
23 20   0.501172
23 21   0.501172
23 22   0.501172
23 23   0.501172
23 24   0.501172
23 25   0.501172
23 26   0.501172
23 27   0.501172
23 28   0.501172
23 29   0.501172
23 30   0.501172
23 31   0.501172
23 32   0.501172
23 33   0.501172
23 34   0.501172
23 35   0.501172
23 36   0.501172
23 37   0.501172
23 38   0.501172
23 39   0.501172
23 40   0.501172
24 1   0.476087
24 2   0.476087
24 3   0.476087
24 4   0.476087
24 5   0.476087
24 6   0.476087
24 7   0.476087
24 8   0.476087
24 9   0.476087
24 10   0.476087
24 11   0.476087
24 12   0.476087
24 13   0.476087
24 14   0.476087
24 15   0.476087
24 16   0.476087
24 17   0.476087
24 18   0.476087
24 19   0.476087
24 20   0.476087
24 21   0.476087
24 22   0.476087
24 23   0.476087
24 24   0.476087
24 25   0.476087
24 26   0.476087
24 27   0.476087
24 28   0.476087
24 29   0.476087
24 30   0.476087
24 31   0.476087
24 32   0.476087
24 33   0.476087
24 34   0.476087
24 35   0.476087
24 36   0.476087
24 37   0.476087
24 38   0.476087
24 39   0.476087
24 40   0.476087
25 1   0.46344
25 2   0.46344
25 3   0.46344
25 4   0.46344
25 5   0.46344
25 6   0.46344
25 7   0.46344
25 8   0.46344
25 9   0.46344
25 10   0.46344
25 11   0.46344
25 12   0.46344
25 13   0.46344
25 14   0.46344
25 15   0.46344
25 16   0.46344
25 17   0.46344
25 18   0.46344
25 19   0.46344
25 20   0.46344
25 21   0.46344
25 22   0.46344
25 23   0.46344
25 24   0.46344
25 25   0.46344
25 26   0.46344
25 27   0.46344
25 28   0.46344
25 29   0.46344
25 30   0.46344
25 31   0.46344
25 32   0.46344
25 33   0.46344
25 34   0.46344
25 35   0.46344
25 36   0.46344
25 37   0.46344
25 38   0.46344
25 39   0.46344
25 40   0.46344
26 1   0.470627
26 2   0.470627
26 3   0.470627
26 4   0.470627
26 5   0.470627
26 6   0.470627
26 7   0.470627
26 8   0.470627
26 9   0.470627
26 10   0.470627
26 11   0.470627
26 12   0.470627
26 13   0.470627
26 14   0.470627
26 15   0.470627
26 16   0.470627
26 17   0.470627
26 18   0.470627
26 19   0.470627
26 20   0.470627
26 21   0.470627
26 22   0.470627
26 23   0.470627
26 24   0.470627
26 25   0.470627
26 26   0.470627
26 27   0.470627
26 28   0.470627
26 29   0.470627
26 30   0.470627
26 31   0.470627
26 32   0.470627
26 33   0.470627
26 34   0.470627
26 35   0.470627
26 36   0.470627
26 37   0.470627
26 38   0.470627
26 39   0.470627
26 40   0.470627
27 1   0.495008
27 2   0.495008
27 3   0.495008
27 4   0.495008
27 5   0.495008
27 6   0.495008
27 7   0.495008
27 8   0.495008
27 9   0.495008
27 10   0.495008
27 11   0.495008
27 12   0.495008
27 13   0.495008
27 14   0.495008
27 15   0.495008
27 16   0.495008
27 17   0.495008
27 18   0.495008
27 19   0.495008
27 20   0.495008
27 21   0.495008
27 22   0.495008
27 23   0.495008
27 24   0.495008
27 25   0.495008
27 26   0.495008
27 27   0.495008
27 28   0.495008
27 29   0.495008
27 30   0.495008
27 31   0.495008
27 32   0.495008
27 33   0.495008
27 34   0.495008
27 35   0.495008
27 36   0.495008
27 37   0.495008
27 38   0.495008
27 39   0.495008
27 40   0.495008
28 1   0.526056
28 2   0.526056
28 3   0.526056
28 4   0.526056
28 5   0.526056
28 6   0.526056
28 7   0.526056
28 8   0.526056
28 9   0.526056
28 10   0.526056
28 11   0.526056
28 12   0.526056
28 13   0.526056
28 14   0.526056
28 15   0.526056
28 16   0.526056
28 17   0.526056
28 18   0.526056
28 19   0.526056
28 20   0.526056
28 21   0.526056
28 22   0.526056
28 23   0.526056
28 24   0.526056
28 25   0.526056
28 26   0.526056
28 27   0.526056
28 28   0.526056
28 29   0.526056
28 30   0.526056
28 31   0.526056
28 32   0.526056
28 33   0.526056
28 34   0.526056
28 35   0.526056
28 36   0.526056
28 37   0.526056
28 38   0.526056
28 39   0.526056
28 40   0.526056
29 1   0.551725
29 2   0.551725
29 3   0.551725
29 4   0.551725
29 5   0.551725
29 6   0.551725
29 7   0.551725
29 8   0.551725
29 9   0.551725
29 10   0.551725
29 11   0.551725
29 12   0.551725
29 13   0.551725
29 14   0.551725
29 15   0.551725
29 16   0.551725
29 17   0.551725
29 18   0.551725
29 19   0.551725
29 20   0.551725
29 21   0.551725
29 22   0.551725
29 23   0.551725
29 24   0.551725
29 25   0.551725
29 26   0.551725
29 27   0.551725
29 28   0.551725
29 29   0.551725
29 30   0.551725
29 31   0.551725
29 32   0.551725
29 33   0.551725
29 34   0.551725
29 35   0.551725
29 36   0.551725
29 37   0.551725
29 38   0.551725
29 39   0.551725
29 40   0.551725
30 1   0.564126
30 2   0.564126
30 3   0.564126
30 4   0.564126
30 5   0.564126
30 6   0.564126
30 7   0.564126
30 8   0.564126
30 9   0.564126
30 10   0.564126
30 11   0.564126
30 12   0.564126
30 13   0.564126
30 14   0.564126
30 15   0.564126
30 16   0.564126
30 17   0.564126
30 18   0.564126
30 19   0.564126
30 20   0.564126
30 21   0.564126
30 22   0.564126
30 23   0.564126
30 24   0.564126
30 25   0.564126
30 26   0.564126
30 27   0.564126
30 28   0.564126
30 29   0.564126
30 30   0.564126
30 31   0.564126
30 32   0.564126
30 33   0.564126
30 34   0.564126
30 35   0.564126
30 36   0.564126
30 37   0.564126
30 38   0.564126
30 39   0.564126
30 40   0.564126
31 1   0.559024
31 2   0.559024
31 3   0.559024
31 4   0.559024
31 5   0.559024
31 6   0.559024
31 7   0.559024
31 8   0.559024
31 9   0.559024
31 10   0.559024
31 11   0.559024
31 12   0.559024
31 13   0.559024
31 14   0.559024
31 15   0.559024
31 16   0.559024
31 17   0.559024
31 18   0.559024
31 19   0.559024
31 20   0.559024
31 21   0.559024
31 22   0.559024
31 23   0.559024
31 24   0.559024
31 25   0.559024
31 26   0.559024
31 27   0.559024
31 28   0.559024
31 29   0.559024
31 30   0.559024
31 31   0.559024
31 32   0.559024
31 33   0.559024
31 34   0.559024
31 35   0.559024
31 36   0.559024
31 37   0.559024
31 38   0.559024
31 39   0.559024
31 40   0.559024
32 1   0.53257
32 2   0.53257
32 3   0.53257
32 4   0.53257
32 5   0.53257
32 6   0.53257
32 7   0.53257
32 8   0.53257
32 9   0.53257
32 10   0.53257
32 11   0.53257
32 12   0.53257
32 13   0.53257
32 14   0.53257
32 15   0.53257
32 16   0.53257
32 17   0.53257
32 18   0.53257
32 19   0.53257
32 20   0.53257
32 21   0.53257
32 22   0.53257
32 23   0.53257
32 24   0.53257
32 25   0.53257
32 26   0.53257
32 27   0.53257
32 28   0.53257
32 29   0.53257
32 30   0.53257
32 31   0.53257
32 32   0.53257
32 33   0.53257
32 34   0.53257
32 35   0.53257
32 36   0.53257
32 37   0.53257
32 38   0.53257
32 39   0.53257
32 40   0.53257
33 1   0.482486
33 2   0.482486
33 3   0.482486
33 4   0.482486
33 5   0.482486
33 6   0.482486
33 7   0.482486
33 8   0.482486
33 9   0.482486
33 10   0.482486
33 11   0.482486
33 12   0.482486
33 13   0.482486
33 14   0.482486
33 15   0.482486
33 16   0.482486
33 17   0.482486
33 18   0.482486
33 19   0.482486
33 20   0.482486
33 21   0.482486
33 22   0.482486
33 23   0.482486
33 24   0.482486
33 25   0.482486
33 26   0.482486
33 27   0.482486
33 28   0.482486
33 29   0.482486
33 30   0.482486
33 31   0.482486
33 32   0.482486
33 33   0.482486
33 34   0.482486
33 35   0.482486
33 36   0.482486
33 37   0.482486
33 38   0.482486
33 39   0.482486
33 40   0.482486
34 1   0.412805
34 2   0.412805
34 3   0.412805
34 4   0.412805
34 5   0.412805
34 6   0.412805
34 7   0.412805
34 8   0.412805
34 9   0.412805
34 10   0.412805
34 11   0.412805
34 12   0.412805
34 13   0.412805
34 14   0.412805
34 15   0.412805
34 16   0.412805
34 17   0.412805
34 18   0.412805
34 19   0.412805
34 20   0.412805
34 21   0.412805
34 22   0.412805
34 23   0.412805
34 24   0.412805
34 25   0.412805
34 26   0.412805
34 27   0.412805
34 28   0.412805
34 29   0.412805
34 30   0.412805
34 31   0.412805
34 32   0.412805
34 33   0.412805
34 34   0.412805
34 35   0.412805
34 36   0.412805
34 37   0.412805
34 38   0.412805
34 39   0.412805
34 40   0.412805
35 1   0.335004
35 2   0.335004
35 3   0.335004
35 4   0.335004
35 5   0.335004
35 6   0.335004
35 7   0.335004
35 8   0.335004
35 9   0.335004
35 10   0.335004
35 11   0.335004
35 12   0.335004
35 13   0.335004
35 14   0.335004
35 15   0.335004
35 16   0.335004
35 17   0.335004
35 18   0.335004
35 19   0.335004
35 20   0.335004
35 21   0.335004
35 22   0.335004
35 23   0.335004
35 24   0.335004
35 25   0.335004
35 26   0.335004
35 27   0.335004
35 28   0.335004
35 29   0.335004
35 30   0.335004
35 31   0.335004
35 32   0.335004
35 33   0.335004
35 34   0.335004
35 35   0.335004
35 36   0.335004
35 37   0.335004
35 38   0.335004
35 39   0.335004
35 40   0.335004
36 1   0.262421
36 2   0.262421
36 3   0.262421
36 4   0.262421
36 5   0.262421
36 6   0.262421
36 7   0.262421
36 8   0.262421
36 9   0.262421
36 10   0.262421
36 11   0.262421
36 12   0.262421
36 13   0.262421
36 14   0.262421
36 15   0.262421
36 16   0.262421
36 17   0.262421
36 18   0.262421
36 19   0.262421
36 20   0.262421
36 21   0.262421
36 22   0.262421
36 23   0.262421
36 24   0.262421
36 25   0.262421
36 26   0.262421
36 27   0.262421
36 28   0.262421
36 29   0.262421
36 30   0.262421
36 31   0.262421
36 32   0.262421
36 33   0.262421
36 34   0.262421
36 35   0.262421
36 36   0.262421
36 37   0.262421
36 38   0.262421
36 39   0.262421
36 40   0.262421
37 1   0.202677
37 2   0.202677
37 3   0.202677
37 4   0.202677
37 5   0.202677
37 6   0.202677
37 7   0.202677
37 8   0.202677
37 9   0.202677
37 10   0.202677
37 11   0.202677
37 12   0.202677
37 13   0.202677
37 14   0.202677
37 15   0.202677
37 16   0.202677
37 17   0.202677
37 18   0.202677
37 19   0.202677
37 20   0.202677
37 21   0.202677
37 22   0.202677
37 23   0.202677
37 24   0.202677
37 25   0.202677
37 26   0.202677
37 27   0.202677
37 28   0.202677
37 29   0.202677
37 30   0.202677
37 31   0.202677
37 32   0.202677
37 33   0.202677
37 34   0.202677
37 35   0.202677
37 36   0.202677
37 37   0.202677
37 38   0.202677
37 39   0.202677
37 40   0.202677
38 1   0.155887
38 2   0.155887
38 3   0.155887
38 4   0.155887
38 5   0.155887
38 6   0.155887
38 7   0.155887
38 8   0.155887
38 9   0.155887
38 10   0.155887
38 11   0.155887
38 12   0.155887
38 13   0.155887
38 14   0.155887
38 15   0.155887
38 16   0.155887
38 17   0.155887
38 18   0.155887
38 19   0.155887
38 20   0.155887
38 21   0.155887
38 22   0.155887
38 23   0.155887
38 24   0.155887
38 25   0.155887
38 26   0.155887
38 27   0.155887
38 28   0.155887
38 29   0.155887
38 30   0.155887
38 31   0.155887
38 32   0.155887
38 33   0.155887
38 34   0.155887
38 35   0.155887
38 36   0.155887
38 37   0.155887
38 38   0.155887
38 39   0.155887
38 40   0.155887
39 1   0.120783
39 2   0.120783
39 3   0.120783
39 4   0.120783
39 5   0.120783
39 6   0.120783
39 7   0.120783
39 8   0.120783
39 9   0.120783
39 10   0.120783
39 11   0.120783
39 12   0.120783
39 13   0.120783
39 14   0.120783
39 15   0.120783
39 16   0.120783
39 17   0.120783
39 18   0.120783
39 19   0.120783
39 20   0.120783
39 21   0.120783
39 22   0.120783
39 23   0.120783
39 24   0.120783
39 25   0.120783
39 26   0.120783
39 27   0.120783
39 28   0.120783
39 29   0.120783
39 30   0.120783
39 31   0.120783
39 32   0.120783
39 33   0.120783
39 34   0.120783
39 35   0.120783
39 36   0.120783
39 37   0.120783
39 38   0.120783
39 39   0.120783
39 40   0.120783
40 1   0.100664
40 2   0.100664
40 3   0.100664
40 4   0.100664
40 5   0.100664
40 6   0.100664
40 7   0.100664
40 8   0.100664
40 9   0.100664
40 10   0.100664
40 11   0.100664
40 12   0.100664
40 13   0.100664
40 14   0.100664
40 15   0.100664
40 16   0.100664
40 17   0.100664
40 18   0.100664
40 19   0.100664
40 20   0.100664
40 21   0.100664
40 22   0.100664
40 23   0.100664
40 24   0.100664
40 25   0.100664
40 26   0.100664
40 27   0.100664
40 28   0.100664
40 29   0.100664
40 30   0.100664
40 31   0.100664
40 32   0.100664
40 33   0.100664
40 34   0.100664
40 35   0.100664
40 36   0.100664
40 37   0.100664
40 38   0.100664
40 39   0.100664
40 40   0.100664
