1 1   0.985003
1 2   0.985003
1 3   0.985003
1 4   0.985003
1 5   0.985003
1 6   0.985003
1 7   0.985003
1 8   0.985003
1 9   0.985003
1 10   0.985003
1 11   0.985003
1 12   0.985003
1 13   0.985003
1 14   0.985003
1 15   0.985003
1 16   0.985003
1 17   0.985003
1 18   0.985003
1 19   0.985003
1 20   0.985003
1 21   0.985003
1 22   0.985003
1 23   0.985003
1 24   0.985003
1 25   0.985003
1 26   0.985003
1 27   0.985003
1 28   0.985003
1 29   0.985003
1 30   0.985003
1 31   0.985003
1 32   0.985003
1 33   0.985003
1 34   0.985003
1 35   0.985003
1 36   0.985003
1 37   0.985003
1 38   0.985003
1 39   0.985003
1 40   0.985003
2 1   0.994821
2 2   0.994821
2 3   0.994821
2 4   0.994821
2 5   0.994821
2 6   0.994821
2 7   0.994821
2 8   0.994821
2 9   0.994821
2 10   0.994821
2 11   0.994821
2 12   0.994821
2 13   0.994821
2 14   0.994821
2 15   0.994821
2 16   0.994821
2 17   0.994821
2 18   0.994821
2 19   0.994821
2 20   0.994821
2 21   0.994821
2 22   0.994821
2 23   0.994821
2 24   0.994821
2 25   0.994821
2 26   0.994821
2 27   0.994821
2 28   0.994821
2 29   0.994821
2 30   0.994821
2 31   0.994821
2 32   0.994821
2 33   0.994821
2 34   0.994821
2 35   0.994821
2 36   0.994821
2 37   0.994821
2 38   0.994821
2 39   0.994821
2 40   0.994821
3 1   1.00843
3 2   1.00843
3 3   1.00843
3 4   1.00843
3 5   1.00843
3 6   1.00843
3 7   1.00843
3 8   1.00843
3 9   1.00843
3 10   1.00843
3 11   1.00843
3 12   1.00843
3 13   1.00843
3 14   1.00843
3 15   1.00843
3 16   1.00843
3 17   1.00843
3 18   1.00843
3 19   1.00843
3 20   1.00843
3 21   1.00843
3 22   1.00843
3 23   1.00843
3 24   1.00843
3 25   1.00843
3 26   1.00843
3 27   1.00843
3 28   1.00843
3 29   1.00843
3 30   1.00843
3 31   1.00843
3 32   1.00843
3 33   1.00843
3 34   1.00843
3 35   1.00843
3 36   1.00843
3 37   1.00843
3 38   1.00843
3 39   1.00843
3 40   1.00843
4 1   1.01734
4 2   1.01734
4 3   1.01734
4 4   1.01734
4 5   1.01734
4 6   1.01734
4 7   1.01734
4 8   1.01734
4 9   1.01734
4 10   1.01734
4 11   1.01734
4 12   1.01734
4 13   1.01734
4 14   1.01734
4 15   1.01734
4 16   1.01734
4 17   1.01734
4 18   1.01734
4 19   1.01734
4 20   1.01734
4 21   1.01734
4 22   1.01734
4 23   1.01734
4 24   1.01734
4 25   1.01734
4 26   1.01734
4 27   1.01734
4 28   1.01734
4 29   1.01734
4 30   1.01734
4 31   1.01734
4 32   1.01734
4 33   1.01734
4 34   1.01734
4 35   1.01734
4 36   1.01734
4 37   1.01734
4 38   1.01734
4 39   1.01734
4 40   1.01734
5 1   1.01554
5 2   1.01554
5 3   1.01554
5 4   1.01554
5 5   1.01554
5 6   1.01554
5 7   1.01554
5 8   1.01554
5 9   1.01554
5 10   1.01554
5 11   1.01554
5 12   1.01554
5 13   1.01554
5 14   1.01554
5 15   1.01554
5 16   1.01554
5 17   1.01554
5 18   1.01554
5 19   1.01554
5 20   1.01554
5 21   1.01554
5 22   1.01554
5 23   1.01554
5 24   1.01554
5 25   1.01554
5 26   1.01554
5 27   1.01554
5 28   1.01554
5 29   1.01554
5 30   1.01554
5 31   1.01554
5 32   1.01554
5 33   1.01554
5 34   1.01554
5 35   1.01554
5 36   1.01554
5 37   1.01554
5 38   1.01554
5 39   1.01554
5 40   1.01554
6 1   1.00265
6 2   1.00265
6 3   1.00265
6 4   1.00265
6 5   1.00265
6 6   1.00265
6 7   1.00265
6 8   1.00265
6 9   1.00265
6 10   1.00265
6 11   1.00265
6 12   1.00265
6 13   1.00265
6 14   1.00265
6 15   1.00265
6 16   1.00265
6 17   1.00265
6 18   1.00265
6 19   1.00265
6 20   1.00265
6 21   1.00265
6 22   1.00265
6 23   1.00265
6 24   1.00265
6 25   1.00265
6 26   1.00265
6 27   1.00265
6 28   1.00265
6 29   1.00265
6 30   1.00265
6 31   1.00265
6 32   1.00265
6 33   1.00265
6 34   1.00265
6 35   1.00265
6 36   1.00265
6 37   1.00265
6 38   1.00265
6 39   1.00265
6 40   1.00265
7 1   0.983919
7 2   0.983919
7 3   0.983919
7 4   0.983919
7 5   0.983919
7 6   0.983919
7 7   0.983919
7 8   0.983919
7 9   0.983919
7 10   0.983919
7 11   0.983919
7 12   0.983919
7 13   0.983919
7 14   0.983919
7 15   0.983919
7 16   0.983919
7 17   0.983919
7 18   0.983919
7 19   0.983919
7 20   0.983919
7 21   0.983919
7 22   0.983919
7 23   0.983919
7 24   0.983919
7 25   0.983919
7 26   0.983919
7 27   0.983919
7 28   0.983919
7 29   0.983919
7 30   0.983919
7 31   0.983919
7 32   0.983919
7 33   0.983919
7 34   0.983919
7 35   0.983919
7 36   0.983919
7 37   0.983919
7 38   0.983919
7 39   0.983919
7 40   0.983919
8 1   0.967197
8 2   0.967197
8 3   0.967197
8 4   0.967197
8 5   0.967197
8 6   0.967197
8 7   0.967197
8 8   0.967197
8 9   0.967197
8 10   0.967197
8 11   0.967197
8 12   0.967197
8 13   0.967197
8 14   0.967197
8 15   0.967197
8 16   0.967197
8 17   0.967197
8 18   0.967197
8 19   0.967197
8 20   0.967197
8 21   0.967197
8 22   0.967197
8 23   0.967197
8 24   0.967197
8 25   0.967197
8 26   0.967197
8 27   0.967197
8 28   0.967197
8 29   0.967197
8 30   0.967197
8 31   0.967197
8 32   0.967197
8 33   0.967197
8 34   0.967197
8 35   0.967197
8 36   0.967197
8 37   0.967197
8 38   0.967197
8 39   0.967197
8 40   0.967197
9 1   0.958863
9 2   0.958863
9 3   0.958863
9 4   0.958863
9 5   0.958863
9 6   0.958863
9 7   0.958863
9 8   0.958863
9 9   0.958863
9 10   0.958863
9 11   0.958863
9 12   0.958863
9 13   0.958863
9 14   0.958863
9 15   0.958863
9 16   0.958863
9 17   0.958863
9 18   0.958863
9 19   0.958863
9 20   0.958863
9 21   0.958863
9 22   0.958863
9 23   0.958863
9 24   0.958863
9 25   0.958863
9 26   0.958863
9 27   0.958863
9 28   0.958863
9 29   0.958863
9 30   0.958863
9 31   0.958863
9 32   0.958863
9 33   0.958863
9 34   0.958863
9 35   0.958863
9 36   0.958863
9 37   0.958863
9 38   0.958863
9 39   0.958863
9 40   0.958863
10 1   0.960706
10 2   0.960706
10 3   0.960706
10 4   0.960706
10 5   0.960706
10 6   0.960706
10 7   0.960706
10 8   0.960706
10 9   0.960706
10 10   0.960706
10 11   0.960706
10 12   0.960706
10 13   0.960706
10 14   0.960706
10 15   0.960706
10 16   0.960706
10 17   0.960706
10 18   0.960706
10 19   0.960706
10 20   0.960706
10 21   0.960706
10 22   0.960706
10 23   0.960706
10 24   0.960706
10 25   0.960706
10 26   0.960706
10 27   0.960706
10 28   0.960706
10 29   0.960706
10 30   0.960706
10 31   0.960706
10 32   0.960706
10 33   0.960706
10 34   0.960706
10 35   0.960706
10 36   0.960706
10 37   0.960706
10 38   0.960706
10 39   0.960706
10 40   0.960706
11 1   0.969176
11 2   0.969176
11 3   0.969176
11 4   0.969176
11 5   0.969176
11 6   0.969176
11 7   0.969176
11 8   0.969176
11 9   0.969176
11 10   0.969176
11 11   0.969176
11 12   0.969176
11 13   0.969176
11 14   0.969176
11 15   0.969176
11 16   0.969176
11 17   0.969176
11 18   0.969176
11 19   0.969176
11 20   0.969176
11 21   0.969176
11 22   0.969176
11 23   0.969176
11 24   0.969176
11 25   0.969176
11 26   0.969176
11 27   0.969176
11 28   0.969176
11 29   0.969176
11 30   0.969176
11 31   0.969176
11 32   0.969176
11 33   0.969176
11 34   0.969176
11 35   0.969176
11 36   0.969176
11 37   0.969176
11 38   0.969176
11 39   0.969176
11 40   0.969176
12 1   0.97723
12 2   0.97723
12 3   0.97723
12 4   0.97723
12 5   0.97723
12 6   0.97723
12 7   0.97723
12 8   0.97723
12 9   0.97723
12 10   0.97723
12 11   0.97723
12 12   0.97723
12 13   0.97723
12 14   0.97723
12 15   0.97723
12 16   0.97723
12 17   0.97723
12 18   0.97723
12 19   0.97723
12 20   0.97723
12 21   0.97723
12 22   0.97723
12 23   0.97723
12 24   0.97723
12 25   0.97723
12 26   0.97723
12 27   0.97723
12 28   0.97723
12 29   0.97723
12 30   0.97723
12 31   0.97723
12 32   0.97723
12 33   0.97723
12 34   0.97723
12 35   0.97723
12 36   0.97723
12 37   0.97723
12 38   0.97723
12 39   0.97723
12 40   0.97723
13 1   0.97728
13 2   0.97728
13 3   0.97728
13 4   0.97728
13 5   0.97728
13 6   0.97728
13 7   0.97728
13 8   0.97728
13 9   0.97728
13 10   0.97728
13 11   0.97728
13 12   0.97728
13 13   0.97728
13 14   0.97728
13 15   0.97728
13 16   0.97728
13 17   0.97728
13 18   0.97728
13 19   0.97728
13 20   0.97728
13 21   0.97728
13 22   0.97728
13 23   0.97728
13 24   0.97728
13 25   0.97728
13 26   0.97728
13 27   0.97728
13 28   0.97728
13 29   0.97728
13 30   0.97728
13 31   0.97728
13 32   0.97728
13 33   0.97728
13 34   0.97728
13 35   0.97728
13 36   0.97728
13 37   0.97728
13 38   0.97728
13 39   0.97728
13 40   0.97728
14 1   0.963008
14 2   0.963008
14 3   0.963008
14 4   0.963008
14 5   0.963008
14 6   0.963008
14 7   0.963008
14 8   0.963008
14 9   0.963008
14 10   0.963008
14 11   0.963008
14 12   0.963008
14 13   0.963008
14 14   0.963008
14 15   0.963008
14 16   0.963008
14 17   0.963008
14 18   0.963008
14 19   0.963008
14 20   0.963008
14 21   0.963008
14 22   0.963008
14 23   0.963008
14 24   0.963008
14 25   0.963008
14 26   0.963008
14 27   0.963008
14 28   0.963008
14 29   0.963008
14 30   0.963008
14 31   0.963008
14 32   0.963008
14 33   0.963008
14 34   0.963008
14 35   0.963008
14 36   0.963008
14 37   0.963008
14 38   0.963008
14 39   0.963008
14 40   0.963008
15 1   0.929338
15 2   0.929338
15 3   0.929338
15 4   0.929338
15 5   0.929338
15 6   0.929338
15 7   0.929338
15 8   0.929338
15 9   0.929338
15 10   0.929338
15 11   0.929338
15 12   0.929338
15 13   0.929338
15 14   0.929338
15 15   0.929338
15 16   0.929338
15 17   0.929338
15 18   0.929338
15 19   0.929338
15 20   0.929338
15 21   0.929338
15 22   0.929338
15 23   0.929338
15 24   0.929338
15 25   0.929338
15 26   0.929338
15 27   0.929338
15 28   0.929338
15 29   0.929338
15 30   0.929338
15 31   0.929338
15 32   0.929338
15 33   0.929338
15 34   0.929338
15 35   0.929338
15 36   0.929338
15 37   0.929338
15 38   0.929338
15 39   0.929338
15 40   0.929338
16 1   0.872137
16 2   0.872137
16 3   0.872137
16 4   0.872137
16 5   0.872137
16 6   0.872137
16 7   0.872137
16 8   0.872137
16 9   0.872137
16 10   0.872137
16 11   0.872137
16 12   0.872137
16 13   0.872137
16 14   0.872137
16 15   0.872137
16 16   0.872137
16 17   0.872137
16 18   0.872137
16 19   0.872137
16 20   0.872137
16 21   0.872137
16 22   0.872137
16 23   0.872137
16 24   0.872137
16 25   0.872137
16 26   0.872137
16 27   0.872137
16 28   0.872137
16 29   0.872137
16 30   0.872137
16 31   0.872137
16 32   0.872137
16 33   0.872137
16 34   0.872137
16 35   0.872137
16 36   0.872137
16 37   0.872137
16 38   0.872137
16 39   0.872137
16 40   0.872137
17 1   0.789414
17 2   0.789414
17 3   0.789414
17 4   0.789414
17 5   0.789414
17 6   0.789414
17 7   0.789414
17 8   0.789414
17 9   0.789414
17 10   0.789414
17 11   0.789414
17 12   0.789414
17 13   0.789414
17 14   0.789414
17 15   0.789414
17 16   0.789414
17 17   0.789414
17 18   0.789414
17 19   0.789414
17 20   0.789414
17 21   0.789414
17 22   0.789414
17 23   0.789414
17 24   0.789414
17 25   0.789414
17 26   0.789414
17 27   0.789414
17 28   0.789414
17 29   0.789414
17 30   0.789414
17 31   0.789414
17 32   0.789414
17 33   0.789414
17 34   0.789414
17 35   0.789414
17 36   0.789414
17 37   0.789414
17 38   0.789414
17 39   0.789414
17 40   0.789414
18 1   0.683536
18 2   0.683536
18 3   0.683536
18 4   0.683536
18 5   0.683536
18 6   0.683536
18 7   0.683536
18 8   0.683536
18 9   0.683536
18 10   0.683536
18 11   0.683536
18 12   0.683536
18 13   0.683536
18 14   0.683536
18 15   0.683536
18 16   0.683536
18 17   0.683536
18 18   0.683536
18 19   0.683536
18 20   0.683536
18 21   0.683536
18 22   0.683536
18 23   0.683536
18 24   0.683536
18 25   0.683536
18 26   0.683536
18 27   0.683536
18 28   0.683536
18 29   0.683536
18 30   0.683536
18 31   0.683536
18 32   0.683536
18 33   0.683536
18 34   0.683536
18 35   0.683536
18 36   0.683536
18 37   0.683536
18 38   0.683536
18 39   0.683536
18 40   0.683536
19 1   0.562132
19 2   0.562132
19 3   0.562132
19 4   0.562132
19 5   0.562132
19 6   0.562132
19 7   0.562132
19 8   0.562132
19 9   0.562132
19 10   0.562132
19 11   0.562132
19 12   0.562132
19 13   0.562132
19 14   0.562132
19 15   0.562132
19 16   0.562132
19 17   0.562132
19 18   0.562132
19 19   0.562132
19 20   0.562132
19 21   0.562132
19 22   0.562132
19 23   0.562132
19 24   0.562132
19 25   0.562132
19 26   0.562132
19 27   0.562132
19 28   0.562132
19 29   0.562132
19 30   0.562132
19 31   0.562132
19 32   0.562132
19 33   0.562132
19 34   0.562132
19 35   0.562132
19 36   0.562132
19 37   0.562132
19 38   0.562132
19 39   0.562132
19 40   0.562132
20 1   0.436283
20 2   0.436283
20 3   0.436283
20 4   0.436283
20 5   0.436283
20 6   0.436283
20 7   0.436283
20 8   0.436283
20 9   0.436283
20 10   0.436283
20 11   0.436283
20 12   0.436283
20 13   0.436283
20 14   0.436283
20 15   0.436283
20 16   0.436283
20 17   0.436283
20 18   0.436283
20 19   0.436283
20 20   0.436283
20 21   0.436283
20 22   0.436283
20 23   0.436283
20 24   0.436283
20 25   0.436283
20 26   0.436283
20 27   0.436283
20 28   0.436283
20 29   0.436283
20 30   0.436283
20 31   0.436283
20 32   0.436283
20 33   0.436283
20 34   0.436283
20 35   0.436283
20 36   0.436283
20 37   0.436283
20 38   0.436283
20 39   0.436283
20 40   0.436283
21 1   0.31707
21 2   0.31707
21 3   0.31707
21 4   0.31707
21 5   0.31707
21 6   0.31707
21 7   0.31707
21 8   0.31707
21 9   0.31707
21 10   0.31707
21 11   0.31707
21 12   0.31707
21 13   0.31707
21 14   0.31707
21 15   0.31707
21 16   0.31707
21 17   0.31707
21 18   0.31707
21 19   0.31707
21 20   0.31707
21 21   0.31707
21 22   0.31707
21 23   0.31707
21 24   0.31707
21 25   0.31707
21 26   0.31707
21 27   0.31707
21 28   0.31707
21 29   0.31707
21 30   0.31707
21 31   0.31707
21 32   0.31707
21 33   0.31707
21 34   0.31707
21 35   0.31707
21 36   0.31707
21 37   0.31707
21 38   0.31707
21 39   0.31707
21 40   0.31707
22 1   0.212948
22 2   0.212948
22 3   0.212948
22 4   0.212948
22 5   0.212948
22 6   0.212948
22 7   0.212948
22 8   0.212948
22 9   0.212948
22 10   0.212948
22 11   0.212948
22 12   0.212948
22 13   0.212948
22 14   0.212948
22 15   0.212948
22 16   0.212948
22 17   0.212948
22 18   0.212948
22 19   0.212948
22 20   0.212948
22 21   0.212948
22 22   0.212948
22 23   0.212948
22 24   0.212948
22 25   0.212948
22 26   0.212948
22 27   0.212948
22 28   0.212948
22 29   0.212948
22 30   0.212948
22 31   0.212948
22 32   0.212948
22 33   0.212948
22 34   0.212948
22 35   0.212948
22 36   0.212948
22 37   0.212948
22 38   0.212948
22 39   0.212948
22 40   0.212948
23 1   0.129285
23 2   0.129285
23 3   0.129285
23 4   0.129285
23 5   0.129285
23 6   0.129285
23 7   0.129285
23 8   0.129285
23 9   0.129285
23 10   0.129285
23 11   0.129285
23 12   0.129285
23 13   0.129285
23 14   0.129285
23 15   0.129285
23 16   0.129285
23 17   0.129285
23 18   0.129285
23 19   0.129285
23 20   0.129285
23 21   0.129285
23 22   0.129285
23 23   0.129285
23 24   0.129285
23 25   0.129285
23 26   0.129285
23 27   0.129285
23 28   0.129285
23 29   0.129285
23 30   0.129285
23 31   0.129285
23 32   0.129285
23 33   0.129285
23 34   0.129285
23 35   0.129285
23 36   0.129285
23 37   0.129285
23 38   0.129285
23 39   0.129285
23 40   0.129285
24 1   0.0692437
24 2   0.0692437
24 3   0.0692437
24 4   0.0692437
24 5   0.0692437
24 6   0.0692437
24 7   0.0692437
24 8   0.0692437
24 9   0.0692437
24 10   0.0692437
24 11   0.0692437
24 12   0.0692437
24 13   0.0692437
24 14   0.0692437
24 15   0.0692437
24 16   0.0692437
24 17   0.0692437
24 18   0.0692437
24 19   0.0692437
24 20   0.0692437
24 21   0.0692437
24 22   0.0692437
24 23   0.0692437
24 24   0.0692437
24 25   0.0692437
24 26   0.0692437
24 27   0.0692437
24 28   0.0692437
24 29   0.0692437
24 30   0.0692437
24 31   0.0692437
24 32   0.0692437
24 33   0.0692437
24 34   0.0692437
24 35   0.0692437
24 36   0.0692437
24 37   0.0692437
24 38   0.0692437
24 39   0.0692437
24 40   0.0692437
25 1   0.0340006
25 2   0.0340006
25 3   0.0340006
25 4   0.0340006
25 5   0.0340006
25 6   0.0340006
25 7   0.0340006
25 8   0.0340006
25 9   0.0340006
25 10   0.0340006
25 11   0.0340006
25 12   0.0340006
25 13   0.0340006
25 14   0.0340006
25 15   0.0340006
25 16   0.0340006
25 17   0.0340006
25 18   0.0340006
25 19   0.0340006
25 20   0.0340006
25 21   0.0340006
25 22   0.0340006
25 23   0.0340006
25 24   0.0340006
25 25   0.0340006
25 26   0.0340006
25 27   0.0340006
25 28   0.0340006
25 29   0.0340006
25 30   0.0340006
25 31   0.0340006
25 32   0.0340006
25 33   0.0340006
25 34   0.0340006
25 35   0.0340006
25 36   0.0340006
25 37   0.0340006
25 38   0.0340006
25 39   0.0340006
25 40   0.0340006
26 1   0.0215288
26 2   0.0215288
26 3   0.0215288
26 4   0.0215288
26 5   0.0215288
26 6   0.0215288
26 7   0.0215288
26 8   0.0215288
26 9   0.0215288
26 10   0.0215288
26 11   0.0215288
26 12   0.0215288
26 13   0.0215288
26 14   0.0215288
26 15   0.0215288
26 16   0.0215288
26 17   0.0215288
26 18   0.0215288
26 19   0.0215288
26 20   0.0215288
26 21   0.0215288
26 22   0.0215288
26 23   0.0215288
26 24   0.0215288
26 25   0.0215288
26 26   0.0215288
26 27   0.0215288
26 28   0.0215288
26 29   0.0215288
26 30   0.0215288
26 31   0.0215288
26 32   0.0215288
26 33   0.0215288
26 34   0.0215288
26 35   0.0215288
26 36   0.0215288
26 37   0.0215288
26 38   0.0215288
26 39   0.0215288
26 40   0.0215288
27 1   0.0253097
27 2   0.0253097
27 3   0.0253097
27 4   0.0253097
27 5   0.0253097
27 6   0.0253097
27 7   0.0253097
27 8   0.0253097
27 9   0.0253097
27 10   0.0253097
27 11   0.0253097
27 12   0.0253097
27 13   0.0253097
27 14   0.0253097
27 15   0.0253097
27 16   0.0253097
27 17   0.0253097
27 18   0.0253097
27 19   0.0253097
27 20   0.0253097
27 21   0.0253097
27 22   0.0253097
27 23   0.0253097
27 24   0.0253097
27 25   0.0253097
27 26   0.0253097
27 27   0.0253097
27 28   0.0253097
27 29   0.0253097
27 30   0.0253097
27 31   0.0253097
27 32   0.0253097
27 33   0.0253097
27 34   0.0253097
27 35   0.0253097
27 36   0.0253097
27 37   0.0253097
27 38   0.0253097
27 39   0.0253097
27 40   0.0253097
28 1   0.0352404
28 2   0.0352404
28 3   0.0352404
28 4   0.0352404
28 5   0.0352404
28 6   0.0352404
28 7   0.0352404
28 8   0.0352404
28 9   0.0352404
28 10   0.0352404
28 11   0.0352404
28 12   0.0352404
28 13   0.0352404
28 14   0.0352404
28 15   0.0352404
28 16   0.0352404
28 17   0.0352404
28 18   0.0352404
28 19   0.0352404
28 20   0.0352404
28 21   0.0352404
28 22   0.0352404
28 23   0.0352404
28 24   0.0352404
28 25   0.0352404
28 26   0.0352404
28 27   0.0352404
28 28   0.0352404
28 29   0.0352404
28 30   0.0352404
28 31   0.0352404
28 32   0.0352404
28 33   0.0352404
28 34   0.0352404
28 35   0.0352404
28 36   0.0352404
28 37   0.0352404
28 38   0.0352404
28 39   0.0352404
28 40   0.0352404
29 1   0.0413795
29 2   0.0413795
29 3   0.0413795
29 4   0.0413795
29 5   0.0413795
29 6   0.0413795
29 7   0.0413795
29 8   0.0413795
29 9   0.0413795
29 10   0.0413795
29 11   0.0413795
29 12   0.0413795
29 13   0.0413795
29 14   0.0413795
29 15   0.0413795
29 16   0.0413795
29 17   0.0413795
29 18   0.0413795
29 19   0.0413795
29 20   0.0413795
29 21   0.0413795
29 22   0.0413795
29 23   0.0413795
29 24   0.0413795
29 25   0.0413795
29 26   0.0413795
29 27   0.0413795
29 28   0.0413795
29 29   0.0413795
29 30   0.0413795
29 31   0.0413795
29 32   0.0413795
29 33   0.0413795
29 34   0.0413795
29 35   0.0413795
29 36   0.0413795
29 37   0.0413795
29 38   0.0413795
29 39   0.0413795
29 40   0.0413795
30 1   0.0383153
30 2   0.0383153
30 3   0.0383153
30 4   0.0383153
30 5   0.0383153
30 6   0.0383153
30 7   0.0383153
30 8   0.0383153
30 9   0.0383153
30 10   0.0383153
30 11   0.0383153
30 12   0.0383153
30 13   0.0383153
30 14   0.0383153
30 15   0.0383153
30 16   0.0383153
30 17   0.0383153
30 18   0.0383153
30 19   0.0383153
30 20   0.0383153
30 21   0.0383153
30 22   0.0383153
30 23   0.0383153
30 24   0.0383153
30 25   0.0383153
30 26   0.0383153
30 27   0.0383153
30 28   0.0383153
30 29   0.0383153
30 30   0.0383153
30 31   0.0383153
30 32   0.0383153
30 33   0.0383153
30 34   0.0383153
30 35   0.0383153
30 36   0.0383153
30 37   0.0383153
30 38   0.0383153
30 39   0.0383153
30 40   0.0383153
31 1   0.0268841
31 2   0.0268841
31 3   0.0268841
31 4   0.0268841
31 5   0.0268841
31 6   0.0268841
31 7   0.0268841
31 8   0.0268841
31 9   0.0268841
31 10   0.0268841
31 11   0.0268841
31 12   0.0268841
31 13   0.0268841
31 14   0.0268841
31 15   0.0268841
31 16   0.0268841
31 17   0.0268841
31 18   0.0268841
31 19   0.0268841
31 20   0.0268841
31 21   0.0268841
31 22   0.0268841
31 23   0.0268841
31 24   0.0268841
31 25   0.0268841
31 26   0.0268841
31 27   0.0268841
31 28   0.0268841
31 29   0.0268841
31 30   0.0268841
31 31   0.0268841
31 32   0.0268841
31 33   0.0268841
31 34   0.0268841
31 35   0.0268841
31 36   0.0268841
31 37   0.0268841
31 38   0.0268841
31 39   0.0268841
31 40   0.0268841
32 1   0.0121156
32 2   0.0121156
32 3   0.0121156
32 4   0.0121156
32 5   0.0121156
32 6   0.0121156
32 7   0.0121156
32 8   0.0121156
32 9   0.0121156
32 10   0.0121156
32 11   0.0121156
32 12   0.0121156
32 13   0.0121156
32 14   0.0121156
32 15   0.0121156
32 16   0.0121156
32 17   0.0121156
32 18   0.0121156
32 19   0.0121156
32 20   0.0121156
32 21   0.0121156
32 22   0.0121156
32 23   0.0121156
32 24   0.0121156
32 25   0.0121156
32 26   0.0121156
32 27   0.0121156
32 28   0.0121156
32 29   0.0121156
32 30   0.0121156
32 31   0.0121156
32 32   0.0121156
32 33   0.0121156
32 34   0.0121156
32 35   0.0121156
32 36   0.0121156
32 37   0.0121156
32 38   0.0121156
32 39   0.0121156
32 40   0.0121156
33 1   -0.000522033
33 2   -0.000522033
33 3   -0.000522033
33 4   -0.000522033
33 5   -0.000522033
33 6   -0.000522033
33 7   -0.000522033
33 8   -0.000522033
33 9   -0.000522033
33 10   -0.000522033
33 11   -0.000522033
33 12   -0.000522033
33 13   -0.000522033
33 14   -0.000522033
33 15   -0.000522033
33 16   -0.000522033
33 17   -0.000522033
33 18   -0.000522033
33 19   -0.000522033
33 20   -0.000522033
33 21   -0.000522033
33 22   -0.000522033
33 23   -0.000522033
33 24   -0.000522033
33 25   -0.000522033
33 26   -0.000522033
33 27   -0.000522033
33 28   -0.000522033
33 29   -0.000522033
33 30   -0.000522033
33 31   -0.000522033
33 32   -0.000522033
33 33   -0.000522033
33 34   -0.000522033
33 35   -0.000522033
33 36   -0.000522033
33 37   -0.000522033
33 38   -0.000522033
33 39   -0.000522033
33 40   -0.000522033
34 1   -0.00776378
34 2   -0.00776378
34 3   -0.00776378
34 4   -0.00776378
34 5   -0.00776378
34 6   -0.00776378
34 7   -0.00776378
34 8   -0.00776378
34 9   -0.00776378
34 10   -0.00776378
34 11   -0.00776378
34 12   -0.00776378
34 13   -0.00776378
34 14   -0.00776378
34 15   -0.00776378
34 16   -0.00776378
34 17   -0.00776378
34 18   -0.00776378
34 19   -0.00776378
34 20   -0.00776378
34 21   -0.00776378
34 22   -0.00776378
34 23   -0.00776378
34 24   -0.00776378
34 25   -0.00776378
34 26   -0.00776378
34 27   -0.00776378
34 28   -0.00776378
34 29   -0.00776378
34 30   -0.00776378
34 31   -0.00776378
34 32   -0.00776378
34 33   -0.00776378
34 34   -0.00776378
34 35   -0.00776378
34 36   -0.00776378
34 37   -0.00776378
34 38   -0.00776378
34 39   -0.00776378
34 40   -0.00776378
35 1   -0.00913743
35 2   -0.00913743
35 3   -0.00913743
35 4   -0.00913743
35 5   -0.00913743
35 6   -0.00913743
35 7   -0.00913743
35 8   -0.00913743
35 9   -0.00913743
35 10   -0.00913743
35 11   -0.00913743
35 12   -0.00913743
35 13   -0.00913743
35 14   -0.00913743
35 15   -0.00913743
35 16   -0.00913743
35 17   -0.00913743
35 18   -0.00913743
35 19   -0.00913743
35 20   -0.00913743
35 21   -0.00913743
35 22   -0.00913743
35 23   -0.00913743
35 24   -0.00913743
35 25   -0.00913743
35 26   -0.00913743
35 27   -0.00913743
35 28   -0.00913743
35 29   -0.00913743
35 30   -0.00913743
35 31   -0.00913743
35 32   -0.00913743
35 33   -0.00913743
35 34   -0.00913743
35 35   -0.00913743
35 36   -0.00913743
35 37   -0.00913743
35 38   -0.00913743
35 39   -0.00913743
35 40   -0.00913743
36 1   -0.00629303
36 2   -0.00629303
36 3   -0.00629303
36 4   -0.00629303
36 5   -0.00629303
36 6   -0.00629303
36 7   -0.00629303
36 8   -0.00629303
36 9   -0.00629303
36 10   -0.00629303
36 11   -0.00629303
36 12   -0.00629303
36 13   -0.00629303
36 14   -0.00629303
36 15   -0.00629303
36 16   -0.00629303
36 17   -0.00629303
36 18   -0.00629303
36 19   -0.00629303
36 20   -0.00629303
36 21   -0.00629303
36 22   -0.00629303
36 23   -0.00629303
36 24   -0.00629303
36 25   -0.00629303
36 26   -0.00629303
36 27   -0.00629303
36 28   -0.00629303
36 29   -0.00629303
36 30   -0.00629303
36 31   -0.00629303
36 32   -0.00629303
36 33   -0.00629303
36 34   -0.00629303
36 35   -0.00629303
36 36   -0.00629303
36 37   -0.00629303
36 38   -0.00629303
36 39   -0.00629303
36 40   -0.00629303
37 1   -0.00185903
37 2   -0.00185903
37 3   -0.00185903
37 4   -0.00185903
37 5   -0.00185903
37 6   -0.00185903
37 7   -0.00185903
37 8   -0.00185903
37 9   -0.00185903
37 10   -0.00185903
37 11   -0.00185903
37 12   -0.00185903
37 13   -0.00185903
37 14   -0.00185903
37 15   -0.00185903
37 16   -0.00185903
37 17   -0.00185903
37 18   -0.00185903
37 19   -0.00185903
37 20   -0.00185903
37 21   -0.00185903
37 22   -0.00185903
37 23   -0.00185903
37 24   -0.00185903
37 25   -0.00185903
37 26   -0.00185903
37 27   -0.00185903
37 28   -0.00185903
37 29   -0.00185903
37 30   -0.00185903
37 31   -0.00185903
37 32   -0.00185903
37 33   -0.00185903
37 34   -0.00185903
37 35   -0.00185903
37 36   -0.00185903
37 37   -0.00185903
37 38   -0.00185903
37 39   -0.00185903
37 40   -0.00185903
38 1   0.00186644
38 2   0.00186644
38 3   0.00186644
38 4   0.00186644
38 5   0.00186644
38 6   0.00186644
38 7   0.00186644
38 8   0.00186644
38 9   0.00186644
38 10   0.00186644
38 11   0.00186644
38 12   0.00186644
38 13   0.00186644
38 14   0.00186644
38 15   0.00186644
38 16   0.00186644
38 17   0.00186644
38 18   0.00186644
38 19   0.00186644
38 20   0.00186644
38 21   0.00186644
38 22   0.00186644
38 23   0.00186644
38 24   0.00186644
38 25   0.00186644
38 26   0.00186644
38 27   0.00186644
38 28   0.00186644
38 29   0.00186644
38 30   0.00186644
38 31   0.00186644
38 32   0.00186644
38 33   0.00186644
38 34   0.00186644
38 35   0.00186644
38 36   0.00186644
38 37   0.00186644
38 38   0.00186644
38 39   0.00186644
38 40   0.00186644
39 1   0.00390305
39 2   0.00390305
39 3   0.00390305
39 4   0.00390305
39 5   0.00390305
39 6   0.00390305
39 7   0.00390305
39 8   0.00390305
39 9   0.00390305
39 10   0.00390305
39 11   0.00390305
39 12   0.00390305
39 13   0.00390305
39 14   0.00390305
39 15   0.00390305
39 16   0.00390305
39 17   0.00390305
39 18   0.00390305
39 19   0.00390305
39 20   0.00390305
39 21   0.00390305
39 22   0.00390305
39 23   0.00390305
39 24   0.00390305
39 25   0.00390305
39 26   0.00390305
39 27   0.00390305
39 28   0.00390305
39 29   0.00390305
39 30   0.00390305
39 31   0.00390305
39 32   0.00390305
39 33   0.00390305
39 34   0.00390305
39 35   0.00390305
39 36   0.00390305
39 37   0.00390305
39 38   0.00390305
39 39   0.00390305
39 40   0.00390305
40 1   0.00458675
40 2   0.00458675
40 3   0.00458675
40 4   0.00458675
40 5   0.00458675
40 6   0.00458675
40 7   0.00458675
40 8   0.00458675
40 9   0.00458675
40 10   0.00458675
40 11   0.00458675
40 12   0.00458675
40 13   0.00458675
40 14   0.00458675
40 15   0.00458675
40 16   0.00458675
40 17   0.00458675
40 18   0.00458675
40 19   0.00458675
40 20   0.00458675
40 21   0.00458675
40 22   0.00458675
40 23   0.00458675
40 24   0.00458675
40 25   0.00458675
40 26   0.00458675
40 27   0.00458675
40 28   0.00458675
40 29   0.00458675
40 30   0.00458675
40 31   0.00458675
40 32   0.00458675
40 33   0.00458675
40 34   0.00458675
40 35   0.00458675
40 36   0.00458675
40 37   0.00458675
40 38   0.00458675
40 39   0.00458675
40 40   0.00458675
