1 1   -0.000616566
1 2   -0.000616566
1 3   -0.000616566
1 4   -0.000616566
1 5   -0.000616566
1 6   -0.000616566
1 7   -0.000616566
1 8   -0.000616566
1 9   -0.000616566
1 10   -0.000616566
1 11   -0.000616566
1 12   -0.000616566
1 13   -0.000616566
1 14   -0.000616566
1 15   -0.000616566
1 16   -0.000616566
1 17   -0.000616566
1 18   -0.000616566
1 19   -0.000616566
1 20   -0.000616566
1 21   -0.000616566
1 22   -0.000616566
1 23   -0.000616566
1 24   -0.000616566
1 25   -0.000616566
1 26   -0.000616566
1 27   -0.000616566
1 28   -0.000616566
1 29   -0.000616566
1 30   -0.000616566
1 31   -0.000616566
1 32   -0.000616566
1 33   -0.000616566
1 34   -0.000616566
1 35   -0.000616566
1 36   -0.000616566
1 37   -0.000616566
1 38   -0.000616566
1 39   -0.000616566
1 40   -0.000616566
2 1   0.00265817
2 2   0.00265817
2 3   0.00265817
2 4   0.00265817
2 5   0.00265817
2 6   0.00265817
2 7   0.00265817
2 8   0.00265817
2 9   0.00265817
2 10   0.00265817
2 11   0.00265817
2 12   0.00265817
2 13   0.00265817
2 14   0.00265817
2 15   0.00265817
2 16   0.00265817
2 17   0.00265817
2 18   0.00265817
2 19   0.00265817
2 20   0.00265817
2 21   0.00265817
2 22   0.00265817
2 23   0.00265817
2 24   0.00265817
2 25   0.00265817
2 26   0.00265817
2 27   0.00265817
2 28   0.00265817
2 29   0.00265817
2 30   0.00265817
2 31   0.00265817
2 32   0.00265817
2 33   0.00265817
2 34   0.00265817
2 35   0.00265817
2 36   0.00265817
2 37   0.00265817
2 38   0.00265817
2 39   0.00265817
2 40   0.00265817
3 1   0.00375574
3 2   0.00375574
3 3   0.00375574
3 4   0.00375574
3 5   0.00375574
3 6   0.00375574
3 7   0.00375574
3 8   0.00375574
3 9   0.00375574
3 10   0.00375574
3 11   0.00375574
3 12   0.00375574
3 13   0.00375574
3 14   0.00375574
3 15   0.00375574
3 16   0.00375574
3 17   0.00375574
3 18   0.00375574
3 19   0.00375574
3 20   0.00375574
3 21   0.00375574
3 22   0.00375574
3 23   0.00375574
3 24   0.00375574
3 25   0.00375574
3 26   0.00375574
3 27   0.00375574
3 28   0.00375574
3 29   0.00375574
3 30   0.00375574
3 31   0.00375574
3 32   0.00375574
3 33   0.00375574
3 34   0.00375574
3 35   0.00375574
3 36   0.00375574
3 37   0.00375574
3 38   0.00375574
3 39   0.00375574
3 40   0.00375574
4 1   0.00160718
4 2   0.00160718
4 3   0.00160718
4 4   0.00160718
4 5   0.00160718
4 6   0.00160718
4 7   0.00160718
4 8   0.00160718
4 9   0.00160718
4 10   0.00160718
4 11   0.00160718
4 12   0.00160718
4 13   0.00160718
4 14   0.00160718
4 15   0.00160718
4 16   0.00160718
4 17   0.00160718
4 18   0.00160718
4 19   0.00160718
4 20   0.00160718
4 21   0.00160718
4 22   0.00160718
4 23   0.00160718
4 24   0.00160718
4 25   0.00160718
4 26   0.00160718
4 27   0.00160718
4 28   0.00160718
4 29   0.00160718
4 30   0.00160718
4 31   0.00160718
4 32   0.00160718
4 33   0.00160718
4 34   0.00160718
4 35   0.00160718
4 36   0.00160718
4 37   0.00160718
4 38   0.00160718
4 39   0.00160718
4 40   0.00160718
5 1   0.00238186
5 2   0.00238186
5 3   0.00238186
5 4   0.00238186
5 5   0.00238186
5 6   0.00238186
5 7   0.00238186
5 8   0.00238186
5 9   0.00238186
5 10   0.00238186
5 11   0.00238186
5 12   0.00238186
5 13   0.00238186
5 14   0.00238186
5 15   0.00238186
5 16   0.00238186
5 17   0.00238186
5 18   0.00238186
5 19   0.00238186
5 20   0.00238186
5 21   0.00238186
5 22   0.00238186
5 23   0.00238186
5 24   0.00238186
5 25   0.00238186
5 26   0.00238186
5 27   0.00238186
5 28   0.00238186
5 29   0.00238186
5 30   0.00238186
5 31   0.00238186
5 32   0.00238186
5 33   0.00238186
5 34   0.00238186
5 35   0.00238186
5 36   0.00238186
5 37   0.00238186
5 38   0.00238186
5 39   0.00238186
5 40   0.00238186
6 1   0.0111923
6 2   0.0111923
6 3   0.0111923
6 4   0.0111923
6 5   0.0111923
6 6   0.0111923
6 7   0.0111923
6 8   0.0111923
6 9   0.0111923
6 10   0.0111923
6 11   0.0111923
6 12   0.0111923
6 13   0.0111923
6 14   0.0111923
6 15   0.0111923
6 16   0.0111923
6 17   0.0111923
6 18   0.0111923
6 19   0.0111923
6 20   0.0111923
6 21   0.0111923
6 22   0.0111923
6 23   0.0111923
6 24   0.0111923
6 25   0.0111923
6 26   0.0111923
6 27   0.0111923
6 28   0.0111923
6 29   0.0111923
6 30   0.0111923
6 31   0.0111923
6 32   0.0111923
6 33   0.0111923
6 34   0.0111923
6 35   0.0111923
6 36   0.0111923
6 37   0.0111923
6 38   0.0111923
6 39   0.0111923
6 40   0.0111923
7 1   0.0259316
7 2   0.0259316
7 3   0.0259316
7 4   0.0259316
7 5   0.0259316
7 6   0.0259316
7 7   0.0259316
7 8   0.0259316
7 9   0.0259316
7 10   0.0259316
7 11   0.0259316
7 12   0.0259316
7 13   0.0259316
7 14   0.0259316
7 15   0.0259316
7 16   0.0259316
7 17   0.0259316
7 18   0.0259316
7 19   0.0259316
7 20   0.0259316
7 21   0.0259316
7 22   0.0259316
7 23   0.0259316
7 24   0.0259316
7 25   0.0259316
7 26   0.0259316
7 27   0.0259316
7 28   0.0259316
7 29   0.0259316
7 30   0.0259316
7 31   0.0259316
7 32   0.0259316
7 33   0.0259316
7 34   0.0259316
7 35   0.0259316
7 36   0.0259316
7 37   0.0259316
7 38   0.0259316
7 39   0.0259316
7 40   0.0259316
8 1   0.0408518
8 2   0.0408518
8 3   0.0408518
8 4   0.0408518
8 5   0.0408518
8 6   0.0408518
8 7   0.0408518
8 8   0.0408518
8 9   0.0408518
8 10   0.0408518
8 11   0.0408518
8 12   0.0408518
8 13   0.0408518
8 14   0.0408518
8 15   0.0408518
8 16   0.0408518
8 17   0.0408518
8 18   0.0408518
8 19   0.0408518
8 20   0.0408518
8 21   0.0408518
8 22   0.0408518
8 23   0.0408518
8 24   0.0408518
8 25   0.0408518
8 26   0.0408518
8 27   0.0408518
8 28   0.0408518
8 29   0.0408518
8 30   0.0408518
8 31   0.0408518
8 32   0.0408518
8 33   0.0408518
8 34   0.0408518
8 35   0.0408518
8 36   0.0408518
8 37   0.0408518
8 38   0.0408518
8 39   0.0408518
8 40   0.0408518
9 1   0.055775
9 2   0.055775
9 3   0.055775
9 4   0.055775
9 5   0.055775
9 6   0.055775
9 7   0.055775
9 8   0.055775
9 9   0.055775
9 10   0.055775
9 11   0.055775
9 12   0.055775
9 13   0.055775
9 14   0.055775
9 15   0.055775
9 16   0.055775
9 17   0.055775
9 18   0.055775
9 19   0.055775
9 20   0.055775
9 21   0.055775
9 22   0.055775
9 23   0.055775
9 24   0.055775
9 25   0.055775
9 26   0.055775
9 27   0.055775
9 28   0.055775
9 29   0.055775
9 30   0.055775
9 31   0.055775
9 32   0.055775
9 33   0.055775
9 34   0.055775
9 35   0.055775
9 36   0.055775
9 37   0.055775
9 38   0.055775
9 39   0.055775
9 40   0.055775
10 1   0.0816443
10 2   0.0816443
10 3   0.0816443
10 4   0.0816443
10 5   0.0816443
10 6   0.0816443
10 7   0.0816443
10 8   0.0816443
10 9   0.0816443
10 10   0.0816443
10 11   0.0816443
10 12   0.0816443
10 13   0.0816443
10 14   0.0816443
10 15   0.0816443
10 16   0.0816443
10 17   0.0816443
10 18   0.0816443
10 19   0.0816443
10 20   0.0816443
10 21   0.0816443
10 22   0.0816443
10 23   0.0816443
10 24   0.0816443
10 25   0.0816443
10 26   0.0816443
10 27   0.0816443
10 28   0.0816443
10 29   0.0816443
10 30   0.0816443
10 31   0.0816443
10 32   0.0816443
10 33   0.0816443
10 34   0.0816443
10 35   0.0816443
10 36   0.0816443
10 37   0.0816443
10 38   0.0816443
10 39   0.0816443
10 40   0.0816443
11 1   0.131469
11 2   0.131469
11 3   0.131469
11 4   0.131469
11 5   0.131469
11 6   0.131469
11 7   0.131469
11 8   0.131469
11 9   0.131469
11 10   0.131469
11 11   0.131469
11 12   0.131469
11 13   0.131469
11 14   0.131469
11 15   0.131469
11 16   0.131469
11 17   0.131469
11 18   0.131469
11 19   0.131469
11 20   0.131469
11 21   0.131469
11 22   0.131469
11 23   0.131469
11 24   0.131469
11 25   0.131469
11 26   0.131469
11 27   0.131469
11 28   0.131469
11 29   0.131469
11 30   0.131469
11 31   0.131469
11 32   0.131469
11 33   0.131469
11 34   0.131469
11 35   0.131469
11 36   0.131469
11 37   0.131469
11 38   0.131469
11 39   0.131469
11 40   0.131469
12 1   0.204103
12 2   0.204103
12 3   0.204103
12 4   0.204103
12 5   0.204103
12 6   0.204103
12 7   0.204103
12 8   0.204103
12 9   0.204103
12 10   0.204103
12 11   0.204103
12 12   0.204103
12 13   0.204103
12 14   0.204103
12 15   0.204103
12 16   0.204103
12 17   0.204103
12 18   0.204103
12 19   0.204103
12 20   0.204103
12 21   0.204103
12 22   0.204103
12 23   0.204103
12 24   0.204103
12 25   0.204103
12 26   0.204103
12 27   0.204103
12 28   0.204103
12 29   0.204103
12 30   0.204103
12 31   0.204103
12 32   0.204103
12 33   0.204103
12 34   0.204103
12 35   0.204103
12 36   0.204103
12 37   0.204103
12 38   0.204103
12 39   0.204103
12 40   0.204103
13 1   0.28459
13 2   0.28459
13 3   0.28459
13 4   0.28459
13 5   0.28459
13 6   0.28459
13 7   0.28459
13 8   0.28459
13 9   0.28459
13 10   0.28459
13 11   0.28459
13 12   0.28459
13 13   0.28459
13 14   0.28459
13 15   0.28459
13 16   0.28459
13 17   0.28459
13 18   0.28459
13 19   0.28459
13 20   0.28459
13 21   0.28459
13 22   0.28459
13 23   0.28459
13 24   0.28459
13 25   0.28459
13 26   0.28459
13 27   0.28459
13 28   0.28459
13 29   0.28459
13 30   0.28459
13 31   0.28459
13 32   0.28459
13 33   0.28459
13 34   0.28459
13 35   0.28459
13 36   0.28459
13 37   0.28459
13 38   0.28459
13 39   0.28459
13 40   0.28459
14 1   0.359717
14 2   0.359717
14 3   0.359717
14 4   0.359717
14 5   0.359717
14 6   0.359717
14 7   0.359717
14 8   0.359717
14 9   0.359717
14 10   0.359717
14 11   0.359717
14 12   0.359717
14 13   0.359717
14 14   0.359717
14 15   0.359717
14 16   0.359717
14 17   0.359717
14 18   0.359717
14 19   0.359717
14 20   0.359717
14 21   0.359717
14 22   0.359717
14 23   0.359717
14 24   0.359717
14 25   0.359717
14 26   0.359717
14 27   0.359717
14 28   0.359717
14 29   0.359717
14 30   0.359717
14 31   0.359717
14 32   0.359717
14 33   0.359717
14 34   0.359717
14 35   0.359717
14 36   0.359717
14 37   0.359717
14 38   0.359717
14 39   0.359717
14 40   0.359717
15 1   0.426303
15 2   0.426303
15 3   0.426303
15 4   0.426303
15 5   0.426303
15 6   0.426303
15 7   0.426303
15 8   0.426303
15 9   0.426303
15 10   0.426303
15 11   0.426303
15 12   0.426303
15 13   0.426303
15 14   0.426303
15 15   0.426303
15 16   0.426303
15 17   0.426303
15 18   0.426303
15 19   0.426303
15 20   0.426303
15 21   0.426303
15 22   0.426303
15 23   0.426303
15 24   0.426303
15 25   0.426303
15 26   0.426303
15 27   0.426303
15 28   0.426303
15 29   0.426303
15 30   0.426303
15 31   0.426303
15 32   0.426303
15 33   0.426303
15 34   0.426303
15 35   0.426303
15 36   0.426303
15 37   0.426303
15 38   0.426303
15 39   0.426303
15 40   0.426303
16 1   0.485229
16 2   0.485229
16 3   0.485229
16 4   0.485229
16 5   0.485229
16 6   0.485229
16 7   0.485229
16 8   0.485229
16 9   0.485229
16 10   0.485229
16 11   0.485229
16 12   0.485229
16 13   0.485229
16 14   0.485229
16 15   0.485229
16 16   0.485229
16 17   0.485229
16 18   0.485229
16 19   0.485229
16 20   0.485229
16 21   0.485229
16 22   0.485229
16 23   0.485229
16 24   0.485229
16 25   0.485229
16 26   0.485229
16 27   0.485229
16 28   0.485229
16 29   0.485229
16 30   0.485229
16 31   0.485229
16 32   0.485229
16 33   0.485229
16 34   0.485229
16 35   0.485229
16 36   0.485229
16 37   0.485229
16 38   0.485229
16 39   0.485229
16 40   0.485229
17 1   0.53442
17 2   0.53442
17 3   0.53442
17 4   0.53442
17 5   0.53442
17 6   0.53442
17 7   0.53442
17 8   0.53442
17 9   0.53442
17 10   0.53442
17 11   0.53442
17 12   0.53442
17 13   0.53442
17 14   0.53442
17 15   0.53442
17 16   0.53442
17 17   0.53442
17 18   0.53442
17 19   0.53442
17 20   0.53442
17 21   0.53442
17 22   0.53442
17 23   0.53442
17 24   0.53442
17 25   0.53442
17 26   0.53442
17 27   0.53442
17 28   0.53442
17 29   0.53442
17 30   0.53442
17 31   0.53442
17 32   0.53442
17 33   0.53442
17 34   0.53442
17 35   0.53442
17 36   0.53442
17 37   0.53442
17 38   0.53442
17 39   0.53442
17 40   0.53442
18 1   0.568774
18 2   0.568774
18 3   0.568774
18 4   0.568774
18 5   0.568774
18 6   0.568774
18 7   0.568774
18 8   0.568774
18 9   0.568774
18 10   0.568774
18 11   0.568774
18 12   0.568774
18 13   0.568774
18 14   0.568774
18 15   0.568774
18 16   0.568774
18 17   0.568774
18 18   0.568774
18 19   0.568774
18 20   0.568774
18 21   0.568774
18 22   0.568774
18 23   0.568774
18 24   0.568774
18 25   0.568774
18 26   0.568774
18 27   0.568774
18 28   0.568774
18 29   0.568774
18 30   0.568774
18 31   0.568774
18 32   0.568774
18 33   0.568774
18 34   0.568774
18 35   0.568774
18 36   0.568774
18 37   0.568774
18 38   0.568774
18 39   0.568774
18 40   0.568774
19 1   0.581902
19 2   0.581902
19 3   0.581902
19 4   0.581902
19 5   0.581902
19 6   0.581902
19 7   0.581902
19 8   0.581902
19 9   0.581902
19 10   0.581902
19 11   0.581902
19 12   0.581902
19 13   0.581902
19 14   0.581902
19 15   0.581902
19 16   0.581902
19 17   0.581902
19 18   0.581902
19 19   0.581902
19 20   0.581902
19 21   0.581902
19 22   0.581902
19 23   0.581902
19 24   0.581902
19 25   0.581902
19 26   0.581902
19 27   0.581902
19 28   0.581902
19 29   0.581902
19 30   0.581902
19 31   0.581902
19 32   0.581902
19 33   0.581902
19 34   0.581902
19 35   0.581902
19 36   0.581902
19 37   0.581902
19 38   0.581902
19 39   0.581902
19 40   0.581902
20 1   0.567521
20 2   0.567521
20 3   0.567521
20 4   0.567521
20 5   0.567521
20 6   0.567521
20 7   0.567521
20 8   0.567521
20 9   0.567521
20 10   0.567521
20 11   0.567521
20 12   0.567521
20 13   0.567521
20 14   0.567521
20 15   0.567521
20 16   0.567521
20 17   0.567521
20 18   0.567521
20 19   0.567521
20 20   0.567521
20 21   0.567521
20 22   0.567521
20 23   0.567521
20 24   0.567521
20 25   0.567521
20 26   0.567521
20 27   0.567521
20 28   0.567521
20 29   0.567521
20 30   0.567521
20 31   0.567521
20 32   0.567521
20 33   0.567521
20 34   0.567521
20 35   0.567521
20 36   0.567521
20 37   0.567521
20 38   0.567521
20 39   0.567521
20 40   0.567521
21 1   0.526324
21 2   0.526324
21 3   0.526324
21 4   0.526324
21 5   0.526324
21 6   0.526324
21 7   0.526324
21 8   0.526324
21 9   0.526324
21 10   0.526324
21 11   0.526324
21 12   0.526324
21 13   0.526324
21 14   0.526324
21 15   0.526324
21 16   0.526324
21 17   0.526324
21 18   0.526324
21 19   0.526324
21 20   0.526324
21 21   0.526324
21 22   0.526324
21 23   0.526324
21 24   0.526324
21 25   0.526324
21 26   0.526324
21 27   0.526324
21 28   0.526324
21 29   0.526324
21 30   0.526324
21 31   0.526324
21 32   0.526324
21 33   0.526324
21 34   0.526324
21 35   0.526324
21 36   0.526324
21 37   0.526324
21 38   0.526324
21 39   0.526324
21 40   0.526324
22 1   0.473575
22 2   0.473575
22 3   0.473575
22 4   0.473575
22 5   0.473575
22 6   0.473575
22 7   0.473575
22 8   0.473575
22 9   0.473575
22 10   0.473575
22 11   0.473575
22 12   0.473575
22 13   0.473575
22 14   0.473575
22 15   0.473575
22 16   0.473575
22 17   0.473575
22 18   0.473575
22 19   0.473575
22 20   0.473575
22 21   0.473575
22 22   0.473575
22 23   0.473575
22 24   0.473575
22 25   0.473575
22 26   0.473575
22 27   0.473575
22 28   0.473575
22 29   0.473575
22 30   0.473575
22 31   0.473575
22 32   0.473575
22 33   0.473575
22 34   0.473575
22 35   0.473575
22 36   0.473575
22 37   0.473575
22 38   0.473575
22 39   0.473575
22 40   0.473575
23 1   0.432708
23 2   0.432708
23 3   0.432708
23 4   0.432708
23 5   0.432708
23 6   0.432708
23 7   0.432708
23 8   0.432708
23 9   0.432708
23 10   0.432708
23 11   0.432708
23 12   0.432708
23 13   0.432708
23 14   0.432708
23 15   0.432708
23 16   0.432708
23 17   0.432708
23 18   0.432708
23 19   0.432708
23 20   0.432708
23 21   0.432708
23 22   0.432708
23 23   0.432708
23 24   0.432708
23 25   0.432708
23 26   0.432708
23 27   0.432708
23 28   0.432708
23 29   0.432708
23 30   0.432708
23 31   0.432708
23 32   0.432708
23 33   0.432708
23 34   0.432708
23 35   0.432708
23 36   0.432708
23 37   0.432708
23 38   0.432708
23 39   0.432708
23 40   0.432708
24 1   0.418456
24 2   0.418456
24 3   0.418456
24 4   0.418456
24 5   0.418456
24 6   0.418456
24 7   0.418456
24 8   0.418456
24 9   0.418456
24 10   0.418456
24 11   0.418456
24 12   0.418456
24 13   0.418456
24 14   0.418456
24 15   0.418456
24 16   0.418456
24 17   0.418456
24 18   0.418456
24 19   0.418456
24 20   0.418456
24 21   0.418456
24 22   0.418456
24 23   0.418456
24 24   0.418456
24 25   0.418456
24 26   0.418456
24 27   0.418456
24 28   0.418456
24 29   0.418456
24 30   0.418456
24 31   0.418456
24 32   0.418456
24 33   0.418456
24 34   0.418456
24 35   0.418456
24 36   0.418456
24 37   0.418456
24 38   0.418456
24 39   0.418456
24 40   0.418456
25 1   0.43127
25 2   0.43127
25 3   0.43127
25 4   0.43127
25 5   0.43127
25 6   0.43127
25 7   0.43127
25 8   0.43127
25 9   0.43127
25 10   0.43127
25 11   0.43127
25 12   0.43127
25 13   0.43127
25 14   0.43127
25 15   0.43127
25 16   0.43127
25 17   0.43127
25 18   0.43127
25 19   0.43127
25 20   0.43127
25 21   0.43127
25 22   0.43127
25 23   0.43127
25 24   0.43127
25 25   0.43127
25 26   0.43127
25 27   0.43127
25 28   0.43127
25 29   0.43127
25 30   0.43127
25 31   0.43127
25 32   0.43127
25 33   0.43127
25 34   0.43127
25 35   0.43127
25 36   0.43127
25 37   0.43127
25 38   0.43127
25 39   0.43127
25 40   0.43127
26 1   0.465436
26 2   0.465436
26 3   0.465436
26 4   0.465436
26 5   0.465436
26 6   0.465436
26 7   0.465436
26 8   0.465436
26 9   0.465436
26 10   0.465436
26 11   0.465436
26 12   0.465436
26 13   0.465436
26 14   0.465436
26 15   0.465436
26 16   0.465436
26 17   0.465436
26 18   0.465436
26 19   0.465436
26 20   0.465436
26 21   0.465436
26 22   0.465436
26 23   0.465436
26 24   0.465436
26 25   0.465436
26 26   0.465436
26 27   0.465436
26 28   0.465436
26 29   0.465436
26 30   0.465436
26 31   0.465436
26 32   0.465436
26 33   0.465436
26 34   0.465436
26 35   0.465436
26 36   0.465436
26 37   0.465436
26 38   0.465436
26 39   0.465436
26 40   0.465436
27 1   0.51478
27 2   0.51478
27 3   0.51478
27 4   0.51478
27 5   0.51478
27 6   0.51478
27 7   0.51478
27 8   0.51478
27 9   0.51478
27 10   0.51478
27 11   0.51478
27 12   0.51478
27 13   0.51478
27 14   0.51478
27 15   0.51478
27 16   0.51478
27 17   0.51478
27 18   0.51478
27 19   0.51478
27 20   0.51478
27 21   0.51478
27 22   0.51478
27 23   0.51478
27 24   0.51478
27 25   0.51478
27 26   0.51478
27 27   0.51478
27 28   0.51478
27 29   0.51478
27 30   0.51478
27 31   0.51478
27 32   0.51478
27 33   0.51478
27 34   0.51478
27 35   0.51478
27 36   0.51478
27 37   0.51478
27 38   0.51478
27 39   0.51478
27 40   0.51478
28 1   0.573977
28 2   0.573977
28 3   0.573977
28 4   0.573977
28 5   0.573977
28 6   0.573977
28 7   0.573977
28 8   0.573977
28 9   0.573977
28 10   0.573977
28 11   0.573977
28 12   0.573977
28 13   0.573977
28 14   0.573977
28 15   0.573977
28 16   0.573977
28 17   0.573977
28 18   0.573977
28 19   0.573977
28 20   0.573977
28 21   0.573977
28 22   0.573977
28 23   0.573977
28 24   0.573977
28 25   0.573977
28 26   0.573977
28 27   0.573977
28 28   0.573977
28 29   0.573977
28 30   0.573977
28 31   0.573977
28 32   0.573977
28 33   0.573977
28 34   0.573977
28 35   0.573977
28 36   0.573977
28 37   0.573977
28 38   0.573977
28 39   0.573977
28 40   0.573977
29 1   0.640694
29 2   0.640694
29 3   0.640694
29 4   0.640694
29 5   0.640694
29 6   0.640694
29 7   0.640694
29 8   0.640694
29 9   0.640694
29 10   0.640694
29 11   0.640694
29 12   0.640694
29 13   0.640694
29 14   0.640694
29 15   0.640694
29 16   0.640694
29 17   0.640694
29 18   0.640694
29 19   0.640694
29 20   0.640694
29 21   0.640694
29 22   0.640694
29 23   0.640694
29 24   0.640694
29 25   0.640694
29 26   0.640694
29 27   0.640694
29 28   0.640694
29 29   0.640694
29 30   0.640694
29 31   0.640694
29 32   0.640694
29 33   0.640694
29 34   0.640694
29 35   0.640694
29 36   0.640694
29 37   0.640694
29 38   0.640694
29 39   0.640694
29 40   0.640694
30 1   0.71547
30 2   0.71547
30 3   0.71547
30 4   0.71547
30 5   0.71547
30 6   0.71547
30 7   0.71547
30 8   0.71547
30 9   0.71547
30 10   0.71547
30 11   0.71547
30 12   0.71547
30 13   0.71547
30 14   0.71547
30 15   0.71547
30 16   0.71547
30 17   0.71547
30 18   0.71547
30 19   0.71547
30 20   0.71547
30 21   0.71547
30 22   0.71547
30 23   0.71547
30 24   0.71547
30 25   0.71547
30 26   0.71547
30 27   0.71547
30 28   0.71547
30 29   0.71547
30 30   0.71547
30 31   0.71547
30 32   0.71547
30 33   0.71547
30 34   0.71547
30 35   0.71547
30 36   0.71547
30 37   0.71547
30 38   0.71547
30 39   0.71547
30 40   0.71547
31 1   0.79545
31 2   0.79545
31 3   0.79545
31 4   0.79545
31 5   0.79545
31 6   0.79545
31 7   0.79545
31 8   0.79545
31 9   0.79545
31 10   0.79545
31 11   0.79545
31 12   0.79545
31 13   0.79545
31 14   0.79545
31 15   0.79545
31 16   0.79545
31 17   0.79545
31 18   0.79545
31 19   0.79545
31 20   0.79545
31 21   0.79545
31 22   0.79545
31 23   0.79545
31 24   0.79545
31 25   0.79545
31 26   0.79545
31 27   0.79545
31 28   0.79545
31 29   0.79545
31 30   0.79545
31 31   0.79545
31 32   0.79545
31 33   0.79545
31 34   0.79545
31 35   0.79545
31 36   0.79545
31 37   0.79545
31 38   0.79545
31 39   0.79545
31 40   0.79545
32 1   0.868337
32 2   0.868337
32 3   0.868337
32 4   0.868337
32 5   0.868337
32 6   0.868337
32 7   0.868337
32 8   0.868337
32 9   0.868337
32 10   0.868337
32 11   0.868337
32 12   0.868337
32 13   0.868337
32 14   0.868337
32 15   0.868337
32 16   0.868337
32 17   0.868337
32 18   0.868337
32 19   0.868337
32 20   0.868337
32 21   0.868337
32 22   0.868337
32 23   0.868337
32 24   0.868337
32 25   0.868337
32 26   0.868337
32 27   0.868337
32 28   0.868337
32 29   0.868337
32 30   0.868337
32 31   0.868337
32 32   0.868337
32 33   0.868337
32 34   0.868337
32 35   0.868337
32 36   0.868337
32 37   0.868337
32 38   0.868337
32 39   0.868337
32 40   0.868337
33 1   0.919214
33 2   0.919214
33 3   0.919214
33 4   0.919214
33 5   0.919214
33 6   0.919214
33 7   0.919214
33 8   0.919214
33 9   0.919214
33 10   0.919214
33 11   0.919214
33 12   0.919214
33 13   0.919214
33 14   0.919214
33 15   0.919214
33 16   0.919214
33 17   0.919214
33 18   0.919214
33 19   0.919214
33 20   0.919214
33 21   0.919214
33 22   0.919214
33 23   0.919214
33 24   0.919214
33 25   0.919214
33 26   0.919214
33 27   0.919214
33 28   0.919214
33 29   0.919214
33 30   0.919214
33 31   0.919214
33 32   0.919214
33 33   0.919214
33 34   0.919214
33 35   0.919214
33 36   0.919214
33 37   0.919214
33 38   0.919214
33 39   0.919214
33 40   0.919214
34 1   0.945212
34 2   0.945212
34 3   0.945212
34 4   0.945212
34 5   0.945212
34 6   0.945212
34 7   0.945212
34 8   0.945212
34 9   0.945212
34 10   0.945212
34 11   0.945212
34 12   0.945212
34 13   0.945212
34 14   0.945212
34 15   0.945212
34 16   0.945212
34 17   0.945212
34 18   0.945212
34 19   0.945212
34 20   0.945212
34 21   0.945212
34 22   0.945212
34 23   0.945212
34 24   0.945212
34 25   0.945212
34 26   0.945212
34 27   0.945212
34 28   0.945212
34 29   0.945212
34 30   0.945212
34 31   0.945212
34 32   0.945212
34 33   0.945212
34 34   0.945212
34 35   0.945212
34 36   0.945212
34 37   0.945212
34 38   0.945212
34 39   0.945212
34 40   0.945212
35 1   0.95842
35 2   0.95842
35 3   0.95842
35 4   0.95842
35 5   0.95842
35 6   0.95842
35 7   0.95842
35 8   0.95842
35 9   0.95842
35 10   0.95842
35 11   0.95842
35 12   0.95842
35 13   0.95842
35 14   0.95842
35 15   0.95842
35 16   0.95842
35 17   0.95842
35 18   0.95842
35 19   0.95842
35 20   0.95842
35 21   0.95842
35 22   0.95842
35 23   0.95842
35 24   0.95842
35 25   0.95842
35 26   0.95842
35 27   0.95842
35 28   0.95842
35 29   0.95842
35 30   0.95842
35 31   0.95842
35 32   0.95842
35 33   0.95842
35 34   0.95842
35 35   0.95842
35 36   0.95842
35 37   0.95842
35 38   0.95842
35 39   0.95842
35 40   0.95842
36 1   0.972421
36 2   0.972421
36 3   0.972421
36 4   0.972421
36 5   0.972421
36 6   0.972421
36 7   0.972421
36 8   0.972421
36 9   0.972421
36 10   0.972421
36 11   0.972421
36 12   0.972421
36 13   0.972421
36 14   0.972421
36 15   0.972421
36 16   0.972421
36 17   0.972421
36 18   0.972421
36 19   0.972421
36 20   0.972421
36 21   0.972421
36 22   0.972421
36 23   0.972421
36 24   0.972421
36 25   0.972421
36 26   0.972421
36 27   0.972421
36 28   0.972421
36 29   0.972421
36 30   0.972421
36 31   0.972421
36 32   0.972421
36 33   0.972421
36 34   0.972421
36 35   0.972421
36 36   0.972421
36 37   0.972421
36 38   0.972421
36 39   0.972421
36 40   0.972421
37 1   0.989215
37 2   0.989215
37 3   0.989215
37 4   0.989215
37 5   0.989215
37 6   0.989215
37 7   0.989215
37 8   0.989215
37 9   0.989215
37 10   0.989215
37 11   0.989215
37 12   0.989215
37 13   0.989215
37 14   0.989215
37 15   0.989215
37 16   0.989215
37 17   0.989215
37 18   0.989215
37 19   0.989215
37 20   0.989215
37 21   0.989215
37 22   0.989215
37 23   0.989215
37 24   0.989215
37 25   0.989215
37 26   0.989215
37 27   0.989215
37 28   0.989215
37 29   0.989215
37 30   0.989215
37 31   0.989215
37 32   0.989215
37 33   0.989215
37 34   0.989215
37 35   0.989215
37 36   0.989215
37 37   0.989215
37 38   0.989215
37 39   0.989215
37 40   0.989215
38 1   1.00011
38 2   1.00011
38 3   1.00011
38 4   1.00011
38 5   1.00011
38 6   1.00011
38 7   1.00011
38 8   1.00011
38 9   1.00011
38 10   1.00011
38 11   1.00011
38 12   1.00011
38 13   1.00011
38 14   1.00011
38 15   1.00011
38 16   1.00011
38 17   1.00011
38 18   1.00011
38 19   1.00011
38 20   1.00011
38 21   1.00011
38 22   1.00011
38 23   1.00011
38 24   1.00011
38 25   1.00011
38 26   1.00011
38 27   1.00011
38 28   1.00011
38 29   1.00011
38 30   1.00011
38 31   1.00011
38 32   1.00011
38 33   1.00011
38 34   1.00011
38 35   1.00011
38 36   1.00011
38 37   1.00011
38 38   1.00011
38 39   1.00011
38 40   1.00011
39 1   0.999041
39 2   0.999041
39 3   0.999041
39 4   0.999041
39 5   0.999041
39 6   0.999041
39 7   0.999041
39 8   0.999041
39 9   0.999041
39 10   0.999041
39 11   0.999041
39 12   0.999041
39 13   0.999041
39 14   0.999041
39 15   0.999041
39 16   0.999041
39 17   0.999041
39 18   0.999041
39 19   0.999041
39 20   0.999041
39 21   0.999041
39 22   0.999041
39 23   0.999041
39 24   0.999041
39 25   0.999041
39 26   0.999041
39 27   0.999041
39 28   0.999041
39 29   0.999041
39 30   0.999041
39 31   0.999041
39 32   0.999041
39 33   0.999041
39 34   0.999041
39 35   0.999041
39 36   0.999041
39 37   0.999041
39 38   0.999041
39 39   0.999041
39 40   0.999041
40 1   0.992784
40 2   0.992784
40 3   0.992784
40 4   0.992784
40 5   0.992784
40 6   0.992784
40 7   0.992784
40 8   0.992784
40 9   0.992784
40 10   0.992784
40 11   0.992784
40 12   0.992784
40 13   0.992784
40 14   0.992784
40 15   0.992784
40 16   0.992784
40 17   0.992784
40 18   0.992784
40 19   0.992784
40 20   0.992784
40 21   0.992784
40 22   0.992784
40 23   0.992784
40 24   0.992784
40 25   0.992784
40 26   0.992784
40 27   0.992784
40 28   0.992784
40 29   0.992784
40 30   0.992784
40 31   0.992784
40 32   0.992784
40 33   0.992784
40 34   0.992784
40 35   0.992784
40 36   0.992784
40 37   0.992784
40 38   0.992784
40 39   0.992784
40 40   0.992784
