1 1   -0.0115891
1 2   -0.0115891
1 3   -0.0115891
1 4   -0.0115891
1 5   -0.0115891
1 6   -0.0115891
1 7   -0.0115891
1 8   -0.0115891
1 9   -0.0115891
1 10   -0.0115891
1 11   -0.0115891
1 12   -0.0115891
1 13   -0.0115891
1 14   -0.0115891
1 15   -0.0115891
1 16   -0.0115891
1 17   -0.0115891
1 18   -0.0115891
1 19   -0.0115891
1 20   -0.0115891
1 21   -0.0115891
1 22   -0.0115891
1 23   -0.0115891
1 24   -0.0115891
1 25   -0.0115891
1 26   -0.0115891
1 27   -0.0115891
1 28   -0.0115891
1 29   -0.0115891
1 30   -0.0115891
1 31   -0.0115891
1 32   -0.0115891
1 33   -0.0115891
1 34   -0.0115891
1 35   -0.0115891
1 36   -0.0115891
1 37   -0.0115891
1 38   -0.0115891
1 39   -0.0115891
1 40   -0.0115891
2 1   0.00868356
2 2   0.00868356
2 3   0.00868356
2 4   0.00868356
2 5   0.00868356
2 6   0.00868356
2 7   0.00868356
2 8   0.00868356
2 9   0.00868356
2 10   0.00868356
2 11   0.00868356
2 12   0.00868356
2 13   0.00868356
2 14   0.00868356
2 15   0.00868356
2 16   0.00868356
2 17   0.00868356
2 18   0.00868356
2 19   0.00868356
2 20   0.00868356
2 21   0.00868356
2 22   0.00868356
2 23   0.00868356
2 24   0.00868356
2 25   0.00868356
2 26   0.00868356
2 27   0.00868356
2 28   0.00868356
2 29   0.00868356
2 30   0.00868356
2 31   0.00868356
2 32   0.00868356
2 33   0.00868356
2 34   0.00868356
2 35   0.00868356
2 36   0.00868356
2 37   0.00868356
2 38   0.00868356
2 39   0.00868356
2 40   0.00868356
3 1   0.0141145
3 2   0.0141145
3 3   0.0141145
3 4   0.0141145
3 5   0.0141145
3 6   0.0141145
3 7   0.0141145
3 8   0.0141145
3 9   0.0141145
3 10   0.0141145
3 11   0.0141145
3 12   0.0141145
3 13   0.0141145
3 14   0.0141145
3 15   0.0141145
3 16   0.0141145
3 17   0.0141145
3 18   0.0141145
3 19   0.0141145
3 20   0.0141145
3 21   0.0141145
3 22   0.0141145
3 23   0.0141145
3 24   0.0141145
3 25   0.0141145
3 26   0.0141145
3 27   0.0141145
3 28   0.0141145
3 29   0.0141145
3 30   0.0141145
3 31   0.0141145
3 32   0.0141145
3 33   0.0141145
3 34   0.0141145
3 35   0.0141145
3 36   0.0141145
3 37   0.0141145
3 38   0.0141145
3 39   0.0141145
3 40   0.0141145
4 1   -0.00288953
4 2   -0.00288953
4 3   -0.00288953
4 4   -0.00288953
4 5   -0.00288953
4 6   -0.00288953
4 7   -0.00288953
4 8   -0.00288953
4 9   -0.00288953
4 10   -0.00288953
4 11   -0.00288953
4 12   -0.00288953
4 13   -0.00288953
4 14   -0.00288953
4 15   -0.00288953
4 16   -0.00288953
4 17   -0.00288953
4 18   -0.00288953
4 19   -0.00288953
4 20   -0.00288953
4 21   -0.00288953
4 22   -0.00288953
4 23   -0.00288953
4 24   -0.00288953
4 25   -0.00288953
4 26   -0.00288953
4 27   -0.00288953
4 28   -0.00288953
4 29   -0.00288953
4 30   -0.00288953
4 31   -0.00288953
4 32   -0.00288953
4 33   -0.00288953
4 34   -0.00288953
4 35   -0.00288953
4 36   -0.00288953
4 37   -0.00288953
4 38   -0.00288953
4 39   -0.00288953
4 40   -0.00288953
5 1   -0.0158018
5 2   -0.0158018
5 3   -0.0158018
5 4   -0.0158018
5 5   -0.0158018
5 6   -0.0158018
5 7   -0.0158018
5 8   -0.0158018
5 9   -0.0158018
5 10   -0.0158018
5 11   -0.0158018
5 12   -0.0158018
5 13   -0.0158018
5 14   -0.0158018
5 15   -0.0158018
5 16   -0.0158018
5 17   -0.0158018
5 18   -0.0158018
5 19   -0.0158018
5 20   -0.0158018
5 21   -0.0158018
5 22   -0.0158018
5 23   -0.0158018
5 24   -0.0158018
5 25   -0.0158018
5 26   -0.0158018
5 27   -0.0158018
5 28   -0.0158018
5 29   -0.0158018
5 30   -0.0158018
5 31   -0.0158018
5 32   -0.0158018
5 33   -0.0158018
5 34   -0.0158018
5 35   -0.0158018
5 36   -0.0158018
5 37   -0.0158018
5 38   -0.0158018
5 39   -0.0158018
5 40   -0.0158018
6 1   -0.00593475
6 2   -0.00593475
6 3   -0.00593475
6 4   -0.00593475
6 5   -0.00593475
6 6   -0.00593475
6 7   -0.00593475
6 8   -0.00593475
6 9   -0.00593475
6 10   -0.00593475
6 11   -0.00593475
6 12   -0.00593475
6 13   -0.00593475
6 14   -0.00593475
6 15   -0.00593475
6 16   -0.00593475
6 17   -0.00593475
6 18   -0.00593475
6 19   -0.00593475
6 20   -0.00593475
6 21   -0.00593475
6 22   -0.00593475
6 23   -0.00593475
6 24   -0.00593475
6 25   -0.00593475
6 26   -0.00593475
6 27   -0.00593475
6 28   -0.00593475
6 29   -0.00593475
6 30   -0.00593475
6 31   -0.00593475
6 32   -0.00593475
6 33   -0.00593475
6 34   -0.00593475
6 35   -0.00593475
6 36   -0.00593475
6 37   -0.00593475
6 38   -0.00593475
6 39   -0.00593475
6 40   -0.00593475
7 1   0.0143307
7 2   0.0143307
7 3   0.0143307
7 4   0.0143307
7 5   0.0143307
7 6   0.0143307
7 7   0.0143307
7 8   0.0143307
7 9   0.0143307
7 10   0.0143307
7 11   0.0143307
7 12   0.0143307
7 13   0.0143307
7 14   0.0143307
7 15   0.0143307
7 16   0.0143307
7 17   0.0143307
7 18   0.0143307
7 19   0.0143307
7 20   0.0143307
7 21   0.0143307
7 22   0.0143307
7 23   0.0143307
7 24   0.0143307
7 25   0.0143307
7 26   0.0143307
7 27   0.0143307
7 28   0.0143307
7 29   0.0143307
7 30   0.0143307
7 31   0.0143307
7 32   0.0143307
7 33   0.0143307
7 34   0.0143307
7 35   0.0143307
7 36   0.0143307
7 37   0.0143307
7 38   0.0143307
7 39   0.0143307
7 40   0.0143307
8 1   0.0157937
8 2   0.0157937
8 3   0.0157937
8 4   0.0157937
8 5   0.0157937
8 6   0.0157937
8 7   0.0157937
8 8   0.0157937
8 9   0.0157937
8 10   0.0157937
8 11   0.0157937
8 12   0.0157937
8 13   0.0157937
8 14   0.0157937
8 15   0.0157937
8 16   0.0157937
8 17   0.0157937
8 18   0.0157937
8 19   0.0157937
8 20   0.0157937
8 21   0.0157937
8 22   0.0157937
8 23   0.0157937
8 24   0.0157937
8 25   0.0157937
8 26   0.0157937
8 27   0.0157937
8 28   0.0157937
8 29   0.0157937
8 30   0.0157937
8 31   0.0157937
8 32   0.0157937
8 33   0.0157937
8 34   0.0157937
8 35   0.0157937
8 36   0.0157937
8 37   0.0157937
8 38   0.0157937
8 39   0.0157937
8 40   0.0157937
9 1   -0.00136946
9 2   -0.00136946
9 3   -0.00136946
9 4   -0.00136946
9 5   -0.00136946
9 6   -0.00136946
9 7   -0.00136946
9 8   -0.00136946
9 9   -0.00136946
9 10   -0.00136946
9 11   -0.00136946
9 12   -0.00136946
9 13   -0.00136946
9 14   -0.00136946
9 15   -0.00136946
9 16   -0.00136946
9 17   -0.00136946
9 18   -0.00136946
9 19   -0.00136946
9 20   -0.00136946
9 21   -0.00136946
9 22   -0.00136946
9 23   -0.00136946
9 24   -0.00136946
9 25   -0.00136946
9 26   -0.00136946
9 27   -0.00136946
9 28   -0.00136946
9 29   -0.00136946
9 30   -0.00136946
9 31   -0.00136946
9 32   -0.00136946
9 33   -0.00136946
9 34   -0.00136946
9 35   -0.00136946
9 36   -0.00136946
9 37   -0.00136946
9 38   -0.00136946
9 39   -0.00136946
9 40   -0.00136946
10 1   -0.0177719
10 2   -0.0177719
10 3   -0.0177719
10 4   -0.0177719
10 5   -0.0177719
10 6   -0.0177719
10 7   -0.0177719
10 8   -0.0177719
10 9   -0.0177719
10 10   -0.0177719
10 11   -0.0177719
10 12   -0.0177719
10 13   -0.0177719
10 14   -0.0177719
10 15   -0.0177719
10 16   -0.0177719
10 17   -0.0177719
10 18   -0.0177719
10 19   -0.0177719
10 20   -0.0177719
10 21   -0.0177719
10 22   -0.0177719
10 23   -0.0177719
10 24   -0.0177719
10 25   -0.0177719
10 26   -0.0177719
10 27   -0.0177719
10 28   -0.0177719
10 29   -0.0177719
10 30   -0.0177719
10 31   -0.0177719
10 32   -0.0177719
10 33   -0.0177719
10 34   -0.0177719
10 35   -0.0177719
10 36   -0.0177719
10 37   -0.0177719
10 38   -0.0177719
10 39   -0.0177719
10 40   -0.0177719
11 1   -0.0216925
11 2   -0.0216925
11 3   -0.0216925
11 4   -0.0216925
11 5   -0.0216925
11 6   -0.0216925
11 7   -0.0216925
11 8   -0.0216925
11 9   -0.0216925
11 10   -0.0216925
11 11   -0.0216925
11 12   -0.0216925
11 13   -0.0216925
11 14   -0.0216925
11 15   -0.0216925
11 16   -0.0216925
11 17   -0.0216925
11 18   -0.0216925
11 19   -0.0216925
11 20   -0.0216925
11 21   -0.0216925
11 22   -0.0216925
11 23   -0.0216925
11 24   -0.0216925
11 25   -0.0216925
11 26   -0.0216925
11 27   -0.0216925
11 28   -0.0216925
11 29   -0.0216925
11 30   -0.0216925
11 31   -0.0216925
11 32   -0.0216925
11 33   -0.0216925
11 34   -0.0216925
11 35   -0.0216925
11 36   -0.0216925
11 37   -0.0216925
11 38   -0.0216925
11 39   -0.0216925
11 40   -0.0216925
12 1   -0.00144792
12 2   -0.00144792
12 3   -0.00144792
12 4   -0.00144792
12 5   -0.00144792
12 6   -0.00144792
12 7   -0.00144792
12 8   -0.00144792
12 9   -0.00144792
12 10   -0.00144792
12 11   -0.00144792
12 12   -0.00144792
12 13   -0.00144792
12 14   -0.00144792
12 15   -0.00144792
12 16   -0.00144792
12 17   -0.00144792
12 18   -0.00144792
12 19   -0.00144792
12 20   -0.00144792
12 21   -0.00144792
12 22   -0.00144792
12 23   -0.00144792
12 24   -0.00144792
12 25   -0.00144792
12 26   -0.00144792
12 27   -0.00144792
12 28   -0.00144792
12 29   -0.00144792
12 30   -0.00144792
12 31   -0.00144792
12 32   -0.00144792
12 33   -0.00144792
12 34   -0.00144792
12 35   -0.00144792
12 36   -0.00144792
12 37   -0.00144792
12 38   -0.00144792
12 39   -0.00144792
12 40   -0.00144792
13 1   0.0337498
13 2   0.0337498
13 3   0.0337498
13 4   0.0337498
13 5   0.0337498
13 6   0.0337498
13 7   0.0337498
13 8   0.0337498
13 9   0.0337498
13 10   0.0337498
13 11   0.0337498
13 12   0.0337498
13 13   0.0337498
13 14   0.0337498
13 15   0.0337498
13 16   0.0337498
13 17   0.0337498
13 18   0.0337498
13 19   0.0337498
13 20   0.0337498
13 21   0.0337498
13 22   0.0337498
13 23   0.0337498
13 24   0.0337498
13 25   0.0337498
13 26   0.0337498
13 27   0.0337498
13 28   0.0337498
13 29   0.0337498
13 30   0.0337498
13 31   0.0337498
13 32   0.0337498
13 33   0.0337498
13 34   0.0337498
13 35   0.0337498
13 36   0.0337498
13 37   0.0337498
13 38   0.0337498
13 39   0.0337498
13 40   0.0337498
14 1   0.0466176
14 2   0.0466176
14 3   0.0466176
14 4   0.0466176
14 5   0.0466176
14 6   0.0466176
14 7   0.0466176
14 8   0.0466176
14 9   0.0466176
14 10   0.0466176
14 11   0.0466176
14 12   0.0466176
14 13   0.0466176
14 14   0.0466176
14 15   0.0466176
14 16   0.0466176
14 17   0.0466176
14 18   0.0466176
14 19   0.0466176
14 20   0.0466176
14 21   0.0466176
14 22   0.0466176
14 23   0.0466176
14 24   0.0466176
14 25   0.0466176
14 26   0.0466176
14 27   0.0466176
14 28   0.0466176
14 29   0.0466176
14 30   0.0466176
14 31   0.0466176
14 32   0.0466176
14 33   0.0466176
14 34   0.0466176
14 35   0.0466176
14 36   0.0466176
14 37   0.0466176
14 38   0.0466176
14 39   0.0466176
14 40   0.0466176
15 1   0.0209621
15 2   0.0209621
15 3   0.0209621
15 4   0.0209621
15 5   0.0209621
15 6   0.0209621
15 7   0.0209621
15 8   0.0209621
15 9   0.0209621
15 10   0.0209621
15 11   0.0209621
15 12   0.0209621
15 13   0.0209621
15 14   0.0209621
15 15   0.0209621
15 16   0.0209621
15 17   0.0209621
15 18   0.0209621
15 19   0.0209621
15 20   0.0209621
15 21   0.0209621
15 22   0.0209621
15 23   0.0209621
15 24   0.0209621
15 25   0.0209621
15 26   0.0209621
15 27   0.0209621
15 28   0.0209621
15 29   0.0209621
15 30   0.0209621
15 31   0.0209621
15 32   0.0209621
15 33   0.0209621
15 34   0.0209621
15 35   0.0209621
15 36   0.0209621
15 37   0.0209621
15 38   0.0209621
15 39   0.0209621
15 40   0.0209621
16 1   -0.0191145
16 2   -0.0191145
16 3   -0.0191145
16 4   -0.0191145
16 5   -0.0191145
16 6   -0.0191145
16 7   -0.0191145
16 8   -0.0191145
16 9   -0.0191145
16 10   -0.0191145
16 11   -0.0191145
16 12   -0.0191145
16 13   -0.0191145
16 14   -0.0191145
16 15   -0.0191145
16 16   -0.0191145
16 17   -0.0191145
16 18   -0.0191145
16 19   -0.0191145
16 20   -0.0191145
16 21   -0.0191145
16 22   -0.0191145
16 23   -0.0191145
16 24   -0.0191145
16 25   -0.0191145
16 26   -0.0191145
16 27   -0.0191145
16 28   -0.0191145
16 29   -0.0191145
16 30   -0.0191145
16 31   -0.0191145
16 32   -0.0191145
16 33   -0.0191145
16 34   -0.0191145
16 35   -0.0191145
16 36   -0.0191145
16 37   -0.0191145
16 38   -0.0191145
16 39   -0.0191145
16 40   -0.0191145
17 1   -0.0393894
17 2   -0.0393894
17 3   -0.0393894
17 4   -0.0393894
17 5   -0.0393894
17 6   -0.0393894
17 7   -0.0393894
17 8   -0.0393894
17 9   -0.0393894
17 10   -0.0393894
17 11   -0.0393894
17 12   -0.0393894
17 13   -0.0393894
17 14   -0.0393894
17 15   -0.0393894
17 16   -0.0393894
17 17   -0.0393894
17 18   -0.0393894
17 19   -0.0393894
17 20   -0.0393894
17 21   -0.0393894
17 22   -0.0393894
17 23   -0.0393894
17 24   -0.0393894
17 25   -0.0393894
17 26   -0.0393894
17 27   -0.0393894
17 28   -0.0393894
17 29   -0.0393894
17 30   -0.0393894
17 31   -0.0393894
17 32   -0.0393894
17 33   -0.0393894
17 34   -0.0393894
17 35   -0.0393894
17 36   -0.0393894
17 37   -0.0393894
17 38   -0.0393894
17 39   -0.0393894
17 40   -0.0393894
18 1   -0.0164572
18 2   -0.0164572
18 3   -0.0164572
18 4   -0.0164572
18 5   -0.0164572
18 6   -0.0164572
18 7   -0.0164572
18 8   -0.0164572
18 9   -0.0164572
18 10   -0.0164572
18 11   -0.0164572
18 12   -0.0164572
18 13   -0.0164572
18 14   -0.0164572
18 15   -0.0164572
18 16   -0.0164572
18 17   -0.0164572
18 18   -0.0164572
18 19   -0.0164572
18 20   -0.0164572
18 21   -0.0164572
18 22   -0.0164572
18 23   -0.0164572
18 24   -0.0164572
18 25   -0.0164572
18 26   -0.0164572
18 27   -0.0164572
18 28   -0.0164572
18 29   -0.0164572
18 30   -0.0164572
18 31   -0.0164572
18 32   -0.0164572
18 33   -0.0164572
18 34   -0.0164572
18 35   -0.0164572
18 36   -0.0164572
18 37   -0.0164572
18 38   -0.0164572
18 39   -0.0164572
18 40   -0.0164572
19 1   0.0699959
19 2   0.0699959
19 3   0.0699959
19 4   0.0699959
19 5   0.0699959
19 6   0.0699959
19 7   0.0699959
19 8   0.0699959
19 9   0.0699959
19 10   0.0699959
19 11   0.0699959
19 12   0.0699959
19 13   0.0699959
19 14   0.0699959
19 15   0.0699959
19 16   0.0699959
19 17   0.0699959
19 18   0.0699959
19 19   0.0699959
19 20   0.0699959
19 21   0.0699959
19 22   0.0699959
19 23   0.0699959
19 24   0.0699959
19 25   0.0699959
19 26   0.0699959
19 27   0.0699959
19 28   0.0699959
19 29   0.0699959
19 30   0.0699959
19 31   0.0699959
19 32   0.0699959
19 33   0.0699959
19 34   0.0699959
19 35   0.0699959
19 36   0.0699959
19 37   0.0699959
19 38   0.0699959
19 39   0.0699959
19 40   0.0699959
20 1   0.217559
20 2   0.217559
20 3   0.217559
20 4   0.217559
20 5   0.217559
20 6   0.217559
20 7   0.217559
20 8   0.217559
20 9   0.217559
20 10   0.217559
20 11   0.217559
20 12   0.217559
20 13   0.217559
20 14   0.217559
20 15   0.217559
20 16   0.217559
20 17   0.217559
20 18   0.217559
20 19   0.217559
20 20   0.217559
20 21   0.217559
20 22   0.217559
20 23   0.217559
20 24   0.217559
20 25   0.217559
20 26   0.217559
20 27   0.217559
20 28   0.217559
20 29   0.217559
20 30   0.217559
20 31   0.217559
20 32   0.217559
20 33   0.217559
20 34   0.217559
20 35   0.217559
20 36   0.217559
20 37   0.217559
20 38   0.217559
20 39   0.217559
20 40   0.217559
21 1   0.401199
21 2   0.401199
21 3   0.401199
21 4   0.401199
21 5   0.401199
21 6   0.401199
21 7   0.401199
21 8   0.401199
21 9   0.401199
21 10   0.401199
21 11   0.401199
21 12   0.401199
21 13   0.401199
21 14   0.401199
21 15   0.401199
21 16   0.401199
21 17   0.401199
21 18   0.401199
21 19   0.401199
21 20   0.401199
21 21   0.401199
21 22   0.401199
21 23   0.401199
21 24   0.401199
21 25   0.401199
21 26   0.401199
21 27   0.401199
21 28   0.401199
21 29   0.401199
21 30   0.401199
21 31   0.401199
21 32   0.401199
21 33   0.401199
21 34   0.401199
21 35   0.401199
21 36   0.401199
21 37   0.401199
21 38   0.401199
21 39   0.401199
21 40   0.401199
22 1   0.59752
22 2   0.59752
22 3   0.59752
22 4   0.59752
22 5   0.59752
22 6   0.59752
22 7   0.59752
22 8   0.59752
22 9   0.59752
22 10   0.59752
22 11   0.59752
22 12   0.59752
22 13   0.59752
22 14   0.59752
22 15   0.59752
22 16   0.59752
22 17   0.59752
22 18   0.59752
22 19   0.59752
22 20   0.59752
22 21   0.59752
22 22   0.59752
22 23   0.59752
22 24   0.59752
22 25   0.59752
22 26   0.59752
22 27   0.59752
22 28   0.59752
22 29   0.59752
22 30   0.59752
22 31   0.59752
22 32   0.59752
22 33   0.59752
22 34   0.59752
22 35   0.59752
22 36   0.59752
22 37   0.59752
22 38   0.59752
22 39   0.59752
22 40   0.59752
23 1   0.784879
23 2   0.784879
23 3   0.784879
23 4   0.784879
23 5   0.784879
23 6   0.784879
23 7   0.784879
23 8   0.784879
23 9   0.784879
23 10   0.784879
23 11   0.784879
23 12   0.784879
23 13   0.784879
23 14   0.784879
23 15   0.784879
23 16   0.784879
23 17   0.784879
23 18   0.784879
23 19   0.784879
23 20   0.784879
23 21   0.784879
23 22   0.784879
23 23   0.784879
23 24   0.784879
23 25   0.784879
23 26   0.784879
23 27   0.784879
23 28   0.784879
23 29   0.784879
23 30   0.784879
23 31   0.784879
23 32   0.784879
23 33   0.784879
23 34   0.784879
23 35   0.784879
23 36   0.784879
23 37   0.784879
23 38   0.784879
23 39   0.784879
23 40   0.784879
24 1   0.929999
24 2   0.929999
24 3   0.929999
24 4   0.929999
24 5   0.929999
24 6   0.929999
24 7   0.929999
24 8   0.929999
24 9   0.929999
24 10   0.929999
24 11   0.929999
24 12   0.929999
24 13   0.929999
24 14   0.929999
24 15   0.929999
24 16   0.929999
24 17   0.929999
24 18   0.929999
24 19   0.929999
24 20   0.929999
24 21   0.929999
24 22   0.929999
24 23   0.929999
24 24   0.929999
24 25   0.929999
24 26   0.929999
24 27   0.929999
24 28   0.929999
24 29   0.929999
24 30   0.929999
24 31   0.929999
24 32   0.929999
24 33   0.929999
24 34   0.929999
24 35   0.929999
24 36   0.929999
24 37   0.929999
24 38   0.929999
24 39   0.929999
24 40   0.929999
25 1   1.01407
25 2   1.01407
25 3   1.01407
25 4   1.01407
25 5   1.01407
25 6   1.01407
25 7   1.01407
25 8   1.01407
25 9   1.01407
25 10   1.01407
25 11   1.01407
25 12   1.01407
25 13   1.01407
25 14   1.01407
25 15   1.01407
25 16   1.01407
25 17   1.01407
25 18   1.01407
25 19   1.01407
25 20   1.01407
25 21   1.01407
25 22   1.01407
25 23   1.01407
25 24   1.01407
25 25   1.01407
25 26   1.01407
25 27   1.01407
25 28   1.01407
25 29   1.01407
25 30   1.01407
25 31   1.01407
25 32   1.01407
25 33   1.01407
25 34   1.01407
25 35   1.01407
25 36   1.01407
25 37   1.01407
25 38   1.01407
25 39   1.01407
25 40   1.01407
26 1   1.04121
26 2   1.04121
26 3   1.04121
26 4   1.04121
26 5   1.04121
26 6   1.04121
26 7   1.04121
26 8   1.04121
26 9   1.04121
26 10   1.04121
26 11   1.04121
26 12   1.04121
26 13   1.04121
26 14   1.04121
26 15   1.04121
26 16   1.04121
26 17   1.04121
26 18   1.04121
26 19   1.04121
26 20   1.04121
26 21   1.04121
26 22   1.04121
26 23   1.04121
26 24   1.04121
26 25   1.04121
26 26   1.04121
26 27   1.04121
26 28   1.04121
26 29   1.04121
26 30   1.04121
26 31   1.04121
26 32   1.04121
26 33   1.04121
26 34   1.04121
26 35   1.04121
26 36   1.04121
26 37   1.04121
26 38   1.04121
26 39   1.04121
26 40   1.04121
27 1   1.02092
27 2   1.02092
27 3   1.02092
27 4   1.02092
27 5   1.02092
27 6   1.02092
27 7   1.02092
27 8   1.02092
27 9   1.02092
27 10   1.02092
27 11   1.02092
27 12   1.02092
27 13   1.02092
27 14   1.02092
27 15   1.02092
27 16   1.02092
27 17   1.02092
27 18   1.02092
27 19   1.02092
27 20   1.02092
27 21   1.02092
27 22   1.02092
27 23   1.02092
27 24   1.02092
27 25   1.02092
27 26   1.02092
27 27   1.02092
27 28   1.02092
27 29   1.02092
27 30   1.02092
27 31   1.02092
27 32   1.02092
27 33   1.02092
27 34   1.02092
27 35   1.02092
27 36   1.02092
27 37   1.02092
27 38   1.02092
27 39   1.02092
27 40   1.02092
28 1   0.976293
28 2   0.976293
28 3   0.976293
28 4   0.976293
28 5   0.976293
28 6   0.976293
28 7   0.976293
28 8   0.976293
28 9   0.976293
28 10   0.976293
28 11   0.976293
28 12   0.976293
28 13   0.976293
28 14   0.976293
28 15   0.976293
28 16   0.976293
28 17   0.976293
28 18   0.976293
28 19   0.976293
28 20   0.976293
28 21   0.976293
28 22   0.976293
28 23   0.976293
28 24   0.976293
28 25   0.976293
28 26   0.976293
28 27   0.976293
28 28   0.976293
28 29   0.976293
28 30   0.976293
28 31   0.976293
28 32   0.976293
28 33   0.976293
28 34   0.976293
28 35   0.976293
28 36   0.976293
28 37   0.976293
28 38   0.976293
28 39   0.976293
28 40   0.976293
29 1   0.95319
29 2   0.95319
29 3   0.95319
29 4   0.95319
29 5   0.95319
29 6   0.95319
29 7   0.95319
29 8   0.95319
29 9   0.95319
29 10   0.95319
29 11   0.95319
29 12   0.95319
29 13   0.95319
29 14   0.95319
29 15   0.95319
29 16   0.95319
29 17   0.95319
29 18   0.95319
29 19   0.95319
29 20   0.95319
29 21   0.95319
29 22   0.95319
29 23   0.95319
29 24   0.95319
29 25   0.95319
29 26   0.95319
29 27   0.95319
29 28   0.95319
29 29   0.95319
29 30   0.95319
29 31   0.95319
29 32   0.95319
29 33   0.95319
29 34   0.95319
29 35   0.95319
29 36   0.95319
29 37   0.95319
29 38   0.95319
29 39   0.95319
29 40   0.95319
30 1   0.969305
30 2   0.969305
30 3   0.969305
30 4   0.969305
30 5   0.969305
30 6   0.969305
30 7   0.969305
30 8   0.969305
30 9   0.969305
30 10   0.969305
30 11   0.969305
30 12   0.969305
30 13   0.969305
30 14   0.969305
30 15   0.969305
30 16   0.969305
30 17   0.969305
30 18   0.969305
30 19   0.969305
30 20   0.969305
30 21   0.969305
30 22   0.969305
30 23   0.969305
30 24   0.969305
30 25   0.969305
30 26   0.969305
30 27   0.969305
30 28   0.969305
30 29   0.969305
30 30   0.969305
30 31   0.969305
30 32   0.969305
30 33   0.969305
30 34   0.969305
30 35   0.969305
30 36   0.969305
30 37   0.969305
30 38   0.969305
30 39   0.969305
30 40   0.969305
31 1   1.00057
31 2   1.00057
31 3   1.00057
31 4   1.00057
31 5   1.00057
31 6   1.00057
31 7   1.00057
31 8   1.00057
31 9   1.00057
31 10   1.00057
31 11   1.00057
31 12   1.00057
31 13   1.00057
31 14   1.00057
31 15   1.00057
31 16   1.00057
31 17   1.00057
31 18   1.00057
31 19   1.00057
31 20   1.00057
31 21   1.00057
31 22   1.00057
31 23   1.00057
31 24   1.00057
31 25   1.00057
31 26   1.00057
31 27   1.00057
31 28   1.00057
31 29   1.00057
31 30   1.00057
31 31   1.00057
31 32   1.00057
31 33   1.00057
31 34   1.00057
31 35   1.00057
31 36   1.00057
31 37   1.00057
31 38   1.00057
31 39   1.00057
31 40   1.00057
32 1   1.01983
32 2   1.01983
32 3   1.01983
32 4   1.01983
32 5   1.01983
32 6   1.01983
32 7   1.01983
32 8   1.01983
32 9   1.01983
32 10   1.01983
32 11   1.01983
32 12   1.01983
32 13   1.01983
32 14   1.01983
32 15   1.01983
32 16   1.01983
32 17   1.01983
32 18   1.01983
32 19   1.01983
32 20   1.01983
32 21   1.01983
32 22   1.01983
32 23   1.01983
32 24   1.01983
32 25   1.01983
32 26   1.01983
32 27   1.01983
32 28   1.01983
32 29   1.01983
32 30   1.01983
32 31   1.01983
32 32   1.01983
32 33   1.01983
32 34   1.01983
32 35   1.01983
32 36   1.01983
32 37   1.01983
32 38   1.01983
32 39   1.01983
32 40   1.01983
33 1   1.0188
33 2   1.0188
33 3   1.0188
33 4   1.0188
33 5   1.0188
33 6   1.0188
33 7   1.0188
33 8   1.0188
33 9   1.0188
33 10   1.0188
33 11   1.0188
33 12   1.0188
33 13   1.0188
33 14   1.0188
33 15   1.0188
33 16   1.0188
33 17   1.0188
33 18   1.0188
33 19   1.0188
33 20   1.0188
33 21   1.0188
33 22   1.0188
33 23   1.0188
33 24   1.0188
33 25   1.0188
33 26   1.0188
33 27   1.0188
33 28   1.0188
33 29   1.0188
33 30   1.0188
33 31   1.0188
33 32   1.0188
33 33   1.0188
33 34   1.0188
33 35   1.0188
33 36   1.0188
33 37   1.0188
33 38   1.0188
33 39   1.0188
33 40   1.0188
34 1   1.00238
34 2   1.00238
34 3   1.00238
34 4   1.00238
34 5   1.00238
34 6   1.00238
34 7   1.00238
34 8   1.00238
34 9   1.00238
34 10   1.00238
34 11   1.00238
34 12   1.00238
34 13   1.00238
34 14   1.00238
34 15   1.00238
34 16   1.00238
34 17   1.00238
34 18   1.00238
34 19   1.00238
34 20   1.00238
34 21   1.00238
34 22   1.00238
34 23   1.00238
34 24   1.00238
34 25   1.00238
34 26   1.00238
34 27   1.00238
34 28   1.00238
34 29   1.00238
34 30   1.00238
34 31   1.00238
34 32   1.00238
34 33   1.00238
34 34   1.00238
34 35   1.00238
34 36   1.00238
34 37   1.00238
34 38   1.00238
34 39   1.00238
34 40   1.00238
35 1   0.984803
35 2   0.984803
35 3   0.984803
35 4   0.984803
35 5   0.984803
35 6   0.984803
35 7   0.984803
35 8   0.984803
35 9   0.984803
35 10   0.984803
35 11   0.984803
35 12   0.984803
35 13   0.984803
35 14   0.984803
35 15   0.984803
35 16   0.984803
35 17   0.984803
35 18   0.984803
35 19   0.984803
35 20   0.984803
35 21   0.984803
35 22   0.984803
35 23   0.984803
35 24   0.984803
35 25   0.984803
35 26   0.984803
35 27   0.984803
35 28   0.984803
35 29   0.984803
35 30   0.984803
35 31   0.984803
35 32   0.984803
35 33   0.984803
35 34   0.984803
35 35   0.984803
35 36   0.984803
35 37   0.984803
35 38   0.984803
35 39   0.984803
35 40   0.984803
36 1   0.985221
36 2   0.985221
36 3   0.985221
36 4   0.985221
36 5   0.985221
36 6   0.985221
36 7   0.985221
36 8   0.985221
36 9   0.985221
36 10   0.985221
36 11   0.985221
36 12   0.985221
36 13   0.985221
36 14   0.985221
36 15   0.985221
36 16   0.985221
36 17   0.985221
36 18   0.985221
36 19   0.985221
36 20   0.985221
36 21   0.985221
36 22   0.985221
36 23   0.985221
36 24   0.985221
36 25   0.985221
36 26   0.985221
36 27   0.985221
36 28   0.985221
36 29   0.985221
36 30   0.985221
36 31   0.985221
36 32   0.985221
36 33   0.985221
36 34   0.985221
36 35   0.985221
36 36   0.985221
36 37   0.985221
36 38   0.985221
36 39   0.985221
36 40   0.985221
37 1   1.00329
37 2   1.00329
37 3   1.00329
37 4   1.00329
37 5   1.00329
37 6   1.00329
37 7   1.00329
37 8   1.00329
37 9   1.00329
37 10   1.00329
37 11   1.00329
37 12   1.00329
37 13   1.00329
37 14   1.00329
37 15   1.00329
37 16   1.00329
37 17   1.00329
37 18   1.00329
37 19   1.00329
37 20   1.00329
37 21   1.00329
37 22   1.00329
37 23   1.00329
37 24   1.00329
37 25   1.00329
37 26   1.00329
37 27   1.00329
37 28   1.00329
37 29   1.00329
37 30   1.00329
37 31   1.00329
37 32   1.00329
37 33   1.00329
37 34   1.00329
37 35   1.00329
37 36   1.00329
37 37   1.00329
37 38   1.00329
37 39   1.00329
37 40   1.00329
38 1   1.01692
38 2   1.01692
38 3   1.01692
38 4   1.01692
38 5   1.01692
38 6   1.01692
38 7   1.01692
38 8   1.01692
38 9   1.01692
38 10   1.01692
38 11   1.01692
38 12   1.01692
38 13   1.01692
38 14   1.01692
38 15   1.01692
38 16   1.01692
38 17   1.01692
38 18   1.01692
38 19   1.01692
38 20   1.01692
38 21   1.01692
38 22   1.01692
38 23   1.01692
38 24   1.01692
38 25   1.01692
38 26   1.01692
38 27   1.01692
38 28   1.01692
38 29   1.01692
38 30   1.01692
38 31   1.01692
38 32   1.01692
38 33   1.01692
38 34   1.01692
38 35   1.01692
38 36   1.01692
38 37   1.01692
38 38   1.01692
38 39   1.01692
38 40   1.01692
39 1   1.00725
39 2   1.00725
39 3   1.00725
39 4   1.00725
39 5   1.00725
39 6   1.00725
39 7   1.00725
39 8   1.00725
39 9   1.00725
39 10   1.00725
39 11   1.00725
39 12   1.00725
39 13   1.00725
39 14   1.00725
39 15   1.00725
39 16   1.00725
39 17   1.00725
39 18   1.00725
39 19   1.00725
39 20   1.00725
39 21   1.00725
39 22   1.00725
39 23   1.00725
39 24   1.00725
39 25   1.00725
39 26   1.00725
39 27   1.00725
39 28   1.00725
39 29   1.00725
39 30   1.00725
39 31   1.00725
39 32   1.00725
39 33   1.00725
39 34   1.00725
39 35   1.00725
39 36   1.00725
39 37   1.00725
39 38   1.00725
39 39   1.00725
39 40   1.00725
40 1   0.98611
40 2   0.98611
40 3   0.98611
40 4   0.98611
40 5   0.98611
40 6   0.98611
40 7   0.98611
40 8   0.98611
40 9   0.98611
40 10   0.98611
40 11   0.98611
40 12   0.98611
40 13   0.98611
40 14   0.98611
40 15   0.98611
40 16   0.98611
40 17   0.98611
40 18   0.98611
40 19   0.98611
40 20   0.98611
40 21   0.98611
40 22   0.98611
40 23   0.98611
40 24   0.98611
40 25   0.98611
40 26   0.98611
40 27   0.98611
40 28   0.98611
40 29   0.98611
40 30   0.98611
40 31   0.98611
40 32   0.98611
40 33   0.98611
40 34   0.98611
40 35   0.98611
40 36   0.98611
40 37   0.98611
40 38   0.98611
40 39   0.98611
40 40   0.98611
