1 1   1.01339
1 2   1.01339
1 3   1.01339
1 4   1.01339
1 5   1.01339
1 6   1.01339
1 7   1.01339
1 8   1.01339
1 9   1.01339
1 10   1.01339
1 11   1.01339
1 12   1.01339
1 13   1.01339
1 14   1.01339
1 15   1.01339
1 16   1.01339
1 17   1.01339
1 18   1.01339
1 19   1.01339
1 20   1.01339
1 21   1.01339
1 22   1.01339
1 23   1.01339
1 24   1.01339
1 25   1.01339
1 26   1.01339
1 27   1.01339
1 28   1.01339
1 29   1.01339
1 30   1.01339
1 31   1.01339
1 32   1.01339
1 33   1.01339
1 34   1.01339
1 35   1.01339
1 36   1.01339
1 37   1.01339
1 38   1.01339
1 39   1.01339
1 40   1.01339
2 1   1.00238
2 2   1.00238
2 3   1.00238
2 4   1.00238
2 5   1.00238
2 6   1.00238
2 7   1.00238
2 8   1.00238
2 9   1.00238
2 10   1.00238
2 11   1.00238
2 12   1.00238
2 13   1.00238
2 14   1.00238
2 15   1.00238
2 16   1.00238
2 17   1.00238
2 18   1.00238
2 19   1.00238
2 20   1.00238
2 21   1.00238
2 22   1.00238
2 23   1.00238
2 24   1.00238
2 25   1.00238
2 26   1.00238
2 27   1.00238
2 28   1.00238
2 29   1.00238
2 30   1.00238
2 31   1.00238
2 32   1.00238
2 33   1.00238
2 34   1.00238
2 35   1.00238
2 36   1.00238
2 37   1.00238
2 38   1.00238
2 39   1.00238
2 40   1.00238
3 1   0.98638
3 2   0.98638
3 3   0.98638
3 4   0.98638
3 5   0.98638
3 6   0.98638
3 7   0.98638
3 8   0.98638
3 9   0.98638
3 10   0.98638
3 11   0.98638
3 12   0.98638
3 13   0.98638
3 14   0.98638
3 15   0.98638
3 16   0.98638
3 17   0.98638
3 18   0.98638
3 19   0.98638
3 20   0.98638
3 21   0.98638
3 22   0.98638
3 23   0.98638
3 24   0.98638
3 25   0.98638
3 26   0.98638
3 27   0.98638
3 28   0.98638
3 29   0.98638
3 30   0.98638
3 31   0.98638
3 32   0.98638
3 33   0.98638
3 34   0.98638
3 35   0.98638
3 36   0.98638
3 37   0.98638
3 38   0.98638
3 39   0.98638
3 40   0.98638
4 1   0.974707
4 2   0.974707
4 3   0.974707
4 4   0.974707
4 5   0.974707
4 6   0.974707
4 7   0.974707
4 8   0.974707
4 9   0.974707
4 10   0.974707
4 11   0.974707
4 12   0.974707
4 13   0.974707
4 14   0.974707
4 15   0.974707
4 16   0.974707
4 17   0.974707
4 18   0.974707
4 19   0.974707
4 20   0.974707
4 21   0.974707
4 22   0.974707
4 23   0.974707
4 24   0.974707
4 25   0.974707
4 26   0.974707
4 27   0.974707
4 28   0.974707
4 29   0.974707
4 30   0.974707
4 31   0.974707
4 32   0.974707
4 33   0.974707
4 34   0.974707
4 35   0.974707
4 36   0.974707
4 37   0.974707
4 38   0.974707
4 39   0.974707
4 40   0.974707
5 1   0.97544
5 2   0.97544
5 3   0.97544
5 4   0.97544
5 5   0.97544
5 6   0.97544
5 7   0.97544
5 8   0.97544
5 9   0.97544
5 10   0.97544
5 11   0.97544
5 12   0.97544
5 13   0.97544
5 14   0.97544
5 15   0.97544
5 16   0.97544
5 17   0.97544
5 18   0.97544
5 19   0.97544
5 20   0.97544
5 21   0.97544
5 22   0.97544
5 23   0.97544
5 24   0.97544
5 25   0.97544
5 26   0.97544
5 27   0.97544
5 28   0.97544
5 29   0.97544
5 30   0.97544
5 31   0.97544
5 32   0.97544
5 33   0.97544
5 34   0.97544
5 35   0.97544
5 36   0.97544
5 37   0.97544
5 38   0.97544
5 39   0.97544
5 40   0.97544
6 1   0.991249
6 2   0.991249
6 3   0.991249
6 4   0.991249
6 5   0.991249
6 6   0.991249
6 7   0.991249
6 8   0.991249
6 9   0.991249
6 10   0.991249
6 11   0.991249
6 12   0.991249
6 13   0.991249
6 14   0.991249
6 15   0.991249
6 16   0.991249
6 17   0.991249
6 18   0.991249
6 19   0.991249
6 20   0.991249
6 21   0.991249
6 22   0.991249
6 23   0.991249
6 24   0.991249
6 25   0.991249
6 26   0.991249
6 27   0.991249
6 28   0.991249
6 29   0.991249
6 30   0.991249
6 31   0.991249
6 32   0.991249
6 33   0.991249
6 34   0.991249
6 35   0.991249
6 36   0.991249
6 37   0.991249
6 38   0.991249
6 39   0.991249
6 40   0.991249
7 1   1.01773
7 2   1.01773
7 3   1.01773
7 4   1.01773
7 5   1.01773
7 6   1.01773
7 7   1.01773
7 8   1.01773
7 9   1.01773
7 10   1.01773
7 11   1.01773
7 12   1.01773
7 13   1.01773
7 14   1.01773
7 15   1.01773
7 16   1.01773
7 17   1.01773
7 18   1.01773
7 19   1.01773
7 20   1.01773
7 21   1.01773
7 22   1.01773
7 23   1.01773
7 24   1.01773
7 25   1.01773
7 26   1.01773
7 27   1.01773
7 28   1.01773
7 29   1.01773
7 30   1.01773
7 31   1.01773
7 32   1.01773
7 33   1.01773
7 34   1.01773
7 35   1.01773
7 36   1.01773
7 37   1.01773
7 38   1.01773
7 39   1.01773
7 40   1.01773
8 1   1.04517
8 2   1.04517
8 3   1.04517
8 4   1.04517
8 5   1.04517
8 6   1.04517
8 7   1.04517
8 8   1.04517
8 9   1.04517
8 10   1.04517
8 11   1.04517
8 12   1.04517
8 13   1.04517
8 14   1.04517
8 15   1.04517
8 16   1.04517
8 17   1.04517
8 18   1.04517
8 19   1.04517
8 20   1.04517
8 21   1.04517
8 22   1.04517
8 23   1.04517
8 24   1.04517
8 25   1.04517
8 26   1.04517
8 27   1.04517
8 28   1.04517
8 29   1.04517
8 30   1.04517
8 31   1.04517
8 32   1.04517
8 33   1.04517
8 34   1.04517
8 35   1.04517
8 36   1.04517
8 37   1.04517
8 38   1.04517
8 39   1.04517
8 40   1.04517
9 1   1.06269
9 2   1.06269
9 3   1.06269
9 4   1.06269
9 5   1.06269
9 6   1.06269
9 7   1.06269
9 8   1.06269
9 9   1.06269
9 10   1.06269
9 11   1.06269
9 12   1.06269
9 13   1.06269
9 14   1.06269
9 15   1.06269
9 16   1.06269
9 17   1.06269
9 18   1.06269
9 19   1.06269
9 20   1.06269
9 21   1.06269
9 22   1.06269
9 23   1.06269
9 24   1.06269
9 25   1.06269
9 26   1.06269
9 27   1.06269
9 28   1.06269
9 29   1.06269
9 30   1.06269
9 31   1.06269
9 32   1.06269
9 33   1.06269
9 34   1.06269
9 35   1.06269
9 36   1.06269
9 37   1.06269
9 38   1.06269
9 39   1.06269
9 40   1.06269
10 1   1.06222
10 2   1.06222
10 3   1.06222
10 4   1.06222
10 5   1.06222
10 6   1.06222
10 7   1.06222
10 8   1.06222
10 9   1.06222
10 10   1.06222
10 11   1.06222
10 12   1.06222
10 13   1.06222
10 14   1.06222
10 15   1.06222
10 16   1.06222
10 17   1.06222
10 18   1.06222
10 19   1.06222
10 20   1.06222
10 21   1.06222
10 22   1.06222
10 23   1.06222
10 24   1.06222
10 25   1.06222
10 26   1.06222
10 27   1.06222
10 28   1.06222
10 29   1.06222
10 30   1.06222
10 31   1.06222
10 32   1.06222
10 33   1.06222
10 34   1.06222
10 35   1.06222
10 36   1.06222
10 37   1.06222
10 38   1.06222
10 39   1.06222
10 40   1.06222
11 1   1.04076
11 2   1.04076
11 3   1.04076
11 4   1.04076
11 5   1.04076
11 6   1.04076
11 7   1.04076
11 8   1.04076
11 9   1.04076
11 10   1.04076
11 11   1.04076
11 12   1.04076
11 13   1.04076
11 14   1.04076
11 15   1.04076
11 16   1.04076
11 17   1.04076
11 18   1.04076
11 19   1.04076
11 20   1.04076
11 21   1.04076
11 22   1.04076
11 23   1.04076
11 24   1.04076
11 25   1.04076
11 26   1.04076
11 27   1.04076
11 28   1.04076
11 29   1.04076
11 30   1.04076
11 31   1.04076
11 32   1.04076
11 33   1.04076
11 34   1.04076
11 35   1.04076
11 36   1.04076
11 37   1.04076
11 38   1.04076
11 39   1.04076
11 40   1.04076
12 1   1.00025
12 2   1.00025
12 3   1.00025
12 4   1.00025
12 5   1.00025
12 6   1.00025
12 7   1.00025
12 8   1.00025
12 9   1.00025
12 10   1.00025
12 11   1.00025
12 12   1.00025
12 13   1.00025
12 14   1.00025
12 15   1.00025
12 16   1.00025
12 17   1.00025
12 18   1.00025
12 19   1.00025
12 20   1.00025
12 21   1.00025
12 22   1.00025
12 23   1.00025
12 24   1.00025
12 25   1.00025
12 26   1.00025
12 27   1.00025
12 28   1.00025
12 29   1.00025
12 30   1.00025
12 31   1.00025
12 32   1.00025
12 33   1.00025
12 34   1.00025
12 35   1.00025
12 36   1.00025
12 37   1.00025
12 38   1.00025
12 39   1.00025
12 40   1.00025
13 1   0.945729
13 2   0.945729
13 3   0.945729
13 4   0.945729
13 5   0.945729
13 6   0.945729
13 7   0.945729
13 8   0.945729
13 9   0.945729
13 10   0.945729
13 11   0.945729
13 12   0.945729
13 13   0.945729
13 14   0.945729
13 15   0.945729
13 16   0.945729
13 17   0.945729
13 18   0.945729
13 19   0.945729
13 20   0.945729
13 21   0.945729
13 22   0.945729
13 23   0.945729
13 24   0.945729
13 25   0.945729
13 26   0.945729
13 27   0.945729
13 28   0.945729
13 29   0.945729
13 30   0.945729
13 31   0.945729
13 32   0.945729
13 33   0.945729
13 34   0.945729
13 35   0.945729
13 36   0.945729
13 37   0.945729
13 38   0.945729
13 39   0.945729
13 40   0.945729
14 1   0.882864
14 2   0.882864
14 3   0.882864
14 4   0.882864
14 5   0.882864
14 6   0.882864
14 7   0.882864
14 8   0.882864
14 9   0.882864
14 10   0.882864
14 11   0.882864
14 12   0.882864
14 13   0.882864
14 14   0.882864
14 15   0.882864
14 16   0.882864
14 17   0.882864
14 18   0.882864
14 19   0.882864
14 20   0.882864
14 21   0.882864
14 22   0.882864
14 23   0.882864
14 24   0.882864
14 25   0.882864
14 26   0.882864
14 27   0.882864
14 28   0.882864
14 29   0.882864
14 30   0.882864
14 31   0.882864
14 32   0.882864
14 33   0.882864
14 34   0.882864
14 35   0.882864
14 36   0.882864
14 37   0.882864
14 38   0.882864
14 39   0.882864
14 40   0.882864
15 1   0.815841
15 2   0.815841
15 3   0.815841
15 4   0.815841
15 5   0.815841
15 6   0.815841
15 7   0.815841
15 8   0.815841
15 9   0.815841
15 10   0.815841
15 11   0.815841
15 12   0.815841
15 13   0.815841
15 14   0.815841
15 15   0.815841
15 16   0.815841
15 17   0.815841
15 18   0.815841
15 19   0.815841
15 20   0.815841
15 21   0.815841
15 22   0.815841
15 23   0.815841
15 24   0.815841
15 25   0.815841
15 26   0.815841
15 27   0.815841
15 28   0.815841
15 29   0.815841
15 30   0.815841
15 31   0.815841
15 32   0.815841
15 33   0.815841
15 34   0.815841
15 35   0.815841
15 36   0.815841
15 37   0.815841
15 38   0.815841
15 39   0.815841
15 40   0.815841
16 1   0.746601
16 2   0.746601
16 3   0.746601
16 4   0.746601
16 5   0.746601
16 6   0.746601
16 7   0.746601
16 8   0.746601
16 9   0.746601
16 10   0.746601
16 11   0.746601
16 12   0.746601
16 13   0.746601
16 14   0.746601
16 15   0.746601
16 16   0.746601
16 17   0.746601
16 18   0.746601
16 19   0.746601
16 20   0.746601
16 21   0.746601
16 22   0.746601
16 23   0.746601
16 24   0.746601
16 25   0.746601
16 26   0.746601
16 27   0.746601
16 28   0.746601
16 29   0.746601
16 30   0.746601
16 31   0.746601
16 32   0.746601
16 33   0.746601
16 34   0.746601
16 35   0.746601
16 36   0.746601
16 37   0.746601
16 38   0.746601
16 39   0.746601
16 40   0.746601
17 1   0.675658
17 2   0.675658
17 3   0.675658
17 4   0.675658
17 5   0.675658
17 6   0.675658
17 7   0.675658
17 8   0.675658
17 9   0.675658
17 10   0.675658
17 11   0.675658
17 12   0.675658
17 13   0.675658
17 14   0.675658
17 15   0.675658
17 16   0.675658
17 17   0.675658
17 18   0.675658
17 19   0.675658
17 20   0.675658
17 21   0.675658
17 22   0.675658
17 23   0.675658
17 24   0.675658
17 25   0.675658
17 26   0.675658
17 27   0.675658
17 28   0.675658
17 29   0.675658
17 30   0.675658
17 31   0.675658
17 32   0.675658
17 33   0.675658
17 34   0.675658
17 35   0.675658
17 36   0.675658
17 37   0.675658
17 38   0.675658
17 39   0.675658
17 40   0.675658
18 1   0.603695
18 2   0.603695
18 3   0.603695
18 4   0.603695
18 5   0.603695
18 6   0.603695
18 7   0.603695
18 8   0.603695
18 9   0.603695
18 10   0.603695
18 11   0.603695
18 12   0.603695
18 13   0.603695
18 14   0.603695
18 15   0.603695
18 16   0.603695
18 17   0.603695
18 18   0.603695
18 19   0.603695
18 20   0.603695
18 21   0.603695
18 22   0.603695
18 23   0.603695
18 24   0.603695
18 25   0.603695
18 26   0.603695
18 27   0.603695
18 28   0.603695
18 29   0.603695
18 30   0.603695
18 31   0.603695
18 32   0.603695
18 33   0.603695
18 34   0.603695
18 35   0.603695
18 36   0.603695
18 37   0.603695
18 38   0.603695
18 39   0.603695
18 40   0.603695
19 1   0.532342
19 2   0.532342
19 3   0.532342
19 4   0.532342
19 5   0.532342
19 6   0.532342
19 7   0.532342
19 8   0.532342
19 9   0.532342
19 10   0.532342
19 11   0.532342
19 12   0.532342
19 13   0.532342
19 14   0.532342
19 15   0.532342
19 16   0.532342
19 17   0.532342
19 18   0.532342
19 19   0.532342
19 20   0.532342
19 21   0.532342
19 22   0.532342
19 23   0.532342
19 24   0.532342
19 25   0.532342
19 26   0.532342
19 27   0.532342
19 28   0.532342
19 29   0.532342
19 30   0.532342
19 31   0.532342
19 32   0.532342
19 33   0.532342
19 34   0.532342
19 35   0.532342
19 36   0.532342
19 37   0.532342
19 38   0.532342
19 39   0.532342
19 40   0.532342
20 1   0.463212
20 2   0.463212
20 3   0.463212
20 4   0.463212
20 5   0.463212
20 6   0.463212
20 7   0.463212
20 8   0.463212
20 9   0.463212
20 10   0.463212
20 11   0.463212
20 12   0.463212
20 13   0.463212
20 14   0.463212
20 15   0.463212
20 16   0.463212
20 17   0.463212
20 18   0.463212
20 19   0.463212
20 20   0.463212
20 21   0.463212
20 22   0.463212
20 23   0.463212
20 24   0.463212
20 25   0.463212
20 26   0.463212
20 27   0.463212
20 28   0.463212
20 29   0.463212
20 30   0.463212
20 31   0.463212
20 32   0.463212
20 33   0.463212
20 34   0.463212
20 35   0.463212
20 36   0.463212
20 37   0.463212
20 38   0.463212
20 39   0.463212
20 40   0.463212
21 1   0.396174
21 2   0.396174
21 3   0.396174
21 4   0.396174
21 5   0.396174
21 6   0.396174
21 7   0.396174
21 8   0.396174
21 9   0.396174
21 10   0.396174
21 11   0.396174
21 12   0.396174
21 13   0.396174
21 14   0.396174
21 15   0.396174
21 16   0.396174
21 17   0.396174
21 18   0.396174
21 19   0.396174
21 20   0.396174
21 21   0.396174
21 22   0.396174
21 23   0.396174
21 24   0.396174
21 25   0.396174
21 26   0.396174
21 27   0.396174
21 28   0.396174
21 29   0.396174
21 30   0.396174
21 31   0.396174
21 32   0.396174
21 33   0.396174
21 34   0.396174
21 35   0.396174
21 36   0.396174
21 37   0.396174
21 38   0.396174
21 39   0.396174
21 40   0.396174
22 1   0.328891
22 2   0.328891
22 3   0.328891
22 4   0.328891
22 5   0.328891
22 6   0.328891
22 7   0.328891
22 8   0.328891
22 9   0.328891
22 10   0.328891
22 11   0.328891
22 12   0.328891
22 13   0.328891
22 14   0.328891
22 15   0.328891
22 16   0.328891
22 17   0.328891
22 18   0.328891
22 19   0.328891
22 20   0.328891
22 21   0.328891
22 22   0.328891
22 23   0.328891
22 24   0.328891
22 25   0.328891
22 26   0.328891
22 27   0.328891
22 28   0.328891
22 29   0.328891
22 30   0.328891
22 31   0.328891
22 32   0.328891
22 33   0.328891
22 34   0.328891
22 35   0.328891
22 36   0.328891
22 37   0.328891
22 38   0.328891
22 39   0.328891
22 40   0.328891
23 1   0.258672
23 2   0.258672
23 3   0.258672
23 4   0.258672
23 5   0.258672
23 6   0.258672
23 7   0.258672
23 8   0.258672
23 9   0.258672
23 10   0.258672
23 11   0.258672
23 12   0.258672
23 13   0.258672
23 14   0.258672
23 15   0.258672
23 16   0.258672
23 17   0.258672
23 18   0.258672
23 19   0.258672
23 20   0.258672
23 21   0.258672
23 22   0.258672
23 23   0.258672
23 24   0.258672
23 25   0.258672
23 26   0.258672
23 27   0.258672
23 28   0.258672
23 29   0.258672
23 30   0.258672
23 31   0.258672
23 32   0.258672
23 33   0.258672
23 34   0.258672
23 35   0.258672
23 36   0.258672
23 37   0.258672
23 38   0.258672
23 39   0.258672
23 40   0.258672
24 1   0.185365
24 2   0.185365
24 3   0.185365
24 4   0.185365
24 5   0.185365
24 6   0.185365
24 7   0.185365
24 8   0.185365
24 9   0.185365
24 10   0.185365
24 11   0.185365
24 12   0.185365
24 13   0.185365
24 14   0.185365
24 15   0.185365
24 16   0.185365
24 17   0.185365
24 18   0.185365
24 19   0.185365
24 20   0.185365
24 21   0.185365
24 22   0.185365
24 23   0.185365
24 24   0.185365
24 25   0.185365
24 26   0.185365
24 27   0.185365
24 28   0.185365
24 29   0.185365
24 30   0.185365
24 31   0.185365
24 32   0.185365
24 33   0.185365
24 34   0.185365
24 35   0.185365
24 36   0.185365
24 37   0.185365
24 38   0.185365
24 39   0.185365
24 40   0.185365
25 1   0.112872
25 2   0.112872
25 3   0.112872
25 4   0.112872
25 5   0.112872
25 6   0.112872
25 7   0.112872
25 8   0.112872
25 9   0.112872
25 10   0.112872
25 11   0.112872
25 12   0.112872
25 13   0.112872
25 14   0.112872
25 15   0.112872
25 16   0.112872
25 17   0.112872
25 18   0.112872
25 19   0.112872
25 20   0.112872
25 21   0.112872
25 22   0.112872
25 23   0.112872
25 24   0.112872
25 25   0.112872
25 26   0.112872
25 27   0.112872
25 28   0.112872
25 29   0.112872
25 30   0.112872
25 31   0.112872
25 32   0.112872
25 33   0.112872
25 34   0.112872
25 35   0.112872
25 36   0.112872
25 37   0.112872
25 38   0.112872
25 39   0.112872
25 40   0.112872
26 1   0.0478375
26 2   0.0478375
26 3   0.0478375
26 4   0.0478375
26 5   0.0478375
26 6   0.0478375
26 7   0.0478375
26 8   0.0478375
26 9   0.0478375
26 10   0.0478375
26 11   0.0478375
26 12   0.0478375
26 13   0.0478375
26 14   0.0478375
26 15   0.0478375
26 16   0.0478375
26 17   0.0478375
26 18   0.0478375
26 19   0.0478375
26 20   0.0478375
26 21   0.0478375
26 22   0.0478375
26 23   0.0478375
26 24   0.0478375
26 25   0.0478375
26 26   0.0478375
26 27   0.0478375
26 28   0.0478375
26 29   0.0478375
26 30   0.0478375
26 31   0.0478375
26 32   0.0478375
26 33   0.0478375
26 34   0.0478375
26 35   0.0478375
26 36   0.0478375
26 37   0.0478375
26 38   0.0478375
26 39   0.0478375
26 40   0.0478375
27 1   -0.0034289
27 2   -0.0034289
27 3   -0.0034289
27 4   -0.0034289
27 5   -0.0034289
27 6   -0.0034289
27 7   -0.0034289
27 8   -0.0034289
27 9   -0.0034289
27 10   -0.0034289
27 11   -0.0034289
27 12   -0.0034289
27 13   -0.0034289
27 14   -0.0034289
27 15   -0.0034289
27 16   -0.0034289
27 17   -0.0034289
27 18   -0.0034289
27 19   -0.0034289
27 20   -0.0034289
27 21   -0.0034289
27 22   -0.0034289
27 23   -0.0034289
27 24   -0.0034289
27 25   -0.0034289
27 26   -0.0034289
27 27   -0.0034289
27 28   -0.0034289
27 29   -0.0034289
27 30   -0.0034289
27 31   -0.0034289
27 32   -0.0034289
27 33   -0.0034289
27 34   -0.0034289
27 35   -0.0034289
27 36   -0.0034289
27 37   -0.0034289
27 38   -0.0034289
27 39   -0.0034289
27 40   -0.0034289
28 1   -0.0374332
28 2   -0.0374332
28 3   -0.0374332
28 4   -0.0374332
28 5   -0.0374332
28 6   -0.0374332
28 7   -0.0374332
28 8   -0.0374332
28 9   -0.0374332
28 10   -0.0374332
28 11   -0.0374332
28 12   -0.0374332
28 13   -0.0374332
28 14   -0.0374332
28 15   -0.0374332
28 16   -0.0374332
28 17   -0.0374332
28 18   -0.0374332
28 19   -0.0374332
28 20   -0.0374332
28 21   -0.0374332
28 22   -0.0374332
28 23   -0.0374332
28 24   -0.0374332
28 25   -0.0374332
28 26   -0.0374332
28 27   -0.0374332
28 28   -0.0374332
28 29   -0.0374332
28 30   -0.0374332
28 31   -0.0374332
28 32   -0.0374332
28 33   -0.0374332
28 34   -0.0374332
28 35   -0.0374332
28 36   -0.0374332
28 37   -0.0374332
28 38   -0.0374332
28 39   -0.0374332
28 40   -0.0374332
29 1   -0.0539533
29 2   -0.0539533
29 3   -0.0539533
29 4   -0.0539533
29 5   -0.0539533
29 6   -0.0539533
29 7   -0.0539533
29 8   -0.0539533
29 9   -0.0539533
29 10   -0.0539533
29 11   -0.0539533
29 12   -0.0539533
29 13   -0.0539533
29 14   -0.0539533
29 15   -0.0539533
29 16   -0.0539533
29 17   -0.0539533
29 18   -0.0539533
29 19   -0.0539533
29 20   -0.0539533
29 21   -0.0539533
29 22   -0.0539533
29 23   -0.0539533
29 24   -0.0539533
29 25   -0.0539533
29 26   -0.0539533
29 27   -0.0539533
29 28   -0.0539533
29 29   -0.0539533
29 30   -0.0539533
29 31   -0.0539533
29 32   -0.0539533
29 33   -0.0539533
29 34   -0.0539533
29 35   -0.0539533
29 36   -0.0539533
29 37   -0.0539533
29 38   -0.0539533
29 39   -0.0539533
29 40   -0.0539533
30 1   -0.0550603
30 2   -0.0550603
30 3   -0.0550603
30 4   -0.0550603
30 5   -0.0550603
30 6   -0.0550603
30 7   -0.0550603
30 8   -0.0550603
30 9   -0.0550603
30 10   -0.0550603
30 11   -0.0550603
30 12   -0.0550603
30 13   -0.0550603
30 14   -0.0550603
30 15   -0.0550603
30 16   -0.0550603
30 17   -0.0550603
30 18   -0.0550603
30 19   -0.0550603
30 20   -0.0550603
30 21   -0.0550603
30 22   -0.0550603
30 23   -0.0550603
30 24   -0.0550603
30 25   -0.0550603
30 26   -0.0550603
30 27   -0.0550603
30 28   -0.0550603
30 29   -0.0550603
30 30   -0.0550603
30 31   -0.0550603
30 32   -0.0550603
30 33   -0.0550603
30 34   -0.0550603
30 35   -0.0550603
30 36   -0.0550603
30 37   -0.0550603
30 38   -0.0550603
30 39   -0.0550603
30 40   -0.0550603
31 1   -0.0441454
31 2   -0.0441454
31 3   -0.0441454
31 4   -0.0441454
31 5   -0.0441454
31 6   -0.0441454
31 7   -0.0441454
31 8   -0.0441454
31 9   -0.0441454
31 10   -0.0441454
31 11   -0.0441454
31 12   -0.0441454
31 13   -0.0441454
31 14   -0.0441454
31 15   -0.0441454
31 16   -0.0441454
31 17   -0.0441454
31 18   -0.0441454
31 19   -0.0441454
31 20   -0.0441454
31 21   -0.0441454
31 22   -0.0441454
31 23   -0.0441454
31 24   -0.0441454
31 25   -0.0441454
31 26   -0.0441454
31 27   -0.0441454
31 28   -0.0441454
31 29   -0.0441454
31 30   -0.0441454
31 31   -0.0441454
31 32   -0.0441454
31 33   -0.0441454
31 34   -0.0441454
31 35   -0.0441454
31 36   -0.0441454
31 37   -0.0441454
31 38   -0.0441454
31 39   -0.0441454
31 40   -0.0441454
32 1   -0.0255419
32 2   -0.0255419
32 3   -0.0255419
32 4   -0.0255419
32 5   -0.0255419
32 6   -0.0255419
32 7   -0.0255419
32 8   -0.0255419
32 9   -0.0255419
32 10   -0.0255419
32 11   -0.0255419
32 12   -0.0255419
32 13   -0.0255419
32 14   -0.0255419
32 15   -0.0255419
32 16   -0.0255419
32 17   -0.0255419
32 18   -0.0255419
32 19   -0.0255419
32 20   -0.0255419
32 21   -0.0255419
32 22   -0.0255419
32 23   -0.0255419
32 24   -0.0255419
32 25   -0.0255419
32 26   -0.0255419
32 27   -0.0255419
32 28   -0.0255419
32 29   -0.0255419
32 30   -0.0255419
32 31   -0.0255419
32 32   -0.0255419
32 33   -0.0255419
32 34   -0.0255419
32 35   -0.0255419
32 36   -0.0255419
32 37   -0.0255419
32 38   -0.0255419
32 39   -0.0255419
32 40   -0.0255419
33 1   -0.00429747
33 2   -0.00429747
33 3   -0.00429747
33 4   -0.00429747
33 5   -0.00429747
33 6   -0.00429747
33 7   -0.00429747
33 8   -0.00429747
33 9   -0.00429747
33 10   -0.00429747
33 11   -0.00429747
33 12   -0.00429747
33 13   -0.00429747
33 14   -0.00429747
33 15   -0.00429747
33 16   -0.00429747
33 17   -0.00429747
33 18   -0.00429747
33 19   -0.00429747
33 20   -0.00429747
33 21   -0.00429747
33 22   -0.00429747
33 23   -0.00429747
33 24   -0.00429747
33 25   -0.00429747
33 26   -0.00429747
33 27   -0.00429747
33 28   -0.00429747
33 29   -0.00429747
33 30   -0.00429747
33 31   -0.00429747
33 32   -0.00429747
33 33   -0.00429747
33 34   -0.00429747
33 35   -0.00429747
33 36   -0.00429747
33 37   -0.00429747
33 38   -0.00429747
33 39   -0.00429747
33 40   -0.00429747
34 1   0.0144236
34 2   0.0144236
34 3   0.0144236
34 4   0.0144236
34 5   0.0144236
34 6   0.0144236
34 7   0.0144236
34 8   0.0144236
34 9   0.0144236
34 10   0.0144236
34 11   0.0144236
34 12   0.0144236
34 13   0.0144236
34 14   0.0144236
34 15   0.0144236
34 16   0.0144236
34 17   0.0144236
34 18   0.0144236
34 19   0.0144236
34 20   0.0144236
34 21   0.0144236
34 22   0.0144236
34 23   0.0144236
34 24   0.0144236
34 25   0.0144236
34 26   0.0144236
34 27   0.0144236
34 28   0.0144236
34 29   0.0144236
34 30   0.0144236
34 31   0.0144236
34 32   0.0144236
34 33   0.0144236
34 34   0.0144236
34 35   0.0144236
34 36   0.0144236
34 37   0.0144236
34 38   0.0144236
34 39   0.0144236
34 40   0.0144236
35 1   0.0262089
35 2   0.0262089
35 3   0.0262089
35 4   0.0262089
35 5   0.0262089
35 6   0.0262089
35 7   0.0262089
35 8   0.0262089
35 9   0.0262089
35 10   0.0262089
35 11   0.0262089
35 12   0.0262089
35 13   0.0262089
35 14   0.0262089
35 15   0.0262089
35 16   0.0262089
35 17   0.0262089
35 18   0.0262089
35 19   0.0262089
35 20   0.0262089
35 21   0.0262089
35 22   0.0262089
35 23   0.0262089
35 24   0.0262089
35 25   0.0262089
35 26   0.0262089
35 27   0.0262089
35 28   0.0262089
35 29   0.0262089
35 30   0.0262089
35 31   0.0262089
35 32   0.0262089
35 33   0.0262089
35 34   0.0262089
35 35   0.0262089
35 36   0.0262089
35 37   0.0262089
35 38   0.0262089
35 39   0.0262089
35 40   0.0262089
36 1   0.0282352
36 2   0.0282352
36 3   0.0282352
36 4   0.0282352
36 5   0.0282352
36 6   0.0282352
36 7   0.0282352
36 8   0.0282352
36 9   0.0282352
36 10   0.0282352
36 11   0.0282352
36 12   0.0282352
36 13   0.0282352
36 14   0.0282352
36 15   0.0282352
36 16   0.0282352
36 17   0.0282352
36 18   0.0282352
36 19   0.0282352
36 20   0.0282352
36 21   0.0282352
36 22   0.0282352
36 23   0.0282352
36 24   0.0282352
36 25   0.0282352
36 26   0.0282352
36 27   0.0282352
36 28   0.0282352
36 29   0.0282352
36 30   0.0282352
36 31   0.0282352
36 32   0.0282352
36 33   0.0282352
36 34   0.0282352
36 35   0.0282352
36 36   0.0282352
36 37   0.0282352
36 38   0.0282352
36 39   0.0282352
36 40   0.0282352
37 1   0.0200888
37 2   0.0200888
37 3   0.0200888
37 4   0.0200888
37 5   0.0200888
37 6   0.0200888
37 7   0.0200888
37 8   0.0200888
37 9   0.0200888
37 10   0.0200888
37 11   0.0200888
37 12   0.0200888
37 13   0.0200888
37 14   0.0200888
37 15   0.0200888
37 16   0.0200888
37 17   0.0200888
37 18   0.0200888
37 19   0.0200888
37 20   0.0200888
37 21   0.0200888
37 22   0.0200888
37 23   0.0200888
37 24   0.0200888
37 25   0.0200888
37 26   0.0200888
37 27   0.0200888
37 28   0.0200888
37 29   0.0200888
37 30   0.0200888
37 31   0.0200888
37 32   0.0200888
37 33   0.0200888
37 34   0.0200888
37 35   0.0200888
37 36   0.0200888
37 37   0.0200888
37 38   0.0200888
37 39   0.0200888
37 40   0.0200888
38 1   0.00456526
38 2   0.00456526
38 3   0.00456526
38 4   0.00456526
38 5   0.00456526
38 6   0.00456526
38 7   0.00456526
38 8   0.00456526
38 9   0.00456526
38 10   0.00456526
38 11   0.00456526
38 12   0.00456526
38 13   0.00456526
38 14   0.00456526
38 15   0.00456526
38 16   0.00456526
38 17   0.00456526
38 18   0.00456526
38 19   0.00456526
38 20   0.00456526
38 21   0.00456526
38 22   0.00456526
38 23   0.00456526
38 24   0.00456526
38 25   0.00456526
38 26   0.00456526
38 27   0.00456526
38 28   0.00456526
38 29   0.00456526
38 30   0.00456526
38 31   0.00456526
38 32   0.00456526
38 33   0.00456526
38 34   0.00456526
38 35   0.00456526
38 36   0.00456526
38 37   0.00456526
38 38   0.00456526
38 39   0.00456526
38 40   0.00456526
39 1   -0.0123413
39 2   -0.0123413
39 3   -0.0123413
39 4   -0.0123413
39 5   -0.0123413
39 6   -0.0123413
39 7   -0.0123413
39 8   -0.0123413
39 9   -0.0123413
39 10   -0.0123413
39 11   -0.0123413
39 12   -0.0123413
39 13   -0.0123413
39 14   -0.0123413
39 15   -0.0123413
39 16   -0.0123413
39 17   -0.0123413
39 18   -0.0123413
39 19   -0.0123413
39 20   -0.0123413
39 21   -0.0123413
39 22   -0.0123413
39 23   -0.0123413
39 24   -0.0123413
39 25   -0.0123413
39 26   -0.0123413
39 27   -0.0123413
39 28   -0.0123413
39 29   -0.0123413
39 30   -0.0123413
39 31   -0.0123413
39 32   -0.0123413
39 33   -0.0123413
39 34   -0.0123413
39 35   -0.0123413
39 36   -0.0123413
39 37   -0.0123413
39 38   -0.0123413
39 39   -0.0123413
39 40   -0.0123413
40 1   -0.0233389
40 2   -0.0233389
40 3   -0.0233389
40 4   -0.0233389
40 5   -0.0233389
40 6   -0.0233389
40 7   -0.0233389
40 8   -0.0233389
40 9   -0.0233389
40 10   -0.0233389
40 11   -0.0233389
40 12   -0.0233389
40 13   -0.0233389
40 14   -0.0233389
40 15   -0.0233389
40 16   -0.0233389
40 17   -0.0233389
40 18   -0.0233389
40 19   -0.0233389
40 20   -0.0233389
40 21   -0.0233389
40 22   -0.0233389
40 23   -0.0233389
40 24   -0.0233389
40 25   -0.0233389
40 26   -0.0233389
40 27   -0.0233389
40 28   -0.0233389
40 29   -0.0233389
40 30   -0.0233389
40 31   -0.0233389
40 32   -0.0233389
40 33   -0.0233389
40 34   -0.0233389
40 35   -0.0233389
40 36   -0.0233389
40 37   -0.0233389
40 38   -0.0233389
40 39   -0.0233389
40 40   -0.0233389
