1 1   1.00265
1 2   1.00265
1 3   1.00265
1 4   1.00265
1 5   1.00265
1 6   1.00265
1 7   1.00265
1 8   1.00265
1 9   1.00265
1 10   1.00265
1 11   1.00265
1 12   1.00265
1 13   1.00265
1 14   1.00265
1 15   1.00265
1 16   1.00265
1 17   1.00265
1 18   1.00265
1 19   1.00265
1 20   1.00265
1 21   1.00265
1 22   1.00265
1 23   1.00265
1 24   1.00265
1 25   1.00265
1 26   1.00265
1 27   1.00265
1 28   1.00265
1 29   1.00265
1 30   1.00265
1 31   1.00265
1 32   1.00265
1 33   1.00265
1 34   1.00265
1 35   1.00265
1 36   1.00265
1 37   1.00265
1 38   1.00265
1 39   1.00265
1 40   1.00265
2 1   0.994696
2 2   0.994696
2 3   0.994696
2 4   0.994696
2 5   0.994696
2 6   0.994696
2 7   0.994696
2 8   0.994696
2 9   0.994696
2 10   0.994696
2 11   0.994696
2 12   0.994696
2 13   0.994696
2 14   0.994696
2 15   0.994696
2 16   0.994696
2 17   0.994696
2 18   0.994696
2 19   0.994696
2 20   0.994696
2 21   0.994696
2 22   0.994696
2 23   0.994696
2 24   0.994696
2 25   0.994696
2 26   0.994696
2 27   0.994696
2 28   0.994696
2 29   0.994696
2 30   0.994696
2 31   0.994696
2 32   0.994696
2 33   0.994696
2 34   0.994696
2 35   0.994696
2 36   0.994696
2 37   0.994696
2 38   0.994696
2 39   0.994696
2 40   0.994696
3 1   0.999295
3 2   0.999295
3 3   0.999295
3 4   0.999295
3 5   0.999295
3 6   0.999295
3 7   0.999295
3 8   0.999295
3 9   0.999295
3 10   0.999295
3 11   0.999295
3 12   0.999295
3 13   0.999295
3 14   0.999295
3 15   0.999295
3 16   0.999295
3 17   0.999295
3 18   0.999295
3 19   0.999295
3 20   0.999295
3 21   0.999295
3 22   0.999295
3 23   0.999295
3 24   0.999295
3 25   0.999295
3 26   0.999295
3 27   0.999295
3 28   0.999295
3 29   0.999295
3 30   0.999295
3 31   0.999295
3 32   0.999295
3 33   0.999295
3 34   0.999295
3 35   0.999295
3 36   0.999295
3 37   0.999295
3 38   0.999295
3 39   0.999295
3 40   0.999295
4 1   1.01046
4 2   1.01046
4 3   1.01046
4 4   1.01046
4 5   1.01046
4 6   1.01046
4 7   1.01046
4 8   1.01046
4 9   1.01046
4 10   1.01046
4 11   1.01046
4 12   1.01046
4 13   1.01046
4 14   1.01046
4 15   1.01046
4 16   1.01046
4 17   1.01046
4 18   1.01046
4 19   1.01046
4 20   1.01046
4 21   1.01046
4 22   1.01046
4 23   1.01046
4 24   1.01046
4 25   1.01046
4 26   1.01046
4 27   1.01046
4 28   1.01046
4 29   1.01046
4 30   1.01046
4 31   1.01046
4 32   1.01046
4 33   1.01046
4 34   1.01046
4 35   1.01046
4 36   1.01046
4 37   1.01046
4 38   1.01046
4 39   1.01046
4 40   1.01046
5 1   0.995437
5 2   0.995437
5 3   0.995437
5 4   0.995437
5 5   0.995437
5 6   0.995437
5 7   0.995437
5 8   0.995437
5 9   0.995437
5 10   0.995437
5 11   0.995437
5 12   0.995437
5 13   0.995437
5 14   0.995437
5 15   0.995437
5 16   0.995437
5 17   0.995437
5 18   0.995437
5 19   0.995437
5 20   0.995437
5 21   0.995437
5 22   0.995437
5 23   0.995437
5 24   0.995437
5 25   0.995437
5 26   0.995437
5 27   0.995437
5 28   0.995437
5 29   0.995437
5 30   0.995437
5 31   0.995437
5 32   0.995437
5 33   0.995437
5 34   0.995437
5 35   0.995437
5 36   0.995437
5 37   0.995437
5 38   0.995437
5 39   0.995437
5 40   0.995437
6 1   0.986881
6 2   0.986881
6 3   0.986881
6 4   0.986881
6 5   0.986881
6 6   0.986881
6 7   0.986881
6 8   0.986881
6 9   0.986881
6 10   0.986881
6 11   0.986881
6 12   0.986881
6 13   0.986881
6 14   0.986881
6 15   0.986881
6 16   0.986881
6 17   0.986881
6 18   0.986881
6 19   0.986881
6 20   0.986881
6 21   0.986881
6 22   0.986881
6 23   0.986881
6 24   0.986881
6 25   0.986881
6 26   0.986881
6 27   0.986881
6 28   0.986881
6 29   0.986881
6 30   0.986881
6 31   0.986881
6 32   0.986881
6 33   0.986881
6 34   0.986881
6 35   0.986881
6 36   0.986881
6 37   0.986881
6 38   0.986881
6 39   0.986881
6 40   0.986881
7 1   1.00634
7 2   1.00634
7 3   1.00634
7 4   1.00634
7 5   1.00634
7 6   1.00634
7 7   1.00634
7 8   1.00634
7 9   1.00634
7 10   1.00634
7 11   1.00634
7 12   1.00634
7 13   1.00634
7 14   1.00634
7 15   1.00634
7 16   1.00634
7 17   1.00634
7 18   1.00634
7 19   1.00634
7 20   1.00634
7 21   1.00634
7 22   1.00634
7 23   1.00634
7 24   1.00634
7 25   1.00634
7 26   1.00634
7 27   1.00634
7 28   1.00634
7 29   1.00634
7 30   1.00634
7 31   1.00634
7 32   1.00634
7 33   1.00634
7 34   1.00634
7 35   1.00634
7 36   1.00634
7 37   1.00634
7 38   1.00634
7 39   1.00634
7 40   1.00634
8 1   1.01847
8 2   1.01847
8 3   1.01847
8 4   1.01847
8 5   1.01847
8 6   1.01847
8 7   1.01847
8 8   1.01847
8 9   1.01847
8 10   1.01847
8 11   1.01847
8 12   1.01847
8 13   1.01847
8 14   1.01847
8 15   1.01847
8 16   1.01847
8 17   1.01847
8 18   1.01847
8 19   1.01847
8 20   1.01847
8 21   1.01847
8 22   1.01847
8 23   1.01847
8 24   1.01847
8 25   1.01847
8 26   1.01847
8 27   1.01847
8 28   1.01847
8 29   1.01847
8 30   1.01847
8 31   1.01847
8 32   1.01847
8 33   1.01847
8 34   1.01847
8 35   1.01847
8 36   1.01847
8 37   1.01847
8 38   1.01847
8 39   1.01847
8 40   1.01847
9 1   0.992266
9 2   0.992266
9 3   0.992266
9 4   0.992266
9 5   0.992266
9 6   0.992266
9 7   0.992266
9 8   0.992266
9 9   0.992266
9 10   0.992266
9 11   0.992266
9 12   0.992266
9 13   0.992266
9 14   0.992266
9 15   0.992266
9 16   0.992266
9 17   0.992266
9 18   0.992266
9 19   0.992266
9 20   0.992266
9 21   0.992266
9 22   0.992266
9 23   0.992266
9 24   0.992266
9 25   0.992266
9 26   0.992266
9 27   0.992266
9 28   0.992266
9 29   0.992266
9 30   0.992266
9 31   0.992266
9 32   0.992266
9 33   0.992266
9 34   0.992266
9 35   0.992266
9 36   0.992266
9 37   0.992266
9 38   0.992266
9 39   0.992266
9 40   0.992266
10 1   0.972957
10 2   0.972957
10 3   0.972957
10 4   0.972957
10 5   0.972957
10 6   0.972957
10 7   0.972957
10 8   0.972957
10 9   0.972957
10 10   0.972957
10 11   0.972957
10 12   0.972957
10 13   0.972957
10 14   0.972957
10 15   0.972957
10 16   0.972957
10 17   0.972957
10 18   0.972957
10 19   0.972957
10 20   0.972957
10 21   0.972957
10 22   0.972957
10 23   0.972957
10 24   0.972957
10 25   0.972957
10 26   0.972957
10 27   0.972957
10 28   0.972957
10 29   0.972957
10 30   0.972957
10 31   0.972957
10 32   0.972957
10 33   0.972957
10 34   0.972957
10 35   0.972957
10 36   0.972957
10 37   0.972957
10 38   0.972957
10 39   0.972957
10 40   0.972957
11 1   0.992112
11 2   0.992112
11 3   0.992112
11 4   0.992112
11 5   0.992112
11 6   0.992112
11 7   0.992112
11 8   0.992112
11 9   0.992112
11 10   0.992112
11 11   0.992112
11 12   0.992112
11 13   0.992112
11 14   0.992112
11 15   0.992112
11 16   0.992112
11 17   0.992112
11 18   0.992112
11 19   0.992112
11 20   0.992112
11 21   0.992112
11 22   0.992112
11 23   0.992112
11 24   0.992112
11 25   0.992112
11 26   0.992112
11 27   0.992112
11 28   0.992112
11 29   0.992112
11 30   0.992112
11 31   0.992112
11 32   0.992112
11 33   0.992112
11 34   0.992112
11 35   0.992112
11 36   0.992112
11 37   0.992112
11 38   0.992112
11 39   0.992112
11 40   0.992112
12 1   1.00945
12 2   1.00945
12 3   1.00945
12 4   1.00945
12 5   1.00945
12 6   1.00945
12 7   1.00945
12 8   1.00945
12 9   1.00945
12 10   1.00945
12 11   1.00945
12 12   1.00945
12 13   1.00945
12 14   1.00945
12 15   1.00945
12 16   1.00945
12 17   1.00945
12 18   1.00945
12 19   1.00945
12 20   1.00945
12 21   1.00945
12 22   1.00945
12 23   1.00945
12 24   1.00945
12 25   1.00945
12 26   1.00945
12 27   1.00945
12 28   1.00945
12 29   1.00945
12 30   1.00945
12 31   1.00945
12 32   1.00945
12 33   1.00945
12 34   1.00945
12 35   1.00945
12 36   1.00945
12 37   1.00945
12 38   1.00945
12 39   1.00945
12 40   1.00945
13 1   0.987544
13 2   0.987544
13 3   0.987544
13 4   0.987544
13 5   0.987544
13 6   0.987544
13 7   0.987544
13 8   0.987544
13 9   0.987544
13 10   0.987544
13 11   0.987544
13 12   0.987544
13 13   0.987544
13 14   0.987544
13 15   0.987544
13 16   0.987544
13 17   0.987544
13 18   0.987544
13 19   0.987544
13 20   0.987544
13 21   0.987544
13 22   0.987544
13 23   0.987544
13 24   0.987544
13 25   0.987544
13 26   0.987544
13 27   0.987544
13 28   0.987544
13 29   0.987544
13 30   0.987544
13 31   0.987544
13 32   0.987544
13 33   0.987544
13 34   0.987544
13 35   0.987544
13 36   0.987544
13 37   0.987544
13 38   0.987544
13 39   0.987544
13 40   0.987544
14 1   0.923435
14 2   0.923435
14 3   0.923435
14 4   0.923435
14 5   0.923435
14 6   0.923435
14 7   0.923435
14 8   0.923435
14 9   0.923435
14 10   0.923435
14 11   0.923435
14 12   0.923435
14 13   0.923435
14 14   0.923435
14 15   0.923435
14 16   0.923435
14 17   0.923435
14 18   0.923435
14 19   0.923435
14 20   0.923435
14 21   0.923435
14 22   0.923435
14 23   0.923435
14 24   0.923435
14 25   0.923435
14 26   0.923435
14 27   0.923435
14 28   0.923435
14 29   0.923435
14 30   0.923435
14 31   0.923435
14 32   0.923435
14 33   0.923435
14 34   0.923435
14 35   0.923435
14 36   0.923435
14 37   0.923435
14 38   0.923435
14 39   0.923435
14 40   0.923435
15 1   0.830209
15 2   0.830209
15 3   0.830209
15 4   0.830209
15 5   0.830209
15 6   0.830209
15 7   0.830209
15 8   0.830209
15 9   0.830209
15 10   0.830209
15 11   0.830209
15 12   0.830209
15 13   0.830209
15 14   0.830209
15 15   0.830209
15 16   0.830209
15 17   0.830209
15 18   0.830209
15 19   0.830209
15 20   0.830209
15 21   0.830209
15 22   0.830209
15 23   0.830209
15 24   0.830209
15 25   0.830209
15 26   0.830209
15 27   0.830209
15 28   0.830209
15 29   0.830209
15 30   0.830209
15 31   0.830209
15 32   0.830209
15 33   0.830209
15 34   0.830209
15 35   0.830209
15 36   0.830209
15 37   0.830209
15 38   0.830209
15 39   0.830209
15 40   0.830209
16 1   0.760321
16 2   0.760321
16 3   0.760321
16 4   0.760321
16 5   0.760321
16 6   0.760321
16 7   0.760321
16 8   0.760321
16 9   0.760321
16 10   0.760321
16 11   0.760321
16 12   0.760321
16 13   0.760321
16 14   0.760321
16 15   0.760321
16 16   0.760321
16 17   0.760321
16 18   0.760321
16 19   0.760321
16 20   0.760321
16 21   0.760321
16 22   0.760321
16 23   0.760321
16 24   0.760321
16 25   0.760321
16 26   0.760321
16 27   0.760321
16 28   0.760321
16 29   0.760321
16 30   0.760321
16 31   0.760321
16 32   0.760321
16 33   0.760321
16 34   0.760321
16 35   0.760321
16 36   0.760321
16 37   0.760321
16 38   0.760321
16 39   0.760321
16 40   0.760321
17 1   0.709456
17 2   0.709456
17 3   0.709456
17 4   0.709456
17 5   0.709456
17 6   0.709456
17 7   0.709456
17 8   0.709456
17 9   0.709456
17 10   0.709456
17 11   0.709456
17 12   0.709456
17 13   0.709456
17 14   0.709456
17 15   0.709456
17 16   0.709456
17 17   0.709456
17 18   0.709456
17 19   0.709456
17 20   0.709456
17 21   0.709456
17 22   0.709456
17 23   0.709456
17 24   0.709456
17 25   0.709456
17 26   0.709456
17 27   0.709456
17 28   0.709456
17 29   0.709456
17 30   0.709456
17 31   0.709456
17 32   0.709456
17 33   0.709456
17 34   0.709456
17 35   0.709456
17 36   0.709456
17 37   0.709456
17 38   0.709456
17 39   0.709456
17 40   0.709456
18 1   0.642018
18 2   0.642018
18 3   0.642018
18 4   0.642018
18 5   0.642018
18 6   0.642018
18 7   0.642018
18 8   0.642018
18 9   0.642018
18 10   0.642018
18 11   0.642018
18 12   0.642018
18 13   0.642018
18 14   0.642018
18 15   0.642018
18 16   0.642018
18 17   0.642018
18 18   0.642018
18 19   0.642018
18 20   0.642018
18 21   0.642018
18 22   0.642018
18 23   0.642018
18 24   0.642018
18 25   0.642018
18 26   0.642018
18 27   0.642018
18 28   0.642018
18 29   0.642018
18 30   0.642018
18 31   0.642018
18 32   0.642018
18 33   0.642018
18 34   0.642018
18 35   0.642018
18 36   0.642018
18 37   0.642018
18 38   0.642018
18 39   0.642018
18 40   0.642018
19 1   0.553253
19 2   0.553253
19 3   0.553253
19 4   0.553253
19 5   0.553253
19 6   0.553253
19 7   0.553253
19 8   0.553253
19 9   0.553253
19 10   0.553253
19 11   0.553253
19 12   0.553253
19 13   0.553253
19 14   0.553253
19 15   0.553253
19 16   0.553253
19 17   0.553253
19 18   0.553253
19 19   0.553253
19 20   0.553253
19 21   0.553253
19 22   0.553253
19 23   0.553253
19 24   0.553253
19 25   0.553253
19 26   0.553253
19 27   0.553253
19 28   0.553253
19 29   0.553253
19 30   0.553253
19 31   0.553253
19 32   0.553253
19 33   0.553253
19 34   0.553253
19 35   0.553253
19 36   0.553253
19 37   0.553253
19 38   0.553253
19 39   0.553253
19 40   0.553253
20 1   0.448129
20 2   0.448129
20 3   0.448129
20 4   0.448129
20 5   0.448129
20 6   0.448129
20 7   0.448129
20 8   0.448129
20 9   0.448129
20 10   0.448129
20 11   0.448129
20 12   0.448129
20 13   0.448129
20 14   0.448129
20 15   0.448129
20 16   0.448129
20 17   0.448129
20 18   0.448129
20 19   0.448129
20 20   0.448129
20 21   0.448129
20 22   0.448129
20 23   0.448129
20 24   0.448129
20 25   0.448129
20 26   0.448129
20 27   0.448129
20 28   0.448129
20 29   0.448129
20 30   0.448129
20 31   0.448129
20 32   0.448129
20 33   0.448129
20 34   0.448129
20 35   0.448129
20 36   0.448129
20 37   0.448129
20 38   0.448129
20 39   0.448129
20 40   0.448129
21 1   0.354804
21 2   0.354804
21 3   0.354804
21 4   0.354804
21 5   0.354804
21 6   0.354804
21 7   0.354804
21 8   0.354804
21 9   0.354804
21 10   0.354804
21 11   0.354804
21 12   0.354804
21 13   0.354804
21 14   0.354804
21 15   0.354804
21 16   0.354804
21 17   0.354804
21 18   0.354804
21 19   0.354804
21 20   0.354804
21 21   0.354804
21 22   0.354804
21 23   0.354804
21 24   0.354804
21 25   0.354804
21 26   0.354804
21 27   0.354804
21 28   0.354804
21 29   0.354804
21 30   0.354804
21 31   0.354804
21 32   0.354804
21 33   0.354804
21 34   0.354804
21 35   0.354804
21 36   0.354804
21 37   0.354804
21 38   0.354804
21 39   0.354804
21 40   0.354804
22 1   0.294258
22 2   0.294258
22 3   0.294258
22 4   0.294258
22 5   0.294258
22 6   0.294258
22 7   0.294258
22 8   0.294258
22 9   0.294258
22 10   0.294258
22 11   0.294258
22 12   0.294258
22 13   0.294258
22 14   0.294258
22 15   0.294258
22 16   0.294258
22 17   0.294258
22 18   0.294258
22 19   0.294258
22 20   0.294258
22 21   0.294258
22 22   0.294258
22 23   0.294258
22 24   0.294258
22 25   0.294258
22 26   0.294258
22 27   0.294258
22 28   0.294258
22 29   0.294258
22 30   0.294258
22 31   0.294258
22 32   0.294258
22 33   0.294258
22 34   0.294258
22 35   0.294258
22 36   0.294258
22 37   0.294258
22 38   0.294258
22 39   0.294258
22 40   0.294258
23 1   0.238146
23 2   0.238146
23 3   0.238146
23 4   0.238146
23 5   0.238146
23 6   0.238146
23 7   0.238146
23 8   0.238146
23 9   0.238146
23 10   0.238146
23 11   0.238146
23 12   0.238146
23 13   0.238146
23 14   0.238146
23 15   0.238146
23 16   0.238146
23 17   0.238146
23 18   0.238146
23 19   0.238146
23 20   0.238146
23 21   0.238146
23 22   0.238146
23 23   0.238146
23 24   0.238146
23 25   0.238146
23 26   0.238146
23 27   0.238146
23 28   0.238146
23 29   0.238146
23 30   0.238146
23 31   0.238146
23 32   0.238146
23 33   0.238146
23 34   0.238146
23 35   0.238146
23 36   0.238146
23 37   0.238146
23 38   0.238146
23 39   0.238146
23 40   0.238146
24 1   0.16786
24 2   0.16786
24 3   0.16786
24 4   0.16786
24 5   0.16786
24 6   0.16786
24 7   0.16786
24 8   0.16786
24 9   0.16786
24 10   0.16786
24 11   0.16786
24 12   0.16786
24 13   0.16786
24 14   0.16786
24 15   0.16786
24 16   0.16786
24 17   0.16786
24 18   0.16786
24 19   0.16786
24 20   0.16786
24 21   0.16786
24 22   0.16786
24 23   0.16786
24 24   0.16786
24 25   0.16786
24 26   0.16786
24 27   0.16786
24 28   0.16786
24 29   0.16786
24 30   0.16786
24 31   0.16786
24 32   0.16786
24 33   0.16786
24 34   0.16786
24 35   0.16786
24 36   0.16786
24 37   0.16786
24 38   0.16786
24 39   0.16786
24 40   0.16786
25 1   0.0817397
25 2   0.0817397
25 3   0.0817397
25 4   0.0817397
25 5   0.0817397
25 6   0.0817397
25 7   0.0817397
25 8   0.0817397
25 9   0.0817397
25 10   0.0817397
25 11   0.0817397
25 12   0.0817397
25 13   0.0817397
25 14   0.0817397
25 15   0.0817397
25 16   0.0817397
25 17   0.0817397
25 18   0.0817397
25 19   0.0817397
25 20   0.0817397
25 21   0.0817397
25 22   0.0817397
25 23   0.0817397
25 24   0.0817397
25 25   0.0817397
25 26   0.0817397
25 27   0.0817397
25 28   0.0817397
25 29   0.0817397
25 30   0.0817397
25 31   0.0817397
25 32   0.0817397
25 33   0.0817397
25 34   0.0817397
25 35   0.0817397
25 36   0.0817397
25 37   0.0817397
25 38   0.0817397
25 39   0.0817397
25 40   0.0817397
26 1   0.00781104
26 2   0.00781104
26 3   0.00781104
26 4   0.00781104
26 5   0.00781104
26 6   0.00781104
26 7   0.00781104
26 8   0.00781104
26 9   0.00781104
26 10   0.00781104
26 11   0.00781104
26 12   0.00781104
26 13   0.00781104
26 14   0.00781104
26 15   0.00781104
26 16   0.00781104
26 17   0.00781104
26 18   0.00781104
26 19   0.00781104
26 20   0.00781104
26 21   0.00781104
26 22   0.00781104
26 23   0.00781104
26 24   0.00781104
26 25   0.00781104
26 26   0.00781104
26 27   0.00781104
26 28   0.00781104
26 29   0.00781104
26 30   0.00781104
26 31   0.00781104
26 32   0.00781104
26 33   0.00781104
26 34   0.00781104
26 35   0.00781104
26 36   0.00781104
26 37   0.00781104
26 38   0.00781104
26 39   0.00781104
26 40   0.00781104
27 1   -0.00894974
27 2   -0.00894974
27 3   -0.00894974
27 4   -0.00894974
27 5   -0.00894974
27 6   -0.00894974
27 7   -0.00894974
27 8   -0.00894974
27 9   -0.00894974
27 10   -0.00894974
27 11   -0.00894974
27 12   -0.00894974
27 13   -0.00894974
27 14   -0.00894974
27 15   -0.00894974
27 16   -0.00894974
27 17   -0.00894974
27 18   -0.00894974
27 19   -0.00894974
27 20   -0.00894974
27 21   -0.00894974
27 22   -0.00894974
27 23   -0.00894974
27 24   -0.00894974
27 25   -0.00894974
27 26   -0.00894974
27 27   -0.00894974
27 28   -0.00894974
27 29   -0.00894974
27 30   -0.00894974
27 31   -0.00894974
27 32   -0.00894974
27 33   -0.00894974
27 34   -0.00894974
27 35   -0.00894974
27 36   -0.00894974
27 37   -0.00894974
27 38   -0.00894974
27 39   -0.00894974
27 40   -0.00894974
28 1   0.0128995
28 2   0.0128995
28 3   0.0128995
28 4   0.0128995
28 5   0.0128995
28 6   0.0128995
28 7   0.0128995
28 8   0.0128995
28 9   0.0128995
28 10   0.0128995
28 11   0.0128995
28 12   0.0128995
28 13   0.0128995
28 14   0.0128995
28 15   0.0128995
28 16   0.0128995
28 17   0.0128995
28 18   0.0128995
28 19   0.0128995
28 20   0.0128995
28 21   0.0128995
28 22   0.0128995
28 23   0.0128995
28 24   0.0128995
28 25   0.0128995
28 26   0.0128995
28 27   0.0128995
28 28   0.0128995
28 29   0.0128995
28 30   0.0128995
28 31   0.0128995
28 32   0.0128995
28 33   0.0128995
28 34   0.0128995
28 35   0.0128995
28 36   0.0128995
28 37   0.0128995
28 38   0.0128995
28 39   0.0128995
28 40   0.0128995
29 1   0.0207863
29 2   0.0207863
29 3   0.0207863
29 4   0.0207863
29 5   0.0207863
29 6   0.0207863
29 7   0.0207863
29 8   0.0207863
29 9   0.0207863
29 10   0.0207863
29 11   0.0207863
29 12   0.0207863
29 13   0.0207863
29 14   0.0207863
29 15   0.0207863
29 16   0.0207863
29 17   0.0207863
29 18   0.0207863
29 19   0.0207863
29 20   0.0207863
29 21   0.0207863
29 22   0.0207863
29 23   0.0207863
29 24   0.0207863
29 25   0.0207863
29 26   0.0207863
29 27   0.0207863
29 28   0.0207863
29 29   0.0207863
29 30   0.0207863
29 31   0.0207863
29 32   0.0207863
29 33   0.0207863
29 34   0.0207863
29 35   0.0207863
29 36   0.0207863
29 37   0.0207863
29 38   0.0207863
29 39   0.0207863
29 40   0.0207863
30 1   0.00993649
30 2   0.00993649
30 3   0.00993649
30 4   0.00993649
30 5   0.00993649
30 6   0.00993649
30 7   0.00993649
30 8   0.00993649
30 9   0.00993649
30 10   0.00993649
30 11   0.00993649
30 12   0.00993649
30 13   0.00993649
30 14   0.00993649
30 15   0.00993649
30 16   0.00993649
30 17   0.00993649
30 18   0.00993649
30 19   0.00993649
30 20   0.00993649
30 21   0.00993649
30 22   0.00993649
30 23   0.00993649
30 24   0.00993649
30 25   0.00993649
30 26   0.00993649
30 27   0.00993649
30 28   0.00993649
30 29   0.00993649
30 30   0.00993649
30 31   0.00993649
30 32   0.00993649
30 33   0.00993649
30 34   0.00993649
30 35   0.00993649
30 36   0.00993649
30 37   0.00993649
30 38   0.00993649
30 39   0.00993649
30 40   0.00993649
31 1   -0.014603
31 2   -0.014603
31 3   -0.014603
31 4   -0.014603
31 5   -0.014603
31 6   -0.014603
31 7   -0.014603
31 8   -0.014603
31 9   -0.014603
31 10   -0.014603
31 11   -0.014603
31 12   -0.014603
31 13   -0.014603
31 14   -0.014603
31 15   -0.014603
31 16   -0.014603
31 17   -0.014603
31 18   -0.014603
31 19   -0.014603
31 20   -0.014603
31 21   -0.014603
31 22   -0.014603
31 23   -0.014603
31 24   -0.014603
31 25   -0.014603
31 26   -0.014603
31 27   -0.014603
31 28   -0.014603
31 29   -0.014603
31 30   -0.014603
31 31   -0.014603
31 32   -0.014603
31 33   -0.014603
31 34   -0.014603
31 35   -0.014603
31 36   -0.014603
31 37   -0.014603
31 38   -0.014603
31 39   -0.014603
31 40   -0.014603
32 1   -0.011032
32 2   -0.011032
32 3   -0.011032
32 4   -0.011032
32 5   -0.011032
32 6   -0.011032
32 7   -0.011032
32 8   -0.011032
32 9   -0.011032
32 10   -0.011032
32 11   -0.011032
32 12   -0.011032
32 13   -0.011032
32 14   -0.011032
32 15   -0.011032
32 16   -0.011032
32 17   -0.011032
32 18   -0.011032
32 19   -0.011032
32 20   -0.011032
32 21   -0.011032
32 22   -0.011032
32 23   -0.011032
32 24   -0.011032
32 25   -0.011032
32 26   -0.011032
32 27   -0.011032
32 28   -0.011032
32 29   -0.011032
32 30   -0.011032
32 31   -0.011032
32 32   -0.011032
32 33   -0.011032
32 34   -0.011032
32 35   -0.011032
32 36   -0.011032
32 37   -0.011032
32 38   -0.011032
32 39   -0.011032
32 40   -0.011032
33 1   0.0131043
33 2   0.0131043
33 3   0.0131043
33 4   0.0131043
33 5   0.0131043
33 6   0.0131043
33 7   0.0131043
33 8   0.0131043
33 9   0.0131043
33 10   0.0131043
33 11   0.0131043
33 12   0.0131043
33 13   0.0131043
33 14   0.0131043
33 15   0.0131043
33 16   0.0131043
33 17   0.0131043
33 18   0.0131043
33 19   0.0131043
33 20   0.0131043
33 21   0.0131043
33 22   0.0131043
33 23   0.0131043
33 24   0.0131043
33 25   0.0131043
33 26   0.0131043
33 27   0.0131043
33 28   0.0131043
33 29   0.0131043
33 30   0.0131043
33 31   0.0131043
33 32   0.0131043
33 33   0.0131043
33 34   0.0131043
33 35   0.0131043
33 36   0.0131043
33 37   0.0131043
33 38   0.0131043
33 39   0.0131043
33 40   0.0131043
34 1   0.00888121
34 2   0.00888121
34 3   0.00888121
34 4   0.00888121
34 5   0.00888121
34 6   0.00888121
34 7   0.00888121
34 8   0.00888121
34 9   0.00888121
34 10   0.00888121
34 11   0.00888121
34 12   0.00888121
34 13   0.00888121
34 14   0.00888121
34 15   0.00888121
34 16   0.00888121
34 17   0.00888121
34 18   0.00888121
34 19   0.00888121
34 20   0.00888121
34 21   0.00888121
34 22   0.00888121
34 23   0.00888121
34 24   0.00888121
34 25   0.00888121
34 26   0.00888121
34 27   0.00888121
34 28   0.00888121
34 29   0.00888121
34 30   0.00888121
34 31   0.00888121
34 32   0.00888121
34 33   0.00888121
34 34   0.00888121
34 35   0.00888121
34 36   0.00888121
34 37   0.00888121
34 38   0.00888121
34 39   0.00888121
34 40   0.00888121
35 1   -0.0115308
35 2   -0.0115308
35 3   -0.0115308
35 4   -0.0115308
35 5   -0.0115308
35 6   -0.0115308
35 7   -0.0115308
35 8   -0.0115308
35 9   -0.0115308
35 10   -0.0115308
35 11   -0.0115308
35 12   -0.0115308
35 13   -0.0115308
35 14   -0.0115308
35 15   -0.0115308
35 16   -0.0115308
35 17   -0.0115308
35 18   -0.0115308
35 19   -0.0115308
35 20   -0.0115308
35 21   -0.0115308
35 22   -0.0115308
35 23   -0.0115308
35 24   -0.0115308
35 25   -0.0115308
35 26   -0.0115308
35 27   -0.0115308
35 28   -0.0115308
35 29   -0.0115308
35 30   -0.0115308
35 31   -0.0115308
35 32   -0.0115308
35 33   -0.0115308
35 34   -0.0115308
35 35   -0.0115308
35 36   -0.0115308
35 37   -0.0115308
35 38   -0.0115308
35 39   -0.0115308
35 40   -0.0115308
36 1   -0.00440921
36 2   -0.00440921
36 3   -0.00440921
36 4   -0.00440921
36 5   -0.00440921
36 6   -0.00440921
36 7   -0.00440921
36 8   -0.00440921
36 9   -0.00440921
36 10   -0.00440921
36 11   -0.00440921
36 12   -0.00440921
36 13   -0.00440921
36 14   -0.00440921
36 15   -0.00440921
36 16   -0.00440921
36 17   -0.00440921
36 18   -0.00440921
36 19   -0.00440921
36 20   -0.00440921
36 21   -0.00440921
36 22   -0.00440921
36 23   -0.00440921
36 24   -0.00440921
36 25   -0.00440921
36 26   -0.00440921
36 27   -0.00440921
36 28   -0.00440921
36 29   -0.00440921
36 30   -0.00440921
36 31   -0.00440921
36 32   -0.00440921
36 33   -0.00440921
36 34   -0.00440921
36 35   -0.00440921
36 36   -0.00440921
36 37   -0.00440921
36 38   -0.00440921
36 39   -0.00440921
36 40   -0.00440921
37 1   0.0104018
37 2   0.0104018
37 3   0.0104018
37 4   0.0104018
37 5   0.0104018
37 6   0.0104018
37 7   0.0104018
37 8   0.0104018
37 9   0.0104018
37 10   0.0104018
37 11   0.0104018
37 12   0.0104018
37 13   0.0104018
37 14   0.0104018
37 15   0.0104018
37 16   0.0104018
37 17   0.0104018
37 18   0.0104018
37 19   0.0104018
37 20   0.0104018
37 21   0.0104018
37 22   0.0104018
37 23   0.0104018
37 24   0.0104018
37 25   0.0104018
37 26   0.0104018
37 27   0.0104018
37 28   0.0104018
37 29   0.0104018
37 30   0.0104018
37 31   0.0104018
37 32   0.0104018
37 33   0.0104018
37 34   0.0104018
37 35   0.0104018
37 36   0.0104018
37 37   0.0104018
37 38   0.0104018
37 39   0.0104018
37 40   0.0104018
38 1   -7.56569e-005
38 2   -7.56569e-005
38 3   -7.56569e-005
38 4   -7.56569e-005
38 5   -7.56569e-005
38 6   -7.56569e-005
38 7   -7.56569e-005
38 8   -7.56569e-005
38 9   -7.56569e-005
38 10   -7.56569e-005
38 11   -7.56569e-005
38 12   -7.56569e-005
38 13   -7.56569e-005
38 14   -7.56569e-005
38 15   -7.56569e-005
38 16   -7.56569e-005
38 17   -7.56569e-005
38 18   -7.56569e-005
38 19   -7.56569e-005
38 20   -7.56569e-005
38 21   -7.56569e-005
38 22   -7.56569e-005
38 23   -7.56569e-005
38 24   -7.56569e-005
38 25   -7.56569e-005
38 26   -7.56569e-005
38 27   -7.56569e-005
38 28   -7.56569e-005
38 29   -7.56569e-005
38 30   -7.56569e-005
38 31   -7.56569e-005
38 32   -7.56569e-005
38 33   -7.56569e-005
38 34   -7.56569e-005
38 35   -7.56569e-005
38 36   -7.56569e-005
38 37   -7.56569e-005
38 38   -7.56569e-005
38 39   -7.56569e-005
38 40   -7.56569e-005
39 1   -0.00819262
39 2   -0.00819262
39 3   -0.00819262
39 4   -0.00819262
39 5   -0.00819262
39 6   -0.00819262
39 7   -0.00819262
39 8   -0.00819262
39 9   -0.00819262
39 10   -0.00819262
39 11   -0.00819262
39 12   -0.00819262
39 13   -0.00819262
39 14   -0.00819262
39 15   -0.00819262
39 16   -0.00819262
39 17   -0.00819262
39 18   -0.00819262
39 19   -0.00819262
39 20   -0.00819262
39 21   -0.00819262
39 22   -0.00819262
39 23   -0.00819262
39 24   -0.00819262
39 25   -0.00819262
39 26   -0.00819262
39 27   -0.00819262
39 28   -0.00819262
39 29   -0.00819262
39 30   -0.00819262
39 31   -0.00819262
39 32   -0.00819262
39 33   -0.00819262
39 34   -0.00819262
39 35   -0.00819262
39 36   -0.00819262
39 37   -0.00819262
39 38   -0.00819262
39 39   -0.00819262
39 40   -0.00819262
40 1   0.00488798
40 2   0.00488798
40 3   0.00488798
40 4   0.00488798
40 5   0.00488798
40 6   0.00488798
40 7   0.00488798
40 8   0.00488798
40 9   0.00488798
40 10   0.00488798
40 11   0.00488798
40 12   0.00488798
40 13   0.00488798
40 14   0.00488798
40 15   0.00488798
40 16   0.00488798
40 17   0.00488798
40 18   0.00488798
40 19   0.00488798
40 20   0.00488798
40 21   0.00488798
40 22   0.00488798
40 23   0.00488798
40 24   0.00488798
40 25   0.00488798
40 26   0.00488798
40 27   0.00488798
40 28   0.00488798
40 29   0.00488798
40 30   0.00488798
40 31   0.00488798
40 32   0.00488798
40 33   0.00488798
40 34   0.00488798
40 35   0.00488798
40 36   0.00488798
40 37   0.00488798
40 38   0.00488798
40 39   0.00488798
40 40   0.00488798
