1 1   1.00653
1 2   1.00653
1 3   1.00653
1 4   1.00653
1 5   1.00653
1 6   1.00653
1 7   1.00653
1 8   1.00653
1 9   1.00653
1 10   1.00653
1 11   1.00653
1 12   1.00653
1 13   1.00653
1 14   1.00653
1 15   1.00653
1 16   1.00653
1 17   1.00653
1 18   1.00653
1 19   1.00653
1 20   1.00653
1 21   1.00653
1 22   1.00653
1 23   1.00653
1 24   1.00653
1 25   1.00653
1 26   1.00653
1 27   1.00653
1 28   1.00653
1 29   1.00653
1 30   1.00653
1 31   1.00653
1 32   1.00653
1 33   1.00653
1 34   1.00653
1 35   1.00653
1 36   1.00653
1 37   1.00653
1 38   1.00653
1 39   1.00653
1 40   1.00653
2 1   0.989316
2 2   0.989316
2 3   0.989316
2 4   0.989316
2 5   0.989316
2 6   0.989316
2 7   0.989316
2 8   0.989316
2 9   0.989316
2 10   0.989316
2 11   0.989316
2 12   0.989316
2 13   0.989316
2 14   0.989316
2 15   0.989316
2 16   0.989316
2 17   0.989316
2 18   0.989316
2 19   0.989316
2 20   0.989316
2 21   0.989316
2 22   0.989316
2 23   0.989316
2 24   0.989316
2 25   0.989316
2 26   0.989316
2 27   0.989316
2 28   0.989316
2 29   0.989316
2 30   0.989316
2 31   0.989316
2 32   0.989316
2 33   0.989316
2 34   0.989316
2 35   0.989316
2 36   0.989316
2 37   0.989316
2 38   0.989316
2 39   0.989316
2 40   0.989316
3 1   0.995299
3 2   0.995299
3 3   0.995299
3 4   0.995299
3 5   0.995299
3 6   0.995299
3 7   0.995299
3 8   0.995299
3 9   0.995299
3 10   0.995299
3 11   0.995299
3 12   0.995299
3 13   0.995299
3 14   0.995299
3 15   0.995299
3 16   0.995299
3 17   0.995299
3 18   0.995299
3 19   0.995299
3 20   0.995299
3 21   0.995299
3 22   0.995299
3 23   0.995299
3 24   0.995299
3 25   0.995299
3 26   0.995299
3 27   0.995299
3 28   0.995299
3 29   0.995299
3 30   0.995299
3 31   0.995299
3 32   0.995299
3 33   0.995299
3 34   0.995299
3 35   0.995299
3 36   0.995299
3 37   0.995299
3 38   0.995299
3 39   0.995299
3 40   0.995299
4 1   1.01704
4 2   1.01704
4 3   1.01704
4 4   1.01704
4 5   1.01704
4 6   1.01704
4 7   1.01704
4 8   1.01704
4 9   1.01704
4 10   1.01704
4 11   1.01704
4 12   1.01704
4 13   1.01704
4 14   1.01704
4 15   1.01704
4 16   1.01704
4 17   1.01704
4 18   1.01704
4 19   1.01704
4 20   1.01704
4 21   1.01704
4 22   1.01704
4 23   1.01704
4 24   1.01704
4 25   1.01704
4 26   1.01704
4 27   1.01704
4 28   1.01704
4 29   1.01704
4 30   1.01704
4 31   1.01704
4 32   1.01704
4 33   1.01704
4 34   1.01704
4 35   1.01704
4 36   1.01704
4 37   1.01704
4 38   1.01704
4 39   1.01704
4 40   1.01704
5 1   1.00595
5 2   1.00595
5 3   1.00595
5 4   1.00595
5 5   1.00595
5 6   1.00595
5 7   1.00595
5 8   1.00595
5 9   1.00595
5 10   1.00595
5 11   1.00595
5 12   1.00595
5 13   1.00595
5 14   1.00595
5 15   1.00595
5 16   1.00595
5 17   1.00595
5 18   1.00595
5 19   1.00595
5 20   1.00595
5 21   1.00595
5 22   1.00595
5 23   1.00595
5 24   1.00595
5 25   1.00595
5 26   1.00595
5 27   1.00595
5 28   1.00595
5 29   1.00595
5 30   1.00595
5 31   1.00595
5 32   1.00595
5 33   1.00595
5 34   1.00595
5 35   1.00595
5 36   1.00595
5 37   1.00595
5 38   1.00595
5 39   1.00595
5 40   1.00595
6 1   0.976246
6 2   0.976246
6 3   0.976246
6 4   0.976246
6 5   0.976246
6 6   0.976246
6 7   0.976246
6 8   0.976246
6 9   0.976246
6 10   0.976246
6 11   0.976246
6 12   0.976246
6 13   0.976246
6 14   0.976246
6 15   0.976246
6 16   0.976246
6 17   0.976246
6 18   0.976246
6 19   0.976246
6 20   0.976246
6 21   0.976246
6 22   0.976246
6 23   0.976246
6 24   0.976246
6 25   0.976246
6 26   0.976246
6 27   0.976246
6 28   0.976246
6 29   0.976246
6 30   0.976246
6 31   0.976246
6 32   0.976246
6 33   0.976246
6 34   0.976246
6 35   0.976246
6 36   0.976246
6 37   0.976246
6 38   0.976246
6 39   0.976246
6 40   0.976246
7 1   0.98573
7 2   0.98573
7 3   0.98573
7 4   0.98573
7 5   0.98573
7 6   0.98573
7 7   0.98573
7 8   0.98573
7 9   0.98573
7 10   0.98573
7 11   0.98573
7 12   0.98573
7 13   0.98573
7 14   0.98573
7 15   0.98573
7 16   0.98573
7 17   0.98573
7 18   0.98573
7 19   0.98573
7 20   0.98573
7 21   0.98573
7 22   0.98573
7 23   0.98573
7 24   0.98573
7 25   0.98573
7 26   0.98573
7 27   0.98573
7 28   0.98573
7 29   0.98573
7 30   0.98573
7 31   0.98573
7 32   0.98573
7 33   0.98573
7 34   0.98573
7 35   0.98573
7 36   0.98573
7 37   0.98573
7 38   0.98573
7 39   0.98573
7 40   0.98573
8 1   1.0277
8 2   1.0277
8 3   1.0277
8 4   1.0277
8 5   1.0277
8 6   1.0277
8 7   1.0277
8 8   1.0277
8 9   1.0277
8 10   1.0277
8 11   1.0277
8 12   1.0277
8 13   1.0277
8 14   1.0277
8 15   1.0277
8 16   1.0277
8 17   1.0277
8 18   1.0277
8 19   1.0277
8 20   1.0277
8 21   1.0277
8 22   1.0277
8 23   1.0277
8 24   1.0277
8 25   1.0277
8 26   1.0277
8 27   1.0277
8 28   1.0277
8 29   1.0277
8 30   1.0277
8 31   1.0277
8 32   1.0277
8 33   1.0277
8 34   1.0277
8 35   1.0277
8 36   1.0277
8 37   1.0277
8 38   1.0277
8 39   1.0277
8 40   1.0277
9 1   1.02887
9 2   1.02887
9 3   1.02887
9 4   1.02887
9 5   1.02887
9 6   1.02887
9 7   1.02887
9 8   1.02887
9 9   1.02887
9 10   1.02887
9 11   1.02887
9 12   1.02887
9 13   1.02887
9 14   1.02887
9 15   1.02887
9 16   1.02887
9 17   1.02887
9 18   1.02887
9 19   1.02887
9 20   1.02887
9 21   1.02887
9 22   1.02887
9 23   1.02887
9 24   1.02887
9 25   1.02887
9 26   1.02887
9 27   1.02887
9 28   1.02887
9 29   1.02887
9 30   1.02887
9 31   1.02887
9 32   1.02887
9 33   1.02887
9 34   1.02887
9 35   1.02887
9 36   1.02887
9 37   1.02887
9 38   1.02887
9 39   1.02887
9 40   1.02887
10 1   0.986858
10 2   0.986858
10 3   0.986858
10 4   0.986858
10 5   0.986858
10 6   0.986858
10 7   0.986858
10 8   0.986858
10 9   0.986858
10 10   0.986858
10 11   0.986858
10 12   0.986858
10 13   0.986858
10 14   0.986858
10 15   0.986858
10 16   0.986858
10 17   0.986858
10 18   0.986858
10 19   0.986858
10 20   0.986858
10 21   0.986858
10 22   0.986858
10 23   0.986858
10 24   0.986858
10 25   0.986858
10 26   0.986858
10 27   0.986858
10 28   0.986858
10 29   0.986858
10 30   0.986858
10 31   0.986858
10 32   0.986858
10 33   0.986858
10 34   0.986858
10 35   0.986858
10 36   0.986858
10 37   0.986858
10 38   0.986858
10 39   0.986858
10 40   0.986858
11 1   0.958965
11 2   0.958965
11 3   0.958965
11 4   0.958965
11 5   0.958965
11 6   0.958965
11 7   0.958965
11 8   0.958965
11 9   0.958965
11 10   0.958965
11 11   0.958965
11 12   0.958965
11 13   0.958965
11 14   0.958965
11 15   0.958965
11 16   0.958965
11 17   0.958965
11 18   0.958965
11 19   0.958965
11 20   0.958965
11 21   0.958965
11 22   0.958965
11 23   0.958965
11 24   0.958965
11 25   0.958965
11 26   0.958965
11 27   0.958965
11 28   0.958965
11 29   0.958965
11 30   0.958965
11 31   0.958965
11 32   0.958965
11 33   0.958965
11 34   0.958965
11 35   0.958965
11 36   0.958965
11 37   0.958965
11 38   0.958965
11 39   0.958965
11 40   0.958965
12 1   0.964421
12 2   0.964421
12 3   0.964421
12 4   0.964421
12 5   0.964421
12 6   0.964421
12 7   0.964421
12 8   0.964421
12 9   0.964421
12 10   0.964421
12 11   0.964421
12 12   0.964421
12 13   0.964421
12 14   0.964421
12 15   0.964421
12 16   0.964421
12 17   0.964421
12 18   0.964421
12 19   0.964421
12 20   0.964421
12 21   0.964421
12 22   0.964421
12 23   0.964421
12 24   0.964421
12 25   0.964421
12 26   0.964421
12 27   0.964421
12 28   0.964421
12 29   0.964421
12 30   0.964421
12 31   0.964421
12 32   0.964421
12 33   0.964421
12 34   0.964421
12 35   0.964421
12 36   0.964421
12 37   0.964421
12 38   0.964421
12 39   0.964421
12 40   0.964421
13 1   1.01475
13 2   1.01475
13 3   1.01475
13 4   1.01475
13 5   1.01475
13 6   1.01475
13 7   1.01475
13 8   1.01475
13 9   1.01475
13 10   1.01475
13 11   1.01475
13 12   1.01475
13 13   1.01475
13 14   1.01475
13 15   1.01475
13 16   1.01475
13 17   1.01475
13 18   1.01475
13 19   1.01475
13 20   1.01475
13 21   1.01475
13 22   1.01475
13 23   1.01475
13 24   1.01475
13 25   1.01475
13 26   1.01475
13 27   1.01475
13 28   1.01475
13 29   1.01475
13 30   1.01475
13 31   1.01475
13 32   1.01475
13 33   1.01475
13 34   1.01475
13 35   1.01475
13 36   1.01475
13 37   1.01475
13 38   1.01475
13 39   1.01475
13 40   1.01475
14 1   1.07048
14 2   1.07048
14 3   1.07048
14 4   1.07048
14 5   1.07048
14 6   1.07048
14 7   1.07048
14 8   1.07048
14 9   1.07048
14 10   1.07048
14 11   1.07048
14 12   1.07048
14 13   1.07048
14 14   1.07048
14 15   1.07048
14 16   1.07048
14 17   1.07048
14 18   1.07048
14 19   1.07048
14 20   1.07048
14 21   1.07048
14 22   1.07048
14 23   1.07048
14 24   1.07048
14 25   1.07048
14 26   1.07048
14 27   1.07048
14 28   1.07048
14 29   1.07048
14 30   1.07048
14 31   1.07048
14 32   1.07048
14 33   1.07048
14 34   1.07048
14 35   1.07048
14 36   1.07048
14 37   1.07048
14 38   1.07048
14 39   1.07048
14 40   1.07048
15 1   1.08174
15 2   1.08174
15 3   1.08174
15 4   1.08174
15 5   1.08174
15 6   1.08174
15 7   1.08174
15 8   1.08174
15 9   1.08174
15 10   1.08174
15 11   1.08174
15 12   1.08174
15 13   1.08174
15 14   1.08174
15 15   1.08174
15 16   1.08174
15 17   1.08174
15 18   1.08174
15 19   1.08174
15 20   1.08174
15 21   1.08174
15 22   1.08174
15 23   1.08174
15 24   1.08174
15 25   1.08174
15 26   1.08174
15 27   1.08174
15 28   1.08174
15 29   1.08174
15 30   1.08174
15 31   1.08174
15 32   1.08174
15 33   1.08174
15 34   1.08174
15 35   1.08174
15 36   1.08174
15 37   1.08174
15 38   1.08174
15 39   1.08174
15 40   1.08174
16 1   1.01586
16 2   1.01586
16 3   1.01586
16 4   1.01586
16 5   1.01586
16 6   1.01586
16 7   1.01586
16 8   1.01586
16 9   1.01586
16 10   1.01586
16 11   1.01586
16 12   1.01586
16 13   1.01586
16 14   1.01586
16 15   1.01586
16 16   1.01586
16 17   1.01586
16 18   1.01586
16 19   1.01586
16 20   1.01586
16 21   1.01586
16 22   1.01586
16 23   1.01586
16 24   1.01586
16 25   1.01586
16 26   1.01586
16 27   1.01586
16 28   1.01586
16 29   1.01586
16 30   1.01586
16 31   1.01586
16 32   1.01586
16 33   1.01586
16 34   1.01586
16 35   1.01586
16 36   1.01586
16 37   1.01586
16 38   1.01586
16 39   1.01586
16 40   1.01586
17 1   0.898313
17 2   0.898313
17 3   0.898313
17 4   0.898313
17 5   0.898313
17 6   0.898313
17 7   0.898313
17 8   0.898313
17 9   0.898313
17 10   0.898313
17 11   0.898313
17 12   0.898313
17 13   0.898313
17 14   0.898313
17 15   0.898313
17 16   0.898313
17 17   0.898313
17 18   0.898313
17 19   0.898313
17 20   0.898313
17 21   0.898313
17 22   0.898313
17 23   0.898313
17 24   0.898313
17 25   0.898313
17 26   0.898313
17 27   0.898313
17 28   0.898313
17 29   0.898313
17 30   0.898313
17 31   0.898313
17 32   0.898313
17 33   0.898313
17 34   0.898313
17 35   0.898313
17 36   0.898313
17 37   0.898313
17 38   0.898313
17 39   0.898313
17 40   0.898313
18 1   0.749258
18 2   0.749258
18 3   0.749258
18 4   0.749258
18 5   0.749258
18 6   0.749258
18 7   0.749258
18 8   0.749258
18 9   0.749258
18 10   0.749258
18 11   0.749258
18 12   0.749258
18 13   0.749258
18 14   0.749258
18 15   0.749258
18 16   0.749258
18 17   0.749258
18 18   0.749258
18 19   0.749258
18 20   0.749258
18 21   0.749258
18 22   0.749258
18 23   0.749258
18 24   0.749258
18 25   0.749258
18 26   0.749258
18 27   0.749258
18 28   0.749258
18 29   0.749258
18 30   0.749258
18 31   0.749258
18 32   0.749258
18 33   0.749258
18 34   0.749258
18 35   0.749258
18 36   0.749258
18 37   0.749258
18 38   0.749258
18 39   0.749258
18 40   0.749258
19 1   0.581368
19 2   0.581368
19 3   0.581368
19 4   0.581368
19 5   0.581368
19 6   0.581368
19 7   0.581368
19 8   0.581368
19 9   0.581368
19 10   0.581368
19 11   0.581368
19 12   0.581368
19 13   0.581368
19 14   0.581368
19 15   0.581368
19 16   0.581368
19 17   0.581368
19 18   0.581368
19 19   0.581368
19 20   0.581368
19 21   0.581368
19 22   0.581368
19 23   0.581368
19 24   0.581368
19 25   0.581368
19 26   0.581368
19 27   0.581368
19 28   0.581368
19 29   0.581368
19 30   0.581368
19 31   0.581368
19 32   0.581368
19 33   0.581368
19 34   0.581368
19 35   0.581368
19 36   0.581368
19 37   0.581368
19 38   0.581368
19 39   0.581368
19 40   0.581368
20 1   0.416027
20 2   0.416027
20 3   0.416027
20 4   0.416027
20 5   0.416027
20 6   0.416027
20 7   0.416027
20 8   0.416027
20 9   0.416027
20 10   0.416027
20 11   0.416027
20 12   0.416027
20 13   0.416027
20 14   0.416027
20 15   0.416027
20 16   0.416027
20 17   0.416027
20 18   0.416027
20 19   0.416027
20 20   0.416027
20 21   0.416027
20 22   0.416027
20 23   0.416027
20 24   0.416027
20 25   0.416027
20 26   0.416027
20 27   0.416027
20 28   0.416027
20 29   0.416027
20 30   0.416027
20 31   0.416027
20 32   0.416027
20 33   0.416027
20 34   0.416027
20 35   0.416027
20 36   0.416027
20 37   0.416027
20 38   0.416027
20 39   0.416027
20 40   0.416027
21 1   0.256633
21 2   0.256633
21 3   0.256633
21 4   0.256633
21 5   0.256633
21 6   0.256633
21 7   0.256633
21 8   0.256633
21 9   0.256633
21 10   0.256633
21 11   0.256633
21 12   0.256633
21 13   0.256633
21 14   0.256633
21 15   0.256633
21 16   0.256633
21 17   0.256633
21 18   0.256633
21 19   0.256633
21 20   0.256633
21 21   0.256633
21 22   0.256633
21 23   0.256633
21 24   0.256633
21 25   0.256633
21 26   0.256633
21 27   0.256633
21 28   0.256633
21 29   0.256633
21 30   0.256633
21 31   0.256633
21 32   0.256633
21 33   0.256633
21 34   0.256633
21 35   0.256633
21 36   0.256633
21 37   0.256633
21 38   0.256633
21 39   0.256633
21 40   0.256633
22 1   0.0978402
22 2   0.0978402
22 3   0.0978402
22 4   0.0978402
22 5   0.0978402
22 6   0.0978402
22 7   0.0978402
22 8   0.0978402
22 9   0.0978402
22 10   0.0978402
22 11   0.0978402
22 12   0.0978402
22 13   0.0978402
22 14   0.0978402
22 15   0.0978402
22 16   0.0978402
22 17   0.0978402
22 18   0.0978402
22 19   0.0978402
22 20   0.0978402
22 21   0.0978402
22 22   0.0978402
22 23   0.0978402
22 24   0.0978402
22 25   0.0978402
22 26   0.0978402
22 27   0.0978402
22 28   0.0978402
22 29   0.0978402
22 30   0.0978402
22 31   0.0978402
22 32   0.0978402
22 33   0.0978402
22 34   0.0978402
22 35   0.0978402
22 36   0.0978402
22 37   0.0978402
22 38   0.0978402
22 39   0.0978402
22 40   0.0978402
23 1   -0.0167799
23 2   -0.0167799
23 3   -0.0167799
23 4   -0.0167799
23 5   -0.0167799
23 6   -0.0167799
23 7   -0.0167799
23 8   -0.0167799
23 9   -0.0167799
23 10   -0.0167799
23 11   -0.0167799
23 12   -0.0167799
23 13   -0.0167799
23 14   -0.0167799
23 15   -0.0167799
23 16   -0.0167799
23 17   -0.0167799
23 18   -0.0167799
23 19   -0.0167799
23 20   -0.0167799
23 21   -0.0167799
23 22   -0.0167799
23 23   -0.0167799
23 24   -0.0167799
23 25   -0.0167799
23 26   -0.0167799
23 27   -0.0167799
23 28   -0.0167799
23 29   -0.0167799
23 30   -0.0167799
23 31   -0.0167799
23 32   -0.0167799
23 33   -0.0167799
23 34   -0.0167799
23 35   -0.0167799
23 36   -0.0167799
23 37   -0.0167799
23 38   -0.0167799
23 39   -0.0167799
23 40   -0.0167799
24 1   -0.0772494
24 2   -0.0772494
24 3   -0.0772494
24 4   -0.0772494
24 5   -0.0772494
24 6   -0.0772494
24 7   -0.0772494
24 8   -0.0772494
24 9   -0.0772494
24 10   -0.0772494
24 11   -0.0772494
24 12   -0.0772494
24 13   -0.0772494
24 14   -0.0772494
24 15   -0.0772494
24 16   -0.0772494
24 17   -0.0772494
24 18   -0.0772494
24 19   -0.0772494
24 20   -0.0772494
24 21   -0.0772494
24 22   -0.0772494
24 23   -0.0772494
24 24   -0.0772494
24 25   -0.0772494
24 26   -0.0772494
24 27   -0.0772494
24 28   -0.0772494
24 29   -0.0772494
24 30   -0.0772494
24 31   -0.0772494
24 32   -0.0772494
24 33   -0.0772494
24 34   -0.0772494
24 35   -0.0772494
24 36   -0.0772494
24 37   -0.0772494
24 38   -0.0772494
24 39   -0.0772494
24 40   -0.0772494
25 1   -0.0734053
25 2   -0.0734053
25 3   -0.0734053
25 4   -0.0734053
25 5   -0.0734053
25 6   -0.0734053
25 7   -0.0734053
25 8   -0.0734053
25 9   -0.0734053
25 10   -0.0734053
25 11   -0.0734053
25 12   -0.0734053
25 13   -0.0734053
25 14   -0.0734053
25 15   -0.0734053
25 16   -0.0734053
25 17   -0.0734053
25 18   -0.0734053
25 19   -0.0734053
25 20   -0.0734053
25 21   -0.0734053
25 22   -0.0734053
25 23   -0.0734053
25 24   -0.0734053
25 25   -0.0734053
25 26   -0.0734053
25 27   -0.0734053
25 28   -0.0734053
25 29   -0.0734053
25 30   -0.0734053
25 31   -0.0734053
25 32   -0.0734053
25 33   -0.0734053
25 34   -0.0734053
25 35   -0.0734053
25 36   -0.0734053
25 37   -0.0734053
25 38   -0.0734053
25 39   -0.0734053
25 40   -0.0734053
26 1   -0.0158451
26 2   -0.0158451
26 3   -0.0158451
26 4   -0.0158451
26 5   -0.0158451
26 6   -0.0158451
26 7   -0.0158451
26 8   -0.0158451
26 9   -0.0158451
26 10   -0.0158451
26 11   -0.0158451
26 12   -0.0158451
26 13   -0.0158451
26 14   -0.0158451
26 15   -0.0158451
26 16   -0.0158451
26 17   -0.0158451
26 18   -0.0158451
26 19   -0.0158451
26 20   -0.0158451
26 21   -0.0158451
26 22   -0.0158451
26 23   -0.0158451
26 24   -0.0158451
26 25   -0.0158451
26 26   -0.0158451
26 27   -0.0158451
26 28   -0.0158451
26 29   -0.0158451
26 30   -0.0158451
26 31   -0.0158451
26 32   -0.0158451
26 33   -0.0158451
26 34   -0.0158451
26 35   -0.0158451
26 36   -0.0158451
26 37   -0.0158451
26 38   -0.0158451
26 39   -0.0158451
26 40   -0.0158451
27 1   0.0386943
27 2   0.0386943
27 3   0.0386943
27 4   0.0386943
27 5   0.0386943
27 6   0.0386943
27 7   0.0386943
27 8   0.0386943
27 9   0.0386943
27 10   0.0386943
27 11   0.0386943
27 12   0.0386943
27 13   0.0386943
27 14   0.0386943
27 15   0.0386943
27 16   0.0386943
27 17   0.0386943
27 18   0.0386943
27 19   0.0386943
27 20   0.0386943
27 21   0.0386943
27 22   0.0386943
27 23   0.0386943
27 24   0.0386943
27 25   0.0386943
27 26   0.0386943
27 27   0.0386943
27 28   0.0386943
27 29   0.0386943
27 30   0.0386943
27 31   0.0386943
27 32   0.0386943
27 33   0.0386943
27 34   0.0386943
27 35   0.0386943
27 36   0.0386943
27 37   0.0386943
27 38   0.0386943
27 39   0.0386943
27 40   0.0386943
28 1   0.041355
28 2   0.041355
28 3   0.041355
28 4   0.041355
28 5   0.041355
28 6   0.041355
28 7   0.041355
28 8   0.041355
28 9   0.041355
28 10   0.041355
28 11   0.041355
28 12   0.041355
28 13   0.041355
28 14   0.041355
28 15   0.041355
28 16   0.041355
28 17   0.041355
28 18   0.041355
28 19   0.041355
28 20   0.041355
28 21   0.041355
28 22   0.041355
28 23   0.041355
28 24   0.041355
28 25   0.041355
28 26   0.041355
28 27   0.041355
28 28   0.041355
28 29   0.041355
28 30   0.041355
28 31   0.041355
28 32   0.041355
28 33   0.041355
28 34   0.041355
28 35   0.041355
28 36   0.041355
28 37   0.041355
28 38   0.041355
28 39   0.041355
28 40   0.041355
29 1   0.00876693
29 2   0.00876693
29 3   0.00876693
29 4   0.00876693
29 5   0.00876693
29 6   0.00876693
29 7   0.00876693
29 8   0.00876693
29 9   0.00876693
29 10   0.00876693
29 11   0.00876693
29 12   0.00876693
29 13   0.00876693
29 14   0.00876693
29 15   0.00876693
29 16   0.00876693
29 17   0.00876693
29 18   0.00876693
29 19   0.00876693
29 20   0.00876693
29 21   0.00876693
29 22   0.00876693
29 23   0.00876693
29 24   0.00876693
29 25   0.00876693
29 26   0.00876693
29 27   0.00876693
29 28   0.00876693
29 29   0.00876693
29 30   0.00876693
29 31   0.00876693
29 32   0.00876693
29 33   0.00876693
29 34   0.00876693
29 35   0.00876693
29 36   0.00876693
29 37   0.00876693
29 38   0.00876693
29 39   0.00876693
29 40   0.00876693
30 1   -0.0256725
30 2   -0.0256725
30 3   -0.0256725
30 4   -0.0256725
30 5   -0.0256725
30 6   -0.0256725
30 7   -0.0256725
30 8   -0.0256725
30 9   -0.0256725
30 10   -0.0256725
30 11   -0.0256725
30 12   -0.0256725
30 13   -0.0256725
30 14   -0.0256725
30 15   -0.0256725
30 16   -0.0256725
30 17   -0.0256725
30 18   -0.0256725
30 19   -0.0256725
30 20   -0.0256725
30 21   -0.0256725
30 22   -0.0256725
30 23   -0.0256725
30 24   -0.0256725
30 25   -0.0256725
30 26   -0.0256725
30 27   -0.0256725
30 28   -0.0256725
30 29   -0.0256725
30 30   -0.0256725
30 31   -0.0256725
30 32   -0.0256725
30 33   -0.0256725
30 34   -0.0256725
30 35   -0.0256725
30 36   -0.0256725
30 37   -0.0256725
30 38   -0.0256725
30 39   -0.0256725
30 40   -0.0256725
31 1   -0.0236016
31 2   -0.0236016
31 3   -0.0236016
31 4   -0.0236016
31 5   -0.0236016
31 6   -0.0236016
31 7   -0.0236016
31 8   -0.0236016
31 9   -0.0236016
31 10   -0.0236016
31 11   -0.0236016
31 12   -0.0236016
31 13   -0.0236016
31 14   -0.0236016
31 15   -0.0236016
31 16   -0.0236016
31 17   -0.0236016
31 18   -0.0236016
31 19   -0.0236016
31 20   -0.0236016
31 21   -0.0236016
31 22   -0.0236016
31 23   -0.0236016
31 24   -0.0236016
31 25   -0.0236016
31 26   -0.0236016
31 27   -0.0236016
31 28   -0.0236016
31 29   -0.0236016
31 30   -0.0236016
31 31   -0.0236016
31 32   -0.0236016
31 33   -0.0236016
31 34   -0.0236016
31 35   -0.0236016
31 36   -0.0236016
31 37   -0.0236016
31 38   -0.0236016
31 39   -0.0236016
31 40   -0.0236016
32 1   0.00628761
32 2   0.00628761
32 3   0.00628761
32 4   0.00628761
32 5   0.00628761
32 6   0.00628761
32 7   0.00628761
32 8   0.00628761
32 9   0.00628761
32 10   0.00628761
32 11   0.00628761
32 12   0.00628761
32 13   0.00628761
32 14   0.00628761
32 15   0.00628761
32 16   0.00628761
32 17   0.00628761
32 18   0.00628761
32 19   0.00628761
32 20   0.00628761
32 21   0.00628761
32 22   0.00628761
32 23   0.00628761
32 24   0.00628761
32 25   0.00628761
32 26   0.00628761
32 27   0.00628761
32 28   0.00628761
32 29   0.00628761
32 30   0.00628761
32 31   0.00628761
32 32   0.00628761
32 33   0.00628761
32 34   0.00628761
32 35   0.00628761
32 36   0.00628761
32 37   0.00628761
32 38   0.00628761
32 39   0.00628761
32 40   0.00628761
33 1   0.0264577
33 2   0.0264577
33 3   0.0264577
33 4   0.0264577
33 5   0.0264577
33 6   0.0264577
33 7   0.0264577
33 8   0.0264577
33 9   0.0264577
33 10   0.0264577
33 11   0.0264577
33 12   0.0264577
33 13   0.0264577
33 14   0.0264577
33 15   0.0264577
33 16   0.0264577
33 17   0.0264577
33 18   0.0264577
33 19   0.0264577
33 20   0.0264577
33 21   0.0264577
33 22   0.0264577
33 23   0.0264577
33 24   0.0264577
33 25   0.0264577
33 26   0.0264577
33 27   0.0264577
33 28   0.0264577
33 29   0.0264577
33 30   0.0264577
33 31   0.0264577
33 32   0.0264577
33 33   0.0264577
33 34   0.0264577
33 35   0.0264577
33 36   0.0264577
33 37   0.0264577
33 38   0.0264577
33 39   0.0264577
33 40   0.0264577
34 1   -3.0619e-007
34 2   -3.0619e-007
34 3   -3.0619e-007
34 4   -3.0619e-007
34 5   -3.0619e-007
34 6   -3.0619e-007
34 7   -3.0619e-007
34 8   -3.0619e-007
34 9   -3.0619e-007
34 10   -3.0619e-007
34 11   -3.0619e-007
34 12   -3.0619e-007
34 13   -3.0619e-007
34 14   -3.0619e-007
34 15   -3.0619e-007
34 16   -3.0619e-007
34 17   -3.0619e-007
34 18   -3.0619e-007
34 19   -3.0619e-007
34 20   -3.0619e-007
34 21   -3.0619e-007
34 22   -3.0619e-007
34 23   -3.0619e-007
34 24   -3.0619e-007
34 25   -3.0619e-007
34 26   -3.0619e-007
34 27   -3.0619e-007
34 28   -3.0619e-007
34 29   -3.0619e-007
34 30   -3.0619e-007
34 31   -3.0619e-007
34 32   -3.0619e-007
34 33   -3.0619e-007
34 34   -3.0619e-007
34 35   -3.0619e-007
34 36   -3.0619e-007
34 37   -3.0619e-007
34 38   -3.0619e-007
34 39   -3.0619e-007
34 40   -3.0619e-007
35 1   -0.022219
35 2   -0.022219
35 3   -0.022219
35 4   -0.022219
35 5   -0.022219
35 6   -0.022219
35 7   -0.022219
35 8   -0.022219
35 9   -0.022219
35 10   -0.022219
35 11   -0.022219
35 12   -0.022219
35 13   -0.022219
35 14   -0.022219
35 15   -0.022219
35 16   -0.022219
35 17   -0.022219
35 18   -0.022219
35 19   -0.022219
35 20   -0.022219
35 21   -0.022219
35 22   -0.022219
35 23   -0.022219
35 24   -0.022219
35 25   -0.022219
35 26   -0.022219
35 27   -0.022219
35 28   -0.022219
35 29   -0.022219
35 30   -0.022219
35 31   -0.022219
35 32   -0.022219
35 33   -0.022219
35 34   -0.022219
35 35   -0.022219
35 36   -0.022219
35 37   -0.022219
35 38   -0.022219
35 39   -0.022219
35 40   -0.022219
36 1   0.00221214
36 2   0.00221214
36 3   0.00221214
36 4   0.00221214
36 5   0.00221214
36 6   0.00221214
36 7   0.00221214
36 8   0.00221214
36 9   0.00221214
36 10   0.00221214
36 11   0.00221214
36 12   0.00221214
36 13   0.00221214
36 14   0.00221214
36 15   0.00221214
36 16   0.00221214
36 17   0.00221214
36 18   0.00221214
36 19   0.00221214
36 20   0.00221214
36 21   0.00221214
36 22   0.00221214
36 23   0.00221214
36 24   0.00221214
36 25   0.00221214
36 26   0.00221214
36 27   0.00221214
36 28   0.00221214
36 29   0.00221214
36 30   0.00221214
36 31   0.00221214
36 32   0.00221214
36 33   0.00221214
36 34   0.00221214
36 35   0.00221214
36 36   0.00221214
36 37   0.00221214
36 38   0.00221214
36 39   0.00221214
36 40   0.00221214
37 1   0.0141761
37 2   0.0141761
37 3   0.0141761
37 4   0.0141761
37 5   0.0141761
37 6   0.0141761
37 7   0.0141761
37 8   0.0141761
37 9   0.0141761
37 10   0.0141761
37 11   0.0141761
37 12   0.0141761
37 13   0.0141761
37 14   0.0141761
37 15   0.0141761
37 16   0.0141761
37 17   0.0141761
37 18   0.0141761
37 19   0.0141761
37 20   0.0141761
37 21   0.0141761
37 22   0.0141761
37 23   0.0141761
37 24   0.0141761
37 25   0.0141761
37 26   0.0141761
37 27   0.0141761
37 28   0.0141761
37 29   0.0141761
37 30   0.0141761
37 31   0.0141761
37 32   0.0141761
37 33   0.0141761
37 34   0.0141761
37 35   0.0141761
37 36   0.0141761
37 37   0.0141761
37 38   0.0141761
37 39   0.0141761
37 40   0.0141761
38 1   -0.00200097
38 2   -0.00200097
38 3   -0.00200097
38 4   -0.00200097
38 5   -0.00200097
38 6   -0.00200097
38 7   -0.00200097
38 8   -0.00200097
38 9   -0.00200097
38 10   -0.00200097
38 11   -0.00200097
38 12   -0.00200097
38 13   -0.00200097
38 14   -0.00200097
38 15   -0.00200097
38 16   -0.00200097
38 17   -0.00200097
38 18   -0.00200097
38 19   -0.00200097
38 20   -0.00200097
38 21   -0.00200097
38 22   -0.00200097
38 23   -0.00200097
38 24   -0.00200097
38 25   -0.00200097
38 26   -0.00200097
38 27   -0.00200097
38 28   -0.00200097
38 29   -0.00200097
38 30   -0.00200097
38 31   -0.00200097
38 32   -0.00200097
38 33   -0.00200097
38 34   -0.00200097
38 35   -0.00200097
38 36   -0.00200097
38 37   -0.00200097
38 38   -0.00200097
38 39   -0.00200097
38 40   -0.00200097
39 1   -0.0111817
39 2   -0.0111817
39 3   -0.0111817
39 4   -0.0111817
39 5   -0.0111817
39 6   -0.0111817
39 7   -0.0111817
39 8   -0.0111817
39 9   -0.0111817
39 10   -0.0111817
39 11   -0.0111817
39 12   -0.0111817
39 13   -0.0111817
39 14   -0.0111817
39 15   -0.0111817
39 16   -0.0111817
39 17   -0.0111817
39 18   -0.0111817
39 19   -0.0111817
39 20   -0.0111817
39 21   -0.0111817
39 22   -0.0111817
39 23   -0.0111817
39 24   -0.0111817
39 25   -0.0111817
39 26   -0.0111817
39 27   -0.0111817
39 28   -0.0111817
39 29   -0.0111817
39 30   -0.0111817
39 31   -0.0111817
39 32   -0.0111817
39 33   -0.0111817
39 34   -0.0111817
39 35   -0.0111817
39 36   -0.0111817
39 37   -0.0111817
39 38   -0.0111817
39 39   -0.0111817
39 40   -0.0111817
40 1   0.00691976
40 2   0.00691976
40 3   0.00691976
40 4   0.00691976
40 5   0.00691976
40 6   0.00691976
40 7   0.00691976
40 8   0.00691976
40 9   0.00691976
40 10   0.00691976
40 11   0.00691976
40 12   0.00691976
40 13   0.00691976
40 14   0.00691976
40 15   0.00691976
40 16   0.00691976
40 17   0.00691976
40 18   0.00691976
40 19   0.00691976
40 20   0.00691976
40 21   0.00691976
40 22   0.00691976
40 23   0.00691976
40 24   0.00691976
40 25   0.00691976
40 26   0.00691976
40 27   0.00691976
40 28   0.00691976
40 29   0.00691976
40 30   0.00691976
40 31   0.00691976
40 32   0.00691976
40 33   0.00691976
40 34   0.00691976
40 35   0.00691976
40 36   0.00691976
40 37   0.00691976
40 38   0.00691976
40 39   0.00691976
40 40   0.00691976
