1 1   0.00217594
1 2   0.00217594
1 3   0.00217594
1 4   0.00217594
1 5   0.00217594
1 6   0.00217594
1 7   0.00217594
1 8   0.00217594
1 9   0.00217594
1 10   0.00217594
1 11   0.00217594
1 12   0.00217594
1 13   0.00217594
1 14   0.00217594
1 15   0.00217594
1 16   0.00217594
1 17   0.00217594
1 18   0.00217594
1 19   0.00217594
1 20   0.00217594
1 21   0.00217594
1 22   0.00217594
1 23   0.00217594
1 24   0.00217594
1 25   0.00217594
1 26   0.00217594
1 27   0.00217594
1 28   0.00217594
1 29   0.00217594
1 30   0.00217594
1 31   0.00217594
1 32   0.00217594
1 33   0.00217594
1 34   0.00217594
1 35   0.00217594
1 36   0.00217594
1 37   0.00217594
1 38   0.00217594
1 39   0.00217594
1 40   0.00217594
2 1   0.00708587
2 2   0.00708587
2 3   0.00708587
2 4   0.00708587
2 5   0.00708587
2 6   0.00708587
2 7   0.00708587
2 8   0.00708587
2 9   0.00708587
2 10   0.00708587
2 11   0.00708587
2 12   0.00708587
2 13   0.00708587
2 14   0.00708587
2 15   0.00708587
2 16   0.00708587
2 17   0.00708587
2 18   0.00708587
2 19   0.00708587
2 20   0.00708587
2 21   0.00708587
2 22   0.00708587
2 23   0.00708587
2 24   0.00708587
2 25   0.00708587
2 26   0.00708587
2 27   0.00708587
2 28   0.00708587
2 29   0.00708587
2 30   0.00708587
2 31   0.00708587
2 32   0.00708587
2 33   0.00708587
2 34   0.00708587
2 35   0.00708587
2 36   0.00708587
2 37   0.00708587
2 38   0.00708587
2 39   0.00708587
2 40   0.00708587
3 1   0.0135465
3 2   0.0135465
3 3   0.0135465
3 4   0.0135465
3 5   0.0135465
3 6   0.0135465
3 7   0.0135465
3 8   0.0135465
3 9   0.0135465
3 10   0.0135465
3 11   0.0135465
3 12   0.0135465
3 13   0.0135465
3 14   0.0135465
3 15   0.0135465
3 16   0.0135465
3 17   0.0135465
3 18   0.0135465
3 19   0.0135465
3 20   0.0135465
3 21   0.0135465
3 22   0.0135465
3 23   0.0135465
3 24   0.0135465
3 25   0.0135465
3 26   0.0135465
3 27   0.0135465
3 28   0.0135465
3 29   0.0135465
3 30   0.0135465
3 31   0.0135465
3 32   0.0135465
3 33   0.0135465
3 34   0.0135465
3 35   0.0135465
3 36   0.0135465
3 37   0.0135465
3 38   0.0135465
3 39   0.0135465
3 40   0.0135465
4 1   0.0156963
4 2   0.0156963
4 3   0.0156963
4 4   0.0156963
4 5   0.0156963
4 6   0.0156963
4 7   0.0156963
4 8   0.0156963
4 9   0.0156963
4 10   0.0156963
4 11   0.0156963
4 12   0.0156963
4 13   0.0156963
4 14   0.0156963
4 15   0.0156963
4 16   0.0156963
4 17   0.0156963
4 18   0.0156963
4 19   0.0156963
4 20   0.0156963
4 21   0.0156963
4 22   0.0156963
4 23   0.0156963
4 24   0.0156963
4 25   0.0156963
4 26   0.0156963
4 27   0.0156963
4 28   0.0156963
4 29   0.0156963
4 30   0.0156963
4 31   0.0156963
4 32   0.0156963
4 33   0.0156963
4 34   0.0156963
4 35   0.0156963
4 36   0.0156963
4 37   0.0156963
4 38   0.0156963
4 39   0.0156963
4 40   0.0156963
5 1   0.00778192
5 2   0.00778192
5 3   0.00778192
5 4   0.00778192
5 5   0.00778192
5 6   0.00778192
5 7   0.00778192
5 8   0.00778192
5 9   0.00778192
5 10   0.00778192
5 11   0.00778192
5 12   0.00778192
5 13   0.00778192
5 14   0.00778192
5 15   0.00778192
5 16   0.00778192
5 17   0.00778192
5 18   0.00778192
5 19   0.00778192
5 20   0.00778192
5 21   0.00778192
5 22   0.00778192
5 23   0.00778192
5 24   0.00778192
5 25   0.00778192
5 26   0.00778192
5 27   0.00778192
5 28   0.00778192
5 29   0.00778192
5 30   0.00778192
5 31   0.00778192
5 32   0.00778192
5 33   0.00778192
5 34   0.00778192
5 35   0.00778192
5 36   0.00778192
5 37   0.00778192
5 38   0.00778192
5 39   0.00778192
5 40   0.00778192
6 1   -0.0118296
6 2   -0.0118296
6 3   -0.0118296
6 4   -0.0118296
6 5   -0.0118296
6 6   -0.0118296
6 7   -0.0118296
6 8   -0.0118296
6 9   -0.0118296
6 10   -0.0118296
6 11   -0.0118296
6 12   -0.0118296
6 13   -0.0118296
6 14   -0.0118296
6 15   -0.0118296
6 16   -0.0118296
6 17   -0.0118296
6 18   -0.0118296
6 19   -0.0118296
6 20   -0.0118296
6 21   -0.0118296
6 22   -0.0118296
6 23   -0.0118296
6 24   -0.0118296
6 25   -0.0118296
6 26   -0.0118296
6 27   -0.0118296
6 28   -0.0118296
6 29   -0.0118296
6 30   -0.0118296
6 31   -0.0118296
6 32   -0.0118296
6 33   -0.0118296
6 34   -0.0118296
6 35   -0.0118296
6 36   -0.0118296
6 37   -0.0118296
6 38   -0.0118296
6 39   -0.0118296
6 40   -0.0118296
7 1   -0.0378595
7 2   -0.0378595
7 3   -0.0378595
7 4   -0.0378595
7 5   -0.0378595
7 6   -0.0378595
7 7   -0.0378595
7 8   -0.0378595
7 9   -0.0378595
7 10   -0.0378595
7 11   -0.0378595
7 12   -0.0378595
7 13   -0.0378595
7 14   -0.0378595
7 15   -0.0378595
7 16   -0.0378595
7 17   -0.0378595
7 18   -0.0378595
7 19   -0.0378595
7 20   -0.0378595
7 21   -0.0378595
7 22   -0.0378595
7 23   -0.0378595
7 24   -0.0378595
7 25   -0.0378595
7 26   -0.0378595
7 27   -0.0378595
7 28   -0.0378595
7 29   -0.0378595
7 30   -0.0378595
7 31   -0.0378595
7 32   -0.0378595
7 33   -0.0378595
7 34   -0.0378595
7 35   -0.0378595
7 36   -0.0378595
7 37   -0.0378595
7 38   -0.0378595
7 39   -0.0378595
7 40   -0.0378595
8 1   -0.0592974
8 2   -0.0592974
8 3   -0.0592974
8 4   -0.0592974
8 5   -0.0592974
8 6   -0.0592974
8 7   -0.0592974
8 8   -0.0592974
8 9   -0.0592974
8 10   -0.0592974
8 11   -0.0592974
8 12   -0.0592974
8 13   -0.0592974
8 14   -0.0592974
8 15   -0.0592974
8 16   -0.0592974
8 17   -0.0592974
8 18   -0.0592974
8 19   -0.0592974
8 20   -0.0592974
8 21   -0.0592974
8 22   -0.0592974
8 23   -0.0592974
8 24   -0.0592974
8 25   -0.0592974
8 26   -0.0592974
8 27   -0.0592974
8 28   -0.0592974
8 29   -0.0592974
8 30   -0.0592974
8 31   -0.0592974
8 32   -0.0592974
8 33   -0.0592974
8 34   -0.0592974
8 35   -0.0592974
8 36   -0.0592974
8 37   -0.0592974
8 38   -0.0592974
8 39   -0.0592974
8 40   -0.0592974
9 1   -0.0643812
9 2   -0.0643812
9 3   -0.0643812
9 4   -0.0643812
9 5   -0.0643812
9 6   -0.0643812
9 7   -0.0643812
9 8   -0.0643812
9 9   -0.0643812
9 10   -0.0643812
9 11   -0.0643812
9 12   -0.0643812
9 13   -0.0643812
9 14   -0.0643812
9 15   -0.0643812
9 16   -0.0643812
9 17   -0.0643812
9 18   -0.0643812
9 19   -0.0643812
9 20   -0.0643812
9 21   -0.0643812
9 22   -0.0643812
9 23   -0.0643812
9 24   -0.0643812
9 25   -0.0643812
9 26   -0.0643812
9 27   -0.0643812
9 28   -0.0643812
9 29   -0.0643812
9 30   -0.0643812
9 31   -0.0643812
9 32   -0.0643812
9 33   -0.0643812
9 34   -0.0643812
9 35   -0.0643812
9 36   -0.0643812
9 37   -0.0643812
9 38   -0.0643812
9 39   -0.0643812
9 40   -0.0643812
10 1   -0.0461612
10 2   -0.0461612
10 3   -0.0461612
10 4   -0.0461612
10 5   -0.0461612
10 6   -0.0461612
10 7   -0.0461612
10 8   -0.0461612
10 9   -0.0461612
10 10   -0.0461612
10 11   -0.0461612
10 12   -0.0461612
10 13   -0.0461612
10 14   -0.0461612
10 15   -0.0461612
10 16   -0.0461612
10 17   -0.0461612
10 18   -0.0461612
10 19   -0.0461612
10 20   -0.0461612
10 21   -0.0461612
10 22   -0.0461612
10 23   -0.0461612
10 24   -0.0461612
10 25   -0.0461612
10 26   -0.0461612
10 27   -0.0461612
10 28   -0.0461612
10 29   -0.0461612
10 30   -0.0461612
10 31   -0.0461612
10 32   -0.0461612
10 33   -0.0461612
10 34   -0.0461612
10 35   -0.0461612
10 36   -0.0461612
10 37   -0.0461612
10 38   -0.0461612
10 39   -0.0461612
10 40   -0.0461612
11 1   -0.00513369
11 2   -0.00513369
11 3   -0.00513369
11 4   -0.00513369
11 5   -0.00513369
11 6   -0.00513369
11 7   -0.00513369
11 8   -0.00513369
11 9   -0.00513369
11 10   -0.00513369
11 11   -0.00513369
11 12   -0.00513369
11 13   -0.00513369
11 14   -0.00513369
11 15   -0.00513369
11 16   -0.00513369
11 17   -0.00513369
11 18   -0.00513369
11 19   -0.00513369
11 20   -0.00513369
11 21   -0.00513369
11 22   -0.00513369
11 23   -0.00513369
11 24   -0.00513369
11 25   -0.00513369
11 26   -0.00513369
11 27   -0.00513369
11 28   -0.00513369
11 29   -0.00513369
11 30   -0.00513369
11 31   -0.00513369
11 32   -0.00513369
11 33   -0.00513369
11 34   -0.00513369
11 35   -0.00513369
11 36   -0.00513369
11 37   -0.00513369
11 38   -0.00513369
11 39   -0.00513369
11 40   -0.00513369
12 1   0.0522216
12 2   0.0522216
12 3   0.0522216
12 4   0.0522216
12 5   0.0522216
12 6   0.0522216
12 7   0.0522216
12 8   0.0522216
12 9   0.0522216
12 10   0.0522216
12 11   0.0522216
12 12   0.0522216
12 13   0.0522216
12 14   0.0522216
12 15   0.0522216
12 16   0.0522216
12 17   0.0522216
12 18   0.0522216
12 19   0.0522216
12 20   0.0522216
12 21   0.0522216
12 22   0.0522216
12 23   0.0522216
12 24   0.0522216
12 25   0.0522216
12 26   0.0522216
12 27   0.0522216
12 28   0.0522216
12 29   0.0522216
12 30   0.0522216
12 31   0.0522216
12 32   0.0522216
12 33   0.0522216
12 34   0.0522216
12 35   0.0522216
12 36   0.0522216
12 37   0.0522216
12 38   0.0522216
12 39   0.0522216
12 40   0.0522216
13 1   0.117391
13 2   0.117391
13 3   0.117391
13 4   0.117391
13 5   0.117391
13 6   0.117391
13 7   0.117391
13 8   0.117391
13 9   0.117391
13 10   0.117391
13 11   0.117391
13 12   0.117391
13 13   0.117391
13 14   0.117391
13 15   0.117391
13 16   0.117391
13 17   0.117391
13 18   0.117391
13 19   0.117391
13 20   0.117391
13 21   0.117391
13 22   0.117391
13 23   0.117391
13 24   0.117391
13 25   0.117391
13 26   0.117391
13 27   0.117391
13 28   0.117391
13 29   0.117391
13 30   0.117391
13 31   0.117391
13 32   0.117391
13 33   0.117391
13 34   0.117391
13 35   0.117391
13 36   0.117391
13 37   0.117391
13 38   0.117391
13 39   0.117391
13 40   0.117391
14 1   0.183415
14 2   0.183415
14 3   0.183415
14 4   0.183415
14 5   0.183415
14 6   0.183415
14 7   0.183415
14 8   0.183415
14 9   0.183415
14 10   0.183415
14 11   0.183415
14 12   0.183415
14 13   0.183415
14 14   0.183415
14 15   0.183415
14 16   0.183415
14 17   0.183415
14 18   0.183415
14 19   0.183415
14 20   0.183415
14 21   0.183415
14 22   0.183415
14 23   0.183415
14 24   0.183415
14 25   0.183415
14 26   0.183415
14 27   0.183415
14 28   0.183415
14 29   0.183415
14 30   0.183415
14 31   0.183415
14 32   0.183415
14 33   0.183415
14 34   0.183415
14 35   0.183415
14 36   0.183415
14 37   0.183415
14 38   0.183415
14 39   0.183415
14 40   0.183415
15 1   0.246239
15 2   0.246239
15 3   0.246239
15 4   0.246239
15 5   0.246239
15 6   0.246239
15 7   0.246239
15 8   0.246239
15 9   0.246239
15 10   0.246239
15 11   0.246239
15 12   0.246239
15 13   0.246239
15 14   0.246239
15 15   0.246239
15 16   0.246239
15 17   0.246239
15 18   0.246239
15 19   0.246239
15 20   0.246239
15 21   0.246239
15 22   0.246239
15 23   0.246239
15 24   0.246239
15 25   0.246239
15 26   0.246239
15 27   0.246239
15 28   0.246239
15 29   0.246239
15 30   0.246239
15 31   0.246239
15 32   0.246239
15 33   0.246239
15 34   0.246239
15 35   0.246239
15 36   0.246239
15 37   0.246239
15 38   0.246239
15 39   0.246239
15 40   0.246239
16 1   0.303908
16 2   0.303908
16 3   0.303908
16 4   0.303908
16 5   0.303908
16 6   0.303908
16 7   0.303908
16 8   0.303908
16 9   0.303908
16 10   0.303908
16 11   0.303908
16 12   0.303908
16 13   0.303908
16 14   0.303908
16 15   0.303908
16 16   0.303908
16 17   0.303908
16 18   0.303908
16 19   0.303908
16 20   0.303908
16 21   0.303908
16 22   0.303908
16 23   0.303908
16 24   0.303908
16 25   0.303908
16 26   0.303908
16 27   0.303908
16 28   0.303908
16 29   0.303908
16 30   0.303908
16 31   0.303908
16 32   0.303908
16 33   0.303908
16 34   0.303908
16 35   0.303908
16 36   0.303908
16 37   0.303908
16 38   0.303908
16 39   0.303908
16 40   0.303908
17 1   0.355087
17 2   0.355087
17 3   0.355087
17 4   0.355087
17 5   0.355087
17 6   0.355087
17 7   0.355087
17 8   0.355087
17 9   0.355087
17 10   0.355087
17 11   0.355087
17 12   0.355087
17 13   0.355087
17 14   0.355087
17 15   0.355087
17 16   0.355087
17 17   0.355087
17 18   0.355087
17 19   0.355087
17 20   0.355087
17 21   0.355087
17 22   0.355087
17 23   0.355087
17 24   0.355087
17 25   0.355087
17 26   0.355087
17 27   0.355087
17 28   0.355087
17 29   0.355087
17 30   0.355087
17 31   0.355087
17 32   0.355087
17 33   0.355087
17 34   0.355087
17 35   0.355087
17 36   0.355087
17 37   0.355087
17 38   0.355087
17 39   0.355087
17 40   0.355087
18 1   0.398569
18 2   0.398569
18 3   0.398569
18 4   0.398569
18 5   0.398569
18 6   0.398569
18 7   0.398569
18 8   0.398569
18 9   0.398569
18 10   0.398569
18 11   0.398569
18 12   0.398569
18 13   0.398569
18 14   0.398569
18 15   0.398569
18 16   0.398569
18 17   0.398569
18 18   0.398569
18 19   0.398569
18 20   0.398569
18 21   0.398569
18 22   0.398569
18 23   0.398569
18 24   0.398569
18 25   0.398569
18 26   0.398569
18 27   0.398569
18 28   0.398569
18 29   0.398569
18 30   0.398569
18 31   0.398569
18 32   0.398569
18 33   0.398569
18 34   0.398569
18 35   0.398569
18 36   0.398569
18 37   0.398569
18 38   0.398569
18 39   0.398569
18 40   0.398569
19 1   0.434128
19 2   0.434128
19 3   0.434128
19 4   0.434128
19 5   0.434128
19 6   0.434128
19 7   0.434128
19 8   0.434128
19 9   0.434128
19 10   0.434128
19 11   0.434128
19 12   0.434128
19 13   0.434128
19 14   0.434128
19 15   0.434128
19 16   0.434128
19 17   0.434128
19 18   0.434128
19 19   0.434128
19 20   0.434128
19 21   0.434128
19 22   0.434128
19 23   0.434128
19 24   0.434128
19 25   0.434128
19 26   0.434128
19 27   0.434128
19 28   0.434128
19 29   0.434128
19 30   0.434128
19 31   0.434128
19 32   0.434128
19 33   0.434128
19 34   0.434128
19 35   0.434128
19 36   0.434128
19 37   0.434128
19 38   0.434128
19 39   0.434128
19 40   0.434128
20 1   0.463335
20 2   0.463335
20 3   0.463335
20 4   0.463335
20 5   0.463335
20 6   0.463335
20 7   0.463335
20 8   0.463335
20 9   0.463335
20 10   0.463335
20 11   0.463335
20 12   0.463335
20 13   0.463335
20 14   0.463335
20 15   0.463335
20 16   0.463335
20 17   0.463335
20 18   0.463335
20 19   0.463335
20 20   0.463335
20 21   0.463335
20 22   0.463335
20 23   0.463335
20 24   0.463335
20 25   0.463335
20 26   0.463335
20 27   0.463335
20 28   0.463335
20 29   0.463335
20 30   0.463335
20 31   0.463335
20 32   0.463335
20 33   0.463335
20 34   0.463335
20 35   0.463335
20 36   0.463335
20 37   0.463335
20 38   0.463335
20 39   0.463335
20 40   0.463335
21 1   0.488903
21 2   0.488903
21 3   0.488903
21 4   0.488903
21 5   0.488903
21 6   0.488903
21 7   0.488903
21 8   0.488903
21 9   0.488903
21 10   0.488903
21 11   0.488903
21 12   0.488903
21 13   0.488903
21 14   0.488903
21 15   0.488903
21 16   0.488903
21 17   0.488903
21 18   0.488903
21 19   0.488903
21 20   0.488903
21 21   0.488903
21 22   0.488903
21 23   0.488903
21 24   0.488903
21 25   0.488903
21 26   0.488903
21 27   0.488903
21 28   0.488903
21 29   0.488903
21 30   0.488903
21 31   0.488903
21 32   0.488903
21 33   0.488903
21 34   0.488903
21 35   0.488903
21 36   0.488903
21 37   0.488903
21 38   0.488903
21 39   0.488903
21 40   0.488903
22 1   0.513244
22 2   0.513244
22 3   0.513244
22 4   0.513244
22 5   0.513244
22 6   0.513244
22 7   0.513244
22 8   0.513244
22 9   0.513244
22 10   0.513244
22 11   0.513244
22 12   0.513244
22 13   0.513244
22 14   0.513244
22 15   0.513244
22 16   0.513244
22 17   0.513244
22 18   0.513244
22 19   0.513244
22 20   0.513244
22 21   0.513244
22 22   0.513244
22 23   0.513244
22 24   0.513244
22 25   0.513244
22 26   0.513244
22 27   0.513244
22 28   0.513244
22 29   0.513244
22 30   0.513244
22 31   0.513244
22 32   0.513244
22 33   0.513244
22 34   0.513244
22 35   0.513244
22 36   0.513244
22 37   0.513244
22 38   0.513244
22 39   0.513244
22 40   0.513244
23 1   0.538081
23 2   0.538081
23 3   0.538081
23 4   0.538081
23 5   0.538081
23 6   0.538081
23 7   0.538081
23 8   0.538081
23 9   0.538081
23 10   0.538081
23 11   0.538081
23 12   0.538081
23 13   0.538081
23 14   0.538081
23 15   0.538081
23 16   0.538081
23 17   0.538081
23 18   0.538081
23 19   0.538081
23 20   0.538081
23 21   0.538081
23 22   0.538081
23 23   0.538081
23 24   0.538081
23 25   0.538081
23 26   0.538081
23 27   0.538081
23 28   0.538081
23 29   0.538081
23 30   0.538081
23 31   0.538081
23 32   0.538081
23 33   0.538081
23 34   0.538081
23 35   0.538081
23 36   0.538081
23 37   0.538081
23 38   0.538081
23 39   0.538081
23 40   0.538081
24 1   0.565455
24 2   0.565455
24 3   0.565455
24 4   0.565455
24 5   0.565455
24 6   0.565455
24 7   0.565455
24 8   0.565455
24 9   0.565455
24 10   0.565455
24 11   0.565455
24 12   0.565455
24 13   0.565455
24 14   0.565455
24 15   0.565455
24 16   0.565455
24 17   0.565455
24 18   0.565455
24 19   0.565455
24 20   0.565455
24 21   0.565455
24 22   0.565455
24 23   0.565455
24 24   0.565455
24 25   0.565455
24 26   0.565455
24 27   0.565455
24 28   0.565455
24 29   0.565455
24 30   0.565455
24 31   0.565455
24 32   0.565455
24 33   0.565455
24 34   0.565455
24 35   0.565455
24 36   0.565455
24 37   0.565455
24 38   0.565455
24 39   0.565455
24 40   0.565455
25 1   0.598503
25 2   0.598503
25 3   0.598503
25 4   0.598503
25 5   0.598503
25 6   0.598503
25 7   0.598503
25 8   0.598503
25 9   0.598503
25 10   0.598503
25 11   0.598503
25 12   0.598503
25 13   0.598503
25 14   0.598503
25 15   0.598503
25 16   0.598503
25 17   0.598503
25 18   0.598503
25 19   0.598503
25 20   0.598503
25 21   0.598503
25 22   0.598503
25 23   0.598503
25 24   0.598503
25 25   0.598503
25 26   0.598503
25 27   0.598503
25 28   0.598503
25 29   0.598503
25 30   0.598503
25 31   0.598503
25 32   0.598503
25 33   0.598503
25 34   0.598503
25 35   0.598503
25 36   0.598503
25 37   0.598503
25 38   0.598503
25 39   0.598503
25 40   0.598503
26 1   0.640731
26 2   0.640731
26 3   0.640731
26 4   0.640731
26 5   0.640731
26 6   0.640731
26 7   0.640731
26 8   0.640731
26 9   0.640731
26 10   0.640731
26 11   0.640731
26 12   0.640731
26 13   0.640731
26 14   0.640731
26 15   0.640731
26 16   0.640731
26 17   0.640731
26 18   0.640731
26 19   0.640731
26 20   0.640731
26 21   0.640731
26 22   0.640731
26 23   0.640731
26 24   0.640731
26 25   0.640731
26 26   0.640731
26 27   0.640731
26 28   0.640731
26 29   0.640731
26 30   0.640731
26 31   0.640731
26 32   0.640731
26 33   0.640731
26 34   0.640731
26 35   0.640731
26 36   0.640731
26 37   0.640731
26 38   0.640731
26 39   0.640731
26 40   0.640731
27 1   0.694062
27 2   0.694062
27 3   0.694062
27 4   0.694062
27 5   0.694062
27 6   0.694062
27 7   0.694062
27 8   0.694062
27 9   0.694062
27 10   0.694062
27 11   0.694062
27 12   0.694062
27 13   0.694062
27 14   0.694062
27 15   0.694062
27 16   0.694062
27 17   0.694062
27 18   0.694062
27 19   0.694062
27 20   0.694062
27 21   0.694062
27 22   0.694062
27 23   0.694062
27 24   0.694062
27 25   0.694062
27 26   0.694062
27 27   0.694062
27 28   0.694062
27 29   0.694062
27 30   0.694062
27 31   0.694062
27 32   0.694062
27 33   0.694062
27 34   0.694062
27 35   0.694062
27 36   0.694062
27 37   0.694062
27 38   0.694062
27 39   0.694062
27 40   0.694062
28 1   0.757034
28 2   0.757034
28 3   0.757034
28 4   0.757034
28 5   0.757034
28 6   0.757034
28 7   0.757034
28 8   0.757034
28 9   0.757034
28 10   0.757034
28 11   0.757034
28 12   0.757034
28 13   0.757034
28 14   0.757034
28 15   0.757034
28 16   0.757034
28 17   0.757034
28 18   0.757034
28 19   0.757034
28 20   0.757034
28 21   0.757034
28 22   0.757034
28 23   0.757034
28 24   0.757034
28 25   0.757034
28 26   0.757034
28 27   0.757034
28 28   0.757034
28 29   0.757034
28 30   0.757034
28 31   0.757034
28 32   0.757034
28 33   0.757034
28 34   0.757034
28 35   0.757034
28 36   0.757034
28 37   0.757034
28 38   0.757034
28 39   0.757034
28 40   0.757034
29 1   0.824542
29 2   0.824542
29 3   0.824542
29 4   0.824542
29 5   0.824542
29 6   0.824542
29 7   0.824542
29 8   0.824542
29 9   0.824542
29 10   0.824542
29 11   0.824542
29 12   0.824542
29 13   0.824542
29 14   0.824542
29 15   0.824542
29 16   0.824542
29 17   0.824542
29 18   0.824542
29 19   0.824542
29 20   0.824542
29 21   0.824542
29 22   0.824542
29 23   0.824542
29 24   0.824542
29 25   0.824542
29 26   0.824542
29 27   0.824542
29 28   0.824542
29 29   0.824542
29 30   0.824542
29 31   0.824542
29 32   0.824542
29 33   0.824542
29 34   0.824542
29 35   0.824542
29 36   0.824542
29 37   0.824542
29 38   0.824542
29 39   0.824542
29 40   0.824542
30 1   0.889735
30 2   0.889735
30 3   0.889735
30 4   0.889735
30 5   0.889735
30 6   0.889735
30 7   0.889735
30 8   0.889735
30 9   0.889735
30 10   0.889735
30 11   0.889735
30 12   0.889735
30 13   0.889735
30 14   0.889735
30 15   0.889735
30 16   0.889735
30 17   0.889735
30 18   0.889735
30 19   0.889735
30 20   0.889735
30 21   0.889735
30 22   0.889735
30 23   0.889735
30 24   0.889735
30 25   0.889735
30 26   0.889735
30 27   0.889735
30 28   0.889735
30 29   0.889735
30 30   0.889735
30 31   0.889735
30 32   0.889735
30 33   0.889735
30 34   0.889735
30 35   0.889735
30 36   0.889735
30 37   0.889735
30 38   0.889735
30 39   0.889735
30 40   0.889735
31 1   0.94713
31 2   0.94713
31 3   0.94713
31 4   0.94713
31 5   0.94713
31 6   0.94713
31 7   0.94713
31 8   0.94713
31 9   0.94713
31 10   0.94713
31 11   0.94713
31 12   0.94713
31 13   0.94713
31 14   0.94713
31 15   0.94713
31 16   0.94713
31 17   0.94713
31 18   0.94713
31 19   0.94713
31 20   0.94713
31 21   0.94713
31 22   0.94713
31 23   0.94713
31 24   0.94713
31 25   0.94713
31 26   0.94713
31 27   0.94713
31 28   0.94713
31 29   0.94713
31 30   0.94713
31 31   0.94713
31 32   0.94713
31 33   0.94713
31 34   0.94713
31 35   0.94713
31 36   0.94713
31 37   0.94713
31 38   0.94713
31 39   0.94713
31 40   0.94713
32 1   0.994442
32 2   0.994442
32 3   0.994442
32 4   0.994442
32 5   0.994442
32 6   0.994442
32 7   0.994442
32 8   0.994442
32 9   0.994442
32 10   0.994442
32 11   0.994442
32 12   0.994442
32 13   0.994442
32 14   0.994442
32 15   0.994442
32 16   0.994442
32 17   0.994442
32 18   0.994442
32 19   0.994442
32 20   0.994442
32 21   0.994442
32 22   0.994442
32 23   0.994442
32 24   0.994442
32 25   0.994442
32 26   0.994442
32 27   0.994442
32 28   0.994442
32 29   0.994442
32 30   0.994442
32 31   0.994442
32 32   0.994442
32 33   0.994442
32 34   0.994442
32 35   0.994442
32 36   0.994442
32 37   0.994442
32 38   0.994442
32 39   0.994442
32 40   0.994442
33 1   1.03142
33 2   1.03142
33 3   1.03142
33 4   1.03142
33 5   1.03142
33 6   1.03142
33 7   1.03142
33 8   1.03142
33 9   1.03142
33 10   1.03142
33 11   1.03142
33 12   1.03142
33 13   1.03142
33 14   1.03142
33 15   1.03142
33 16   1.03142
33 17   1.03142
33 18   1.03142
33 19   1.03142
33 20   1.03142
33 21   1.03142
33 22   1.03142
33 23   1.03142
33 24   1.03142
33 25   1.03142
33 26   1.03142
33 27   1.03142
33 28   1.03142
33 29   1.03142
33 30   1.03142
33 31   1.03142
33 32   1.03142
33 33   1.03142
33 34   1.03142
33 35   1.03142
33 36   1.03142
33 37   1.03142
33 38   1.03142
33 39   1.03142
33 40   1.03142
34 1   1.0569
34 2   1.0569
34 3   1.0569
34 4   1.0569
34 5   1.0569
34 6   1.0569
34 7   1.0569
34 8   1.0569
34 9   1.0569
34 10   1.0569
34 11   1.0569
34 12   1.0569
34 13   1.0569
34 14   1.0569
34 15   1.0569
34 16   1.0569
34 17   1.0569
34 18   1.0569
34 19   1.0569
34 20   1.0569
34 21   1.0569
34 22   1.0569
34 23   1.0569
34 24   1.0569
34 25   1.0569
34 26   1.0569
34 27   1.0569
34 28   1.0569
34 29   1.0569
34 30   1.0569
34 31   1.0569
34 32   1.0569
34 33   1.0569
34 34   1.0569
34 35   1.0569
34 36   1.0569
34 37   1.0569
34 38   1.0569
34 39   1.0569
34 40   1.0569
35 1   1.06748
35 2   1.06748
35 3   1.06748
35 4   1.06748
35 5   1.06748
35 6   1.06748
35 7   1.06748
35 8   1.06748
35 9   1.06748
35 10   1.06748
35 11   1.06748
35 12   1.06748
35 13   1.06748
35 14   1.06748
35 15   1.06748
35 16   1.06748
35 17   1.06748
35 18   1.06748
35 19   1.06748
35 20   1.06748
35 21   1.06748
35 22   1.06748
35 23   1.06748
35 24   1.06748
35 25   1.06748
35 26   1.06748
35 27   1.06748
35 28   1.06748
35 29   1.06748
35 30   1.06748
35 31   1.06748
35 32   1.06748
35 33   1.06748
35 34   1.06748
35 35   1.06748
35 36   1.06748
35 37   1.06748
35 38   1.06748
35 39   1.06748
35 40   1.06748
36 1   1.05996
36 2   1.05996
36 3   1.05996
36 4   1.05996
36 5   1.05996
36 6   1.05996
36 7   1.05996
36 8   1.05996
36 9   1.05996
36 10   1.05996
36 11   1.05996
36 12   1.05996
36 13   1.05996
36 14   1.05996
36 15   1.05996
36 16   1.05996
36 17   1.05996
36 18   1.05996
36 19   1.05996
36 20   1.05996
36 21   1.05996
36 22   1.05996
36 23   1.05996
36 24   1.05996
36 25   1.05996
36 26   1.05996
36 27   1.05996
36 28   1.05996
36 29   1.05996
36 30   1.05996
36 31   1.05996
36 32   1.05996
36 33   1.05996
36 34   1.05996
36 35   1.05996
36 36   1.05996
36 37   1.05996
36 38   1.05996
36 39   1.05996
36 40   1.05996
37 1   1.03557
37 2   1.03557
37 3   1.03557
37 4   1.03557
37 5   1.03557
37 6   1.03557
37 7   1.03557
37 8   1.03557
37 9   1.03557
37 10   1.03557
37 11   1.03557
37 12   1.03557
37 13   1.03557
37 14   1.03557
37 15   1.03557
37 16   1.03557
37 17   1.03557
37 18   1.03557
37 19   1.03557
37 20   1.03557
37 21   1.03557
37 22   1.03557
37 23   1.03557
37 24   1.03557
37 25   1.03557
37 26   1.03557
37 27   1.03557
37 28   1.03557
37 29   1.03557
37 30   1.03557
37 31   1.03557
37 32   1.03557
37 33   1.03557
37 34   1.03557
37 35   1.03557
37 36   1.03557
37 37   1.03557
37 38   1.03557
37 39   1.03557
37 40   1.03557
38 1   1.0018
38 2   1.0018
38 3   1.0018
38 4   1.0018
38 5   1.0018
38 6   1.0018
38 7   1.0018
38 8   1.0018
38 9   1.0018
38 10   1.0018
38 11   1.0018
38 12   1.0018
38 13   1.0018
38 14   1.0018
38 15   1.0018
38 16   1.0018
38 17   1.0018
38 18   1.0018
38 19   1.0018
38 20   1.0018
38 21   1.0018
38 22   1.0018
38 23   1.0018
38 24   1.0018
38 25   1.0018
38 26   1.0018
38 27   1.0018
38 28   1.0018
38 29   1.0018
38 30   1.0018
38 31   1.0018
38 32   1.0018
38 33   1.0018
38 34   1.0018
38 35   1.0018
38 36   1.0018
38 37   1.0018
38 38   1.0018
38 39   1.0018
38 40   1.0018
39 1   0.970078
39 2   0.970078
39 3   0.970078
39 4   0.970078
39 5   0.970078
39 6   0.970078
39 7   0.970078
39 8   0.970078
39 9   0.970078
39 10   0.970078
39 11   0.970078
39 12   0.970078
39 13   0.970078
39 14   0.970078
39 15   0.970078
39 16   0.970078
39 17   0.970078
39 18   0.970078
39 19   0.970078
39 20   0.970078
39 21   0.970078
39 22   0.970078
39 23   0.970078
39 24   0.970078
39 25   0.970078
39 26   0.970078
39 27   0.970078
39 28   0.970078
39 29   0.970078
39 30   0.970078
39 31   0.970078
39 32   0.970078
39 33   0.970078
39 34   0.970078
39 35   0.970078
39 36   0.970078
39 37   0.970078
39 38   0.970078
39 39   0.970078
39 40   0.970078
40 1   0.951101
40 2   0.951101
40 3   0.951101
40 4   0.951101
40 5   0.951101
40 6   0.951101
40 7   0.951101
40 8   0.951101
40 9   0.951101
40 10   0.951101
40 11   0.951101
40 12   0.951101
40 13   0.951101
40 14   0.951101
40 15   0.951101
40 16   0.951101
40 17   0.951101
40 18   0.951101
40 19   0.951101
40 20   0.951101
40 21   0.951101
40 22   0.951101
40 23   0.951101
40 24   0.951101
40 25   0.951101
40 26   0.951101
40 27   0.951101
40 28   0.951101
40 29   0.951101
40 30   0.951101
40 31   0.951101
40 32   0.951101
40 33   0.951101
40 34   0.951101
40 35   0.951101
40 36   0.951101
40 37   0.951101
40 38   0.951101
40 39   0.951101
40 40   0.951101
