1 1   -0.00224794
1 2   -0.00224794
1 3   -0.00224794
1 4   -0.00224794
1 5   -0.00224794
1 6   -0.00224794
1 7   -0.00224794
1 8   -0.00224794
1 9   -0.00224794
1 10   -0.00224794
1 11   -0.00224794
1 12   -0.00224794
1 13   -0.00224794
1 14   -0.00224794
1 15   -0.00224794
1 16   -0.00224794
1 17   -0.00224794
1 18   -0.00224794
1 19   -0.00224794
1 20   -0.00224794
1 21   -0.00224794
1 22   -0.00224794
1 23   -0.00224794
1 24   -0.00224794
1 25   -0.00224794
1 26   -0.00224794
1 27   -0.00224794
1 28   -0.00224794
1 29   -0.00224794
1 30   -0.00224794
1 31   -0.00224794
1 32   -0.00224794
1 33   -0.00224794
1 34   -0.00224794
1 35   -0.00224794
1 36   -0.00224794
1 37   -0.00224794
1 38   -0.00224794
1 39   -0.00224794
1 40   -0.00224794
2 1   -0.000453572
2 2   -0.000453572
2 3   -0.000453572
2 4   -0.000453572
2 5   -0.000453572
2 6   -0.000453572
2 7   -0.000453572
2 8   -0.000453572
2 9   -0.000453572
2 10   -0.000453572
2 11   -0.000453572
2 12   -0.000453572
2 13   -0.000453572
2 14   -0.000453572
2 15   -0.000453572
2 16   -0.000453572
2 17   -0.000453572
2 18   -0.000453572
2 19   -0.000453572
2 20   -0.000453572
2 21   -0.000453572
2 22   -0.000453572
2 23   -0.000453572
2 24   -0.000453572
2 25   -0.000453572
2 26   -0.000453572
2 27   -0.000453572
2 28   -0.000453572
2 29   -0.000453572
2 30   -0.000453572
2 31   -0.000453572
2 32   -0.000453572
2 33   -0.000453572
2 34   -0.000453572
2 35   -0.000453572
2 36   -0.000453572
2 37   -0.000453572
2 38   -0.000453572
2 39   -0.000453572
2 40   -0.000453572
3 1   0.00300223
3 2   0.00300223
3 3   0.00300223
3 4   0.00300223
3 5   0.00300223
3 6   0.00300223
3 7   0.00300223
3 8   0.00300223
3 9   0.00300223
3 10   0.00300223
3 11   0.00300223
3 12   0.00300223
3 13   0.00300223
3 14   0.00300223
3 15   0.00300223
3 16   0.00300223
3 17   0.00300223
3 18   0.00300223
3 19   0.00300223
3 20   0.00300223
3 21   0.00300223
3 22   0.00300223
3 23   0.00300223
3 24   0.00300223
3 25   0.00300223
3 26   0.00300223
3 27   0.00300223
3 28   0.00300223
3 29   0.00300223
3 30   0.00300223
3 31   0.00300223
3 32   0.00300223
3 33   0.00300223
3 34   0.00300223
3 35   0.00300223
3 36   0.00300223
3 37   0.00300223
3 38   0.00300223
3 39   0.00300223
3 40   0.00300223
4 1   0.0076124
4 2   0.0076124
4 3   0.0076124
4 4   0.0076124
4 5   0.0076124
4 6   0.0076124
4 7   0.0076124
4 8   0.0076124
4 9   0.0076124
4 10   0.0076124
4 11   0.0076124
4 12   0.0076124
4 13   0.0076124
4 14   0.0076124
4 15   0.0076124
4 16   0.0076124
4 17   0.0076124
4 18   0.0076124
4 19   0.0076124
4 20   0.0076124
4 21   0.0076124
4 22   0.0076124
4 23   0.0076124
4 24   0.0076124
4 25   0.0076124
4 26   0.0076124
4 27   0.0076124
4 28   0.0076124
4 29   0.0076124
4 30   0.0076124
4 31   0.0076124
4 32   0.0076124
4 33   0.0076124
4 34   0.0076124
4 35   0.0076124
4 36   0.0076124
4 37   0.0076124
4 38   0.0076124
4 39   0.0076124
4 40   0.0076124
5 1   0.0124658
5 2   0.0124658
5 3   0.0124658
5 4   0.0124658
5 5   0.0124658
5 6   0.0124658
5 7   0.0124658
5 8   0.0124658
5 9   0.0124658
5 10   0.0124658
5 11   0.0124658
5 12   0.0124658
5 13   0.0124658
5 14   0.0124658
5 15   0.0124658
5 16   0.0124658
5 17   0.0124658
5 18   0.0124658
5 19   0.0124658
5 20   0.0124658
5 21   0.0124658
5 22   0.0124658
5 23   0.0124658
5 24   0.0124658
5 25   0.0124658
5 26   0.0124658
5 27   0.0124658
5 28   0.0124658
5 29   0.0124658
5 30   0.0124658
5 31   0.0124658
5 32   0.0124658
5 33   0.0124658
5 34   0.0124658
5 35   0.0124658
5 36   0.0124658
5 37   0.0124658
5 38   0.0124658
5 39   0.0124658
5 40   0.0124658
6 1   0.0167035
6 2   0.0167035
6 3   0.0167035
6 4   0.0167035
6 5   0.0167035
6 6   0.0167035
6 7   0.0167035
6 8   0.0167035
6 9   0.0167035
6 10   0.0167035
6 11   0.0167035
6 12   0.0167035
6 13   0.0167035
6 14   0.0167035
6 15   0.0167035
6 16   0.0167035
6 17   0.0167035
6 18   0.0167035
6 19   0.0167035
6 20   0.0167035
6 21   0.0167035
6 22   0.0167035
6 23   0.0167035
6 24   0.0167035
6 25   0.0167035
6 26   0.0167035
6 27   0.0167035
6 28   0.0167035
6 29   0.0167035
6 30   0.0167035
6 31   0.0167035
6 32   0.0167035
6 33   0.0167035
6 34   0.0167035
6 35   0.0167035
6 36   0.0167035
6 37   0.0167035
6 38   0.0167035
6 39   0.0167035
6 40   0.0167035
7 1   0.0202199
7 2   0.0202199
7 3   0.0202199
7 4   0.0202199
7 5   0.0202199
7 6   0.0202199
7 7   0.0202199
7 8   0.0202199
7 9   0.0202199
7 10   0.0202199
7 11   0.0202199
7 12   0.0202199
7 13   0.0202199
7 14   0.0202199
7 15   0.0202199
7 16   0.0202199
7 17   0.0202199
7 18   0.0202199
7 19   0.0202199
7 20   0.0202199
7 21   0.0202199
7 22   0.0202199
7 23   0.0202199
7 24   0.0202199
7 25   0.0202199
7 26   0.0202199
7 27   0.0202199
7 28   0.0202199
7 29   0.0202199
7 30   0.0202199
7 31   0.0202199
7 32   0.0202199
7 33   0.0202199
7 34   0.0202199
7 35   0.0202199
7 36   0.0202199
7 37   0.0202199
7 38   0.0202199
7 39   0.0202199
7 40   0.0202199
8 1   0.0242089
8 2   0.0242089
8 3   0.0242089
8 4   0.0242089
8 5   0.0242089
8 6   0.0242089
8 7   0.0242089
8 8   0.0242089
8 9   0.0242089
8 10   0.0242089
8 11   0.0242089
8 12   0.0242089
8 13   0.0242089
8 14   0.0242089
8 15   0.0242089
8 16   0.0242089
8 17   0.0242089
8 18   0.0242089
8 19   0.0242089
8 20   0.0242089
8 21   0.0242089
8 22   0.0242089
8 23   0.0242089
8 24   0.0242089
8 25   0.0242089
8 26   0.0242089
8 27   0.0242089
8 28   0.0242089
8 29   0.0242089
8 30   0.0242089
8 31   0.0242089
8 32   0.0242089
8 33   0.0242089
8 34   0.0242089
8 35   0.0242089
8 36   0.0242089
8 37   0.0242089
8 38   0.0242089
8 39   0.0242089
8 40   0.0242089
9 1   0.0313507
9 2   0.0313507
9 3   0.0313507
9 4   0.0313507
9 5   0.0313507
9 6   0.0313507
9 7   0.0313507
9 8   0.0313507
9 9   0.0313507
9 10   0.0313507
9 11   0.0313507
9 12   0.0313507
9 13   0.0313507
9 14   0.0313507
9 15   0.0313507
9 16   0.0313507
9 17   0.0313507
9 18   0.0313507
9 19   0.0313507
9 20   0.0313507
9 21   0.0313507
9 22   0.0313507
9 23   0.0313507
9 24   0.0313507
9 25   0.0313507
9 26   0.0313507
9 27   0.0313507
9 28   0.0313507
9 29   0.0313507
9 30   0.0313507
9 31   0.0313507
9 32   0.0313507
9 33   0.0313507
9 34   0.0313507
9 35   0.0313507
9 36   0.0313507
9 37   0.0313507
9 38   0.0313507
9 39   0.0313507
9 40   0.0313507
10 1   0.0455121
10 2   0.0455121
10 3   0.0455121
10 4   0.0455121
10 5   0.0455121
10 6   0.0455121
10 7   0.0455121
10 8   0.0455121
10 9   0.0455121
10 10   0.0455121
10 11   0.0455121
10 12   0.0455121
10 13   0.0455121
10 14   0.0455121
10 15   0.0455121
10 16   0.0455121
10 17   0.0455121
10 18   0.0455121
10 19   0.0455121
10 20   0.0455121
10 21   0.0455121
10 22   0.0455121
10 23   0.0455121
10 24   0.0455121
10 25   0.0455121
10 26   0.0455121
10 27   0.0455121
10 28   0.0455121
10 29   0.0455121
10 30   0.0455121
10 31   0.0455121
10 32   0.0455121
10 33   0.0455121
10 34   0.0455121
10 35   0.0455121
10 36   0.0455121
10 37   0.0455121
10 38   0.0455121
10 39   0.0455121
10 40   0.0455121
11 1   0.0706861
11 2   0.0706861
11 3   0.0706861
11 4   0.0706861
11 5   0.0706861
11 6   0.0706861
11 7   0.0706861
11 8   0.0706861
11 9   0.0706861
11 10   0.0706861
11 11   0.0706861
11 12   0.0706861
11 13   0.0706861
11 14   0.0706861
11 15   0.0706861
11 16   0.0706861
11 17   0.0706861
11 18   0.0706861
11 19   0.0706861
11 20   0.0706861
11 21   0.0706861
11 22   0.0706861
11 23   0.0706861
11 24   0.0706861
11 25   0.0706861
11 26   0.0706861
11 27   0.0706861
11 28   0.0706861
11 29   0.0706861
11 30   0.0706861
11 31   0.0706861
11 32   0.0706861
11 33   0.0706861
11 34   0.0706861
11 35   0.0706861
11 36   0.0706861
11 37   0.0706861
11 38   0.0706861
11 39   0.0706861
11 40   0.0706861
12 1   0.109163
12 2   0.109163
12 3   0.109163
12 4   0.109163
12 5   0.109163
12 6   0.109163
12 7   0.109163
12 8   0.109163
12 9   0.109163
12 10   0.109163
12 11   0.109163
12 12   0.109163
12 13   0.109163
12 14   0.109163
12 15   0.109163
12 16   0.109163
12 17   0.109163
12 18   0.109163
12 19   0.109163
12 20   0.109163
12 21   0.109163
12 22   0.109163
12 23   0.109163
12 24   0.109163
12 25   0.109163
12 26   0.109163
12 27   0.109163
12 28   0.109163
12 29   0.109163
12 30   0.109163
12 31   0.109163
12 32   0.109163
12 33   0.109163
12 34   0.109163
12 35   0.109163
12 36   0.109163
12 37   0.109163
12 38   0.109163
12 39   0.109163
12 40   0.109163
13 1   0.159742
13 2   0.159742
13 3   0.159742
13 4   0.159742
13 5   0.159742
13 6   0.159742
13 7   0.159742
13 8   0.159742
13 9   0.159742
13 10   0.159742
13 11   0.159742
13 12   0.159742
13 13   0.159742
13 14   0.159742
13 15   0.159742
13 16   0.159742
13 17   0.159742
13 18   0.159742
13 19   0.159742
13 20   0.159742
13 21   0.159742
13 22   0.159742
13 23   0.159742
13 24   0.159742
13 25   0.159742
13 26   0.159742
13 27   0.159742
13 28   0.159742
13 29   0.159742
13 30   0.159742
13 31   0.159742
13 32   0.159742
13 33   0.159742
13 34   0.159742
13 35   0.159742
13 36   0.159742
13 37   0.159742
13 38   0.159742
13 39   0.159742
13 40   0.159742
14 1   0.217406
14 2   0.217406
14 3   0.217406
14 4   0.217406
14 5   0.217406
14 6   0.217406
14 7   0.217406
14 8   0.217406
14 9   0.217406
14 10   0.217406
14 11   0.217406
14 12   0.217406
14 13   0.217406
14 14   0.217406
14 15   0.217406
14 16   0.217406
14 17   0.217406
14 18   0.217406
14 19   0.217406
14 20   0.217406
14 21   0.217406
14 22   0.217406
14 23   0.217406
14 24   0.217406
14 25   0.217406
14 26   0.217406
14 27   0.217406
14 28   0.217406
14 29   0.217406
14 30   0.217406
14 31   0.217406
14 32   0.217406
14 33   0.217406
14 34   0.217406
14 35   0.217406
14 36   0.217406
14 37   0.217406
14 38   0.217406
14 39   0.217406
14 40   0.217406
15 1   0.275205
15 2   0.275205
15 3   0.275205
15 4   0.275205
15 5   0.275205
15 6   0.275205
15 7   0.275205
15 8   0.275205
15 9   0.275205
15 10   0.275205
15 11   0.275205
15 12   0.275205
15 13   0.275205
15 14   0.275205
15 15   0.275205
15 16   0.275205
15 17   0.275205
15 18   0.275205
15 19   0.275205
15 20   0.275205
15 21   0.275205
15 22   0.275205
15 23   0.275205
15 24   0.275205
15 25   0.275205
15 26   0.275205
15 27   0.275205
15 28   0.275205
15 29   0.275205
15 30   0.275205
15 31   0.275205
15 32   0.275205
15 33   0.275205
15 34   0.275205
15 35   0.275205
15 36   0.275205
15 37   0.275205
15 38   0.275205
15 39   0.275205
15 40   0.275205
16 1   0.327351
16 2   0.327351
16 3   0.327351
16 4   0.327351
16 5   0.327351
16 6   0.327351
16 7   0.327351
16 8   0.327351
16 9   0.327351
16 10   0.327351
16 11   0.327351
16 12   0.327351
16 13   0.327351
16 14   0.327351
16 15   0.327351
16 16   0.327351
16 17   0.327351
16 18   0.327351
16 19   0.327351
16 20   0.327351
16 21   0.327351
16 22   0.327351
16 23   0.327351
16 24   0.327351
16 25   0.327351
16 26   0.327351
16 27   0.327351
16 28   0.327351
16 29   0.327351
16 30   0.327351
16 31   0.327351
16 32   0.327351
16 33   0.327351
16 34   0.327351
16 35   0.327351
16 36   0.327351
16 37   0.327351
16 38   0.327351
16 39   0.327351
16 40   0.327351
17 1   0.371387
17 2   0.371387
17 3   0.371387
17 4   0.371387
17 5   0.371387
17 6   0.371387
17 7   0.371387
17 8   0.371387
17 9   0.371387
17 10   0.371387
17 11   0.371387
17 12   0.371387
17 13   0.371387
17 14   0.371387
17 15   0.371387
17 16   0.371387
17 17   0.371387
17 18   0.371387
17 19   0.371387
17 20   0.371387
17 21   0.371387
17 22   0.371387
17 23   0.371387
17 24   0.371387
17 25   0.371387
17 26   0.371387
17 27   0.371387
17 28   0.371387
17 29   0.371387
17 30   0.371387
17 31   0.371387
17 32   0.371387
17 33   0.371387
17 34   0.371387
17 35   0.371387
17 36   0.371387
17 37   0.371387
17 38   0.371387
17 39   0.371387
17 40   0.371387
18 1   0.40799
18 2   0.40799
18 3   0.40799
18 4   0.40799
18 5   0.40799
18 6   0.40799
18 7   0.40799
18 8   0.40799
18 9   0.40799
18 10   0.40799
18 11   0.40799
18 12   0.40799
18 13   0.40799
18 14   0.40799
18 15   0.40799
18 16   0.40799
18 17   0.40799
18 18   0.40799
18 19   0.40799
18 20   0.40799
18 21   0.40799
18 22   0.40799
18 23   0.40799
18 24   0.40799
18 25   0.40799
18 26   0.40799
18 27   0.40799
18 28   0.40799
18 29   0.40799
18 30   0.40799
18 31   0.40799
18 32   0.40799
18 33   0.40799
18 34   0.40799
18 35   0.40799
18 36   0.40799
18 37   0.40799
18 38   0.40799
18 39   0.40799
18 40   0.40799
19 1   0.439059
19 2   0.439059
19 3   0.439059
19 4   0.439059
19 5   0.439059
19 6   0.439059
19 7   0.439059
19 8   0.439059
19 9   0.439059
19 10   0.439059
19 11   0.439059
19 12   0.439059
19 13   0.439059
19 14   0.439059
19 15   0.439059
19 16   0.439059
19 17   0.439059
19 18   0.439059
19 19   0.439059
19 20   0.439059
19 21   0.439059
19 22   0.439059
19 23   0.439059
19 24   0.439059
19 25   0.439059
19 26   0.439059
19 27   0.439059
19 28   0.439059
19 29   0.439059
19 30   0.439059
19 31   0.439059
19 32   0.439059
19 33   0.439059
19 34   0.439059
19 35   0.439059
19 36   0.439059
19 37   0.439059
19 38   0.439059
19 39   0.439059
19 40   0.439059
20 1   0.466019
20 2   0.466019
20 3   0.466019
20 4   0.466019
20 5   0.466019
20 6   0.466019
20 7   0.466019
20 8   0.466019
20 9   0.466019
20 10   0.466019
20 11   0.466019
20 12   0.466019
20 13   0.466019
20 14   0.466019
20 15   0.466019
20 16   0.466019
20 17   0.466019
20 18   0.466019
20 19   0.466019
20 20   0.466019
20 21   0.466019
20 22   0.466019
20 23   0.466019
20 24   0.466019
20 25   0.466019
20 26   0.466019
20 27   0.466019
20 28   0.466019
20 29   0.466019
20 30   0.466019
20 31   0.466019
20 32   0.466019
20 33   0.466019
20 34   0.466019
20 35   0.466019
20 36   0.466019
20 37   0.466019
20 38   0.466019
20 39   0.466019
20 40   0.466019
21 1   0.489726
21 2   0.489726
21 3   0.489726
21 4   0.489726
21 5   0.489726
21 6   0.489726
21 7   0.489726
21 8   0.489726
21 9   0.489726
21 10   0.489726
21 11   0.489726
21 12   0.489726
21 13   0.489726
21 14   0.489726
21 15   0.489726
21 16   0.489726
21 17   0.489726
21 18   0.489726
21 19   0.489726
21 20   0.489726
21 21   0.489726
21 22   0.489726
21 23   0.489726
21 24   0.489726
21 25   0.489726
21 26   0.489726
21 27   0.489726
21 28   0.489726
21 29   0.489726
21 30   0.489726
21 31   0.489726
21 32   0.489726
21 33   0.489726
21 34   0.489726
21 35   0.489726
21 36   0.489726
21 37   0.489726
21 38   0.489726
21 39   0.489726
21 40   0.489726
22 1   0.511494
22 2   0.511494
22 3   0.511494
22 4   0.511494
22 5   0.511494
22 6   0.511494
22 7   0.511494
22 8   0.511494
22 9   0.511494
22 10   0.511494
22 11   0.511494
22 12   0.511494
22 13   0.511494
22 14   0.511494
22 15   0.511494
22 16   0.511494
22 17   0.511494
22 18   0.511494
22 19   0.511494
22 20   0.511494
22 21   0.511494
22 22   0.511494
22 23   0.511494
22 24   0.511494
22 25   0.511494
22 26   0.511494
22 27   0.511494
22 28   0.511494
22 29   0.511494
22 30   0.511494
22 31   0.511494
22 32   0.511494
22 33   0.511494
22 34   0.511494
22 35   0.511494
22 36   0.511494
22 37   0.511494
22 38   0.511494
22 39   0.511494
22 40   0.511494
23 1   0.533774
23 2   0.533774
23 3   0.533774
23 4   0.533774
23 5   0.533774
23 6   0.533774
23 7   0.533774
23 8   0.533774
23 9   0.533774
23 10   0.533774
23 11   0.533774
23 12   0.533774
23 13   0.533774
23 14   0.533774
23 15   0.533774
23 16   0.533774
23 17   0.533774
23 18   0.533774
23 19   0.533774
23 20   0.533774
23 21   0.533774
23 22   0.533774
23 23   0.533774
23 24   0.533774
23 25   0.533774
23 26   0.533774
23 27   0.533774
23 28   0.533774
23 29   0.533774
23 30   0.533774
23 31   0.533774
23 32   0.533774
23 33   0.533774
23 34   0.533774
23 35   0.533774
23 36   0.533774
23 37   0.533774
23 38   0.533774
23 39   0.533774
23 40   0.533774
24 1   0.559573
24 2   0.559573
24 3   0.559573
24 4   0.559573
24 5   0.559573
24 6   0.559573
24 7   0.559573
24 8   0.559573
24 9   0.559573
24 10   0.559573
24 11   0.559573
24 12   0.559573
24 13   0.559573
24 14   0.559573
24 15   0.559573
24 16   0.559573
24 17   0.559573
24 18   0.559573
24 19   0.559573
24 20   0.559573
24 21   0.559573
24 22   0.559573
24 23   0.559573
24 24   0.559573
24 25   0.559573
24 26   0.559573
24 27   0.559573
24 28   0.559573
24 29   0.559573
24 30   0.559573
24 31   0.559573
24 32   0.559573
24 33   0.559573
24 34   0.559573
24 35   0.559573
24 36   0.559573
24 37   0.559573
24 38   0.559573
24 39   0.559573
24 40   0.559573
25 1   0.59121
25 2   0.59121
25 3   0.59121
25 4   0.59121
25 5   0.59121
25 6   0.59121
25 7   0.59121
25 8   0.59121
25 9   0.59121
25 10   0.59121
25 11   0.59121
25 12   0.59121
25 13   0.59121
25 14   0.59121
25 15   0.59121
25 16   0.59121
25 17   0.59121
25 18   0.59121
25 19   0.59121
25 20   0.59121
25 21   0.59121
25 22   0.59121
25 23   0.59121
25 24   0.59121
25 25   0.59121
25 26   0.59121
25 27   0.59121
25 28   0.59121
25 29   0.59121
25 30   0.59121
25 31   0.59121
25 32   0.59121
25 33   0.59121
25 34   0.59121
25 35   0.59121
25 36   0.59121
25 37   0.59121
25 38   0.59121
25 39   0.59121
25 40   0.59121
26 1   0.62963
26 2   0.62963
26 3   0.62963
26 4   0.62963
26 5   0.62963
26 6   0.62963
26 7   0.62963
26 8   0.62963
26 9   0.62963
26 10   0.62963
26 11   0.62963
26 12   0.62963
26 13   0.62963
26 14   0.62963
26 15   0.62963
26 16   0.62963
26 17   0.62963
26 18   0.62963
26 19   0.62963
26 20   0.62963
26 21   0.62963
26 22   0.62963
26 23   0.62963
26 24   0.62963
26 25   0.62963
26 26   0.62963
26 27   0.62963
26 28   0.62963
26 29   0.62963
26 30   0.62963
26 31   0.62963
26 32   0.62963
26 33   0.62963
26 34   0.62963
26 35   0.62963
26 36   0.62963
26 37   0.62963
26 38   0.62963
26 39   0.62963
26 40   0.62963
27 1   0.674716
27 2   0.674716
27 3   0.674716
27 4   0.674716
27 5   0.674716
27 6   0.674716
27 7   0.674716
27 8   0.674716
27 9   0.674716
27 10   0.674716
27 11   0.674716
27 12   0.674716
27 13   0.674716
27 14   0.674716
27 15   0.674716
27 16   0.674716
27 17   0.674716
27 18   0.674716
27 19   0.674716
27 20   0.674716
27 21   0.674716
27 22   0.674716
27 23   0.674716
27 24   0.674716
27 25   0.674716
27 26   0.674716
27 27   0.674716
27 28   0.674716
27 29   0.674716
27 30   0.674716
27 31   0.674716
27 32   0.674716
27 33   0.674716
27 34   0.674716
27 35   0.674716
27 36   0.674716
27 37   0.674716
27 38   0.674716
27 39   0.674716
27 40   0.674716
28 1   0.725775
28 2   0.725775
28 3   0.725775
28 4   0.725775
28 5   0.725775
28 6   0.725775
28 7   0.725775
28 8   0.725775
28 9   0.725775
28 10   0.725775
28 11   0.725775
28 12   0.725775
28 13   0.725775
28 14   0.725775
28 15   0.725775
28 16   0.725775
28 17   0.725775
28 18   0.725775
28 19   0.725775
28 20   0.725775
28 21   0.725775
28 22   0.725775
28 23   0.725775
28 24   0.725775
28 25   0.725775
28 26   0.725775
28 27   0.725775
28 28   0.725775
28 29   0.725775
28 30   0.725775
28 31   0.725775
28 32   0.725775
28 33   0.725775
28 34   0.725775
28 35   0.725775
28 36   0.725775
28 37   0.725775
28 38   0.725775
28 39   0.725775
28 40   0.725775
29 1   0.781217
29 2   0.781217
29 3   0.781217
29 4   0.781217
29 5   0.781217
29 6   0.781217
29 7   0.781217
29 8   0.781217
29 9   0.781217
29 10   0.781217
29 11   0.781217
29 12   0.781217
29 13   0.781217
29 14   0.781217
29 15   0.781217
29 16   0.781217
29 17   0.781217
29 18   0.781217
29 19   0.781217
29 20   0.781217
29 21   0.781217
29 22   0.781217
29 23   0.781217
29 24   0.781217
29 25   0.781217
29 26   0.781217
29 27   0.781217
29 28   0.781217
29 29   0.781217
29 30   0.781217
29 31   0.781217
29 32   0.781217
29 33   0.781217
29 34   0.781217
29 35   0.781217
29 36   0.781217
29 37   0.781217
29 38   0.781217
29 39   0.781217
29 40   0.781217
30 1   0.837656
30 2   0.837656
30 3   0.837656
30 4   0.837656
30 5   0.837656
30 6   0.837656
30 7   0.837656
30 8   0.837656
30 9   0.837656
30 10   0.837656
30 11   0.837656
30 12   0.837656
30 13   0.837656
30 14   0.837656
30 15   0.837656
30 16   0.837656
30 17   0.837656
30 18   0.837656
30 19   0.837656
30 20   0.837656
30 21   0.837656
30 22   0.837656
30 23   0.837656
30 24   0.837656
30 25   0.837656
30 26   0.837656
30 27   0.837656
30 28   0.837656
30 29   0.837656
30 30   0.837656
30 31   0.837656
30 32   0.837656
30 33   0.837656
30 34   0.837656
30 35   0.837656
30 36   0.837656
30 37   0.837656
30 38   0.837656
30 39   0.837656
30 40   0.837656
31 1   0.889668
31 2   0.889668
31 3   0.889668
31 4   0.889668
31 5   0.889668
31 6   0.889668
31 7   0.889668
31 8   0.889668
31 9   0.889668
31 10   0.889668
31 11   0.889668
31 12   0.889668
31 13   0.889668
31 14   0.889668
31 15   0.889668
31 16   0.889668
31 17   0.889668
31 18   0.889668
31 19   0.889668
31 20   0.889668
31 21   0.889668
31 22   0.889668
31 23   0.889668
31 24   0.889668
31 25   0.889668
31 26   0.889668
31 27   0.889668
31 28   0.889668
31 29   0.889668
31 30   0.889668
31 31   0.889668
31 32   0.889668
31 33   0.889668
31 34   0.889668
31 35   0.889668
31 36   0.889668
31 37   0.889668
31 38   0.889668
31 39   0.889668
31 40   0.889668
32 1   0.931213
32 2   0.931213
32 3   0.931213
32 4   0.931213
32 5   0.931213
32 6   0.931213
32 7   0.931213
32 8   0.931213
32 9   0.931213
32 10   0.931213
32 11   0.931213
32 12   0.931213
32 13   0.931213
32 14   0.931213
32 15   0.931213
32 16   0.931213
32 17   0.931213
32 18   0.931213
32 19   0.931213
32 20   0.931213
32 21   0.931213
32 22   0.931213
32 23   0.931213
32 24   0.931213
32 25   0.931213
32 26   0.931213
32 27   0.931213
32 28   0.931213
32 29   0.931213
32 30   0.931213
32 31   0.931213
32 32   0.931213
32 33   0.931213
32 34   0.931213
32 35   0.931213
32 36   0.931213
32 37   0.931213
32 38   0.931213
32 39   0.931213
32 40   0.931213
33 1   0.958283
33 2   0.958283
33 3   0.958283
33 4   0.958283
33 5   0.958283
33 6   0.958283
33 7   0.958283
33 8   0.958283
33 9   0.958283
33 10   0.958283
33 11   0.958283
33 12   0.958283
33 13   0.958283
33 14   0.958283
33 15   0.958283
33 16   0.958283
33 17   0.958283
33 18   0.958283
33 19   0.958283
33 20   0.958283
33 21   0.958283
33 22   0.958283
33 23   0.958283
33 24   0.958283
33 25   0.958283
33 26   0.958283
33 27   0.958283
33 28   0.958283
33 29   0.958283
33 30   0.958283
33 31   0.958283
33 32   0.958283
33 33   0.958283
33 34   0.958283
33 35   0.958283
33 36   0.958283
33 37   0.958283
33 38   0.958283
33 39   0.958283
33 40   0.958283
34 1   0.971117
34 2   0.971117
34 3   0.971117
34 4   0.971117
34 5   0.971117
34 6   0.971117
34 7   0.971117
34 8   0.971117
34 9   0.971117
34 10   0.971117
34 11   0.971117
34 12   0.971117
34 13   0.971117
34 14   0.971117
34 15   0.971117
34 16   0.971117
34 17   0.971117
34 18   0.971117
34 19   0.971117
34 20   0.971117
34 21   0.971117
34 22   0.971117
34 23   0.971117
34 24   0.971117
34 25   0.971117
34 26   0.971117
34 27   0.971117
34 28   0.971117
34 29   0.971117
34 30   0.971117
34 31   0.971117
34 32   0.971117
34 33   0.971117
34 34   0.971117
34 35   0.971117
34 36   0.971117
34 37   0.971117
34 38   0.971117
34 39   0.971117
34 40   0.971117
35 1   0.974376
35 2   0.974376
35 3   0.974376
35 4   0.974376
35 5   0.974376
35 6   0.974376
35 7   0.974376
35 8   0.974376
35 9   0.974376
35 10   0.974376
35 11   0.974376
35 12   0.974376
35 13   0.974376
35 14   0.974376
35 15   0.974376
35 16   0.974376
35 17   0.974376
35 18   0.974376
35 19   0.974376
35 20   0.974376
35 21   0.974376
35 22   0.974376
35 23   0.974376
35 24   0.974376
35 25   0.974376
35 26   0.974376
35 27   0.974376
35 28   0.974376
35 29   0.974376
35 30   0.974376
35 31   0.974376
35 32   0.974376
35 33   0.974376
35 34   0.974376
35 35   0.974376
35 36   0.974376
35 37   0.974376
35 38   0.974376
35 39   0.974376
35 40   0.974376
36 1   0.974935
36 2   0.974935
36 3   0.974935
36 4   0.974935
36 5   0.974935
36 6   0.974935
36 7   0.974935
36 8   0.974935
36 9   0.974935
36 10   0.974935
36 11   0.974935
36 12   0.974935
36 13   0.974935
36 14   0.974935
36 15   0.974935
36 16   0.974935
36 17   0.974935
36 18   0.974935
36 19   0.974935
36 20   0.974935
36 21   0.974935
36 22   0.974935
36 23   0.974935
36 24   0.974935
36 25   0.974935
36 26   0.974935
36 27   0.974935
36 28   0.974935
36 29   0.974935
36 30   0.974935
36 31   0.974935
36 32   0.974935
36 33   0.974935
36 34   0.974935
36 35   0.974935
36 36   0.974935
36 37   0.974935
36 38   0.974935
36 39   0.974935
36 40   0.974935
37 1   0.97845
37 2   0.97845
37 3   0.97845
37 4   0.97845
37 5   0.97845
37 6   0.97845
37 7   0.97845
37 8   0.97845
37 9   0.97845
37 10   0.97845
37 11   0.97845
37 12   0.97845
37 13   0.97845
37 14   0.97845
37 15   0.97845
37 16   0.97845
37 17   0.97845
37 18   0.97845
37 19   0.97845
37 20   0.97845
37 21   0.97845
37 22   0.97845
37 23   0.97845
37 24   0.97845
37 25   0.97845
37 26   0.97845
37 27   0.97845
37 28   0.97845
37 29   0.97845
37 30   0.97845
37 31   0.97845
37 32   0.97845
37 33   0.97845
37 34   0.97845
37 35   0.97845
37 36   0.97845
37 37   0.97845
37 38   0.97845
37 39   0.97845
37 40   0.97845
38 1   0.98661
38 2   0.98661
38 3   0.98661
38 4   0.98661
38 5   0.98661
38 6   0.98661
38 7   0.98661
38 8   0.98661
38 9   0.98661
38 10   0.98661
38 11   0.98661
38 12   0.98661
38 13   0.98661
38 14   0.98661
38 15   0.98661
38 16   0.98661
38 17   0.98661
38 18   0.98661
38 19   0.98661
38 20   0.98661
38 21   0.98661
38 22   0.98661
38 23   0.98661
38 24   0.98661
38 25   0.98661
38 26   0.98661
38 27   0.98661
38 28   0.98661
38 29   0.98661
38 30   0.98661
38 31   0.98661
38 32   0.98661
38 33   0.98661
38 34   0.98661
38 35   0.98661
38 36   0.98661
38 37   0.98661
38 38   0.98661
38 39   0.98661
38 40   0.98661
39 1   0.996676
39 2   0.996676
39 3   0.996676
39 4   0.996676
39 5   0.996676
39 6   0.996676
39 7   0.996676
39 8   0.996676
39 9   0.996676
39 10   0.996676
39 11   0.996676
39 12   0.996676
39 13   0.996676
39 14   0.996676
39 15   0.996676
39 16   0.996676
39 17   0.996676
39 18   0.996676
39 19   0.996676
39 20   0.996676
39 21   0.996676
39 22   0.996676
39 23   0.996676
39 24   0.996676
39 25   0.996676
39 26   0.996676
39 27   0.996676
39 28   0.996676
39 29   0.996676
39 30   0.996676
39 31   0.996676
39 32   0.996676
39 33   0.996676
39 34   0.996676
39 35   0.996676
39 36   0.996676
39 37   0.996676
39 38   0.996676
39 39   0.996676
39 40   0.996676
40 1   1.00362
40 2   1.00362
40 3   1.00362
40 4   1.00362
40 5   1.00362
40 6   1.00362
40 7   1.00362
40 8   1.00362
40 9   1.00362
40 10   1.00362
40 11   1.00362
40 12   1.00362
40 13   1.00362
40 14   1.00362
40 15   1.00362
40 16   1.00362
40 17   1.00362
40 18   1.00362
40 19   1.00362
40 20   1.00362
40 21   1.00362
40 22   1.00362
40 23   1.00362
40 24   1.00362
40 25   1.00362
40 26   1.00362
40 27   1.00362
40 28   1.00362
40 29   1.00362
40 30   1.00362
40 31   1.00362
40 32   1.00362
40 33   1.00362
40 34   1.00362
40 35   1.00362
40 36   1.00362
40 37   1.00362
40 38   1.00362
40 39   1.00362
40 40   1.00362
