1 1   0.955336
1 2   0.955336
1 3   0.955336
1 4   0.955336
1 5   0.955336
1 6   0.955336
1 7   0.955336
1 8   0.955336
1 9   0.955336
1 10   0.955336
1 11   0.955336
1 12   0.955336
1 13   0.955336
1 14   0.955336
1 15   0.955336
1 16   0.955336
1 17   0.955336
1 18   0.955336
1 19   0.955336
1 20   0.955336
1 21   0.955336
1 22   0.955336
1 23   0.955336
1 24   0.955336
1 25   0.955336
1 26   0.955336
1 27   0.955336
1 28   0.955336
1 29   0.955336
1 30   0.955336
1 31   0.955336
1 32   0.955336
1 33   0.955336
1 34   0.955336
1 35   0.955336
1 36   0.955336
1 37   0.955336
1 38   0.955336
1 39   0.955336
1 40   0.955336
2 1   0.930649
2 2   0.930649
2 3   0.930649
2 4   0.930649
2 5   0.930649
2 6   0.930649
2 7   0.930649
2 8   0.930649
2 9   0.930649
2 10   0.930649
2 11   0.930649
2 12   0.930649
2 13   0.930649
2 14   0.930649
2 15   0.930649
2 16   0.930649
2 17   0.930649
2 18   0.930649
2 19   0.930649
2 20   0.930649
2 21   0.930649
2 22   0.930649
2 23   0.930649
2 24   0.930649
2 25   0.930649
2 26   0.930649
2 27   0.930649
2 28   0.930649
2 29   0.930649
2 30   0.930649
2 31   0.930649
2 32   0.930649
2 33   0.930649
2 34   0.930649
2 35   0.930649
2 36   0.930649
2 37   0.930649
2 38   0.930649
2 39   0.930649
2 40   0.930649
3 1   0.885007
3 2   0.885007
3 3   0.885007
3 4   0.885007
3 5   0.885007
3 6   0.885007
3 7   0.885007
3 8   0.885007
3 9   0.885007
3 10   0.885007
3 11   0.885007
3 12   0.885007
3 13   0.885007
3 14   0.885007
3 15   0.885007
3 16   0.885007
3 17   0.885007
3 18   0.885007
3 19   0.885007
3 20   0.885007
3 21   0.885007
3 22   0.885007
3 23   0.885007
3 24   0.885007
3 25   0.885007
3 26   0.885007
3 27   0.885007
3 28   0.885007
3 29   0.885007
3 30   0.885007
3 31   0.885007
3 32   0.885007
3 33   0.885007
3 34   0.885007
3 35   0.885007
3 36   0.885007
3 37   0.885007
3 38   0.885007
3 39   0.885007
3 40   0.885007
4 1   0.824096
4 2   0.824096
4 3   0.824096
4 4   0.824096
4 5   0.824096
4 6   0.824096
4 7   0.824096
4 8   0.824096
4 9   0.824096
4 10   0.824096
4 11   0.824096
4 12   0.824096
4 13   0.824096
4 14   0.824096
4 15   0.824096
4 16   0.824096
4 17   0.824096
4 18   0.824096
4 19   0.824096
4 20   0.824096
4 21   0.824096
4 22   0.824096
4 23   0.824096
4 24   0.824096
4 25   0.824096
4 26   0.824096
4 27   0.824096
4 28   0.824096
4 29   0.824096
4 30   0.824096
4 31   0.824096
4 32   0.824096
4 33   0.824096
4 34   0.824096
4 35   0.824096
4 36   0.824096
4 37   0.824096
4 38   0.824096
4 39   0.824096
4 40   0.824096
5 1   0.754036
5 2   0.754036
5 3   0.754036
5 4   0.754036
5 5   0.754036
5 6   0.754036
5 7   0.754036
5 8   0.754036
5 9   0.754036
5 10   0.754036
5 11   0.754036
5 12   0.754036
5 13   0.754036
5 14   0.754036
5 15   0.754036
5 16   0.754036
5 17   0.754036
5 18   0.754036
5 19   0.754036
5 20   0.754036
5 21   0.754036
5 22   0.754036
5 23   0.754036
5 24   0.754036
5 25   0.754036
5 26   0.754036
5 27   0.754036
5 28   0.754036
5 29   0.754036
5 30   0.754036
5 31   0.754036
5 32   0.754036
5 33   0.754036
5 34   0.754036
5 35   0.754036
5 36   0.754036
5 37   0.754036
5 38   0.754036
5 39   0.754036
5 40   0.754036
6 1   0.681545
6 2   0.681545
6 3   0.681545
6 4   0.681545
6 5   0.681545
6 6   0.681545
6 7   0.681545
6 8   0.681545
6 9   0.681545
6 10   0.681545
6 11   0.681545
6 12   0.681545
6 13   0.681545
6 14   0.681545
6 15   0.681545
6 16   0.681545
6 17   0.681545
6 18   0.681545
6 19   0.681545
6 20   0.681545
6 21   0.681545
6 22   0.681545
6 23   0.681545
6 24   0.681545
6 25   0.681545
6 26   0.681545
6 27   0.681545
6 28   0.681545
6 29   0.681545
6 30   0.681545
6 31   0.681545
6 32   0.681545
6 33   0.681545
6 34   0.681545
6 35   0.681545
6 36   0.681545
6 37   0.681545
6 38   0.681545
6 39   0.681545
6 40   0.681545
7 1   0.614647
7 2   0.614647
7 3   0.614647
7 4   0.614647
7 5   0.614647
7 6   0.614647
7 7   0.614647
7 8   0.614647
7 9   0.614647
7 10   0.614647
7 11   0.614647
7 12   0.614647
7 13   0.614647
7 14   0.614647
7 15   0.614647
7 16   0.614647
7 17   0.614647
7 18   0.614647
7 19   0.614647
7 20   0.614647
7 21   0.614647
7 22   0.614647
7 23   0.614647
7 24   0.614647
7 25   0.614647
7 26   0.614647
7 27   0.614647
7 28   0.614647
7 29   0.614647
7 30   0.614647
7 31   0.614647
7 32   0.614647
7 33   0.614647
7 34   0.614647
7 35   0.614647
7 36   0.614647
7 37   0.614647
7 38   0.614647
7 39   0.614647
7 40   0.614647
8 1   0.561751
8 2   0.561751
8 3   0.561751
8 4   0.561751
8 5   0.561751
8 6   0.561751
8 7   0.561751
8 8   0.561751
8 9   0.561751
8 10   0.561751
8 11   0.561751
8 12   0.561751
8 13   0.561751
8 14   0.561751
8 15   0.561751
8 16   0.561751
8 17   0.561751
8 18   0.561751
8 19   0.561751
8 20   0.561751
8 21   0.561751
8 22   0.561751
8 23   0.561751
8 24   0.561751
8 25   0.561751
8 26   0.561751
8 27   0.561751
8 28   0.561751
8 29   0.561751
8 30   0.561751
8 31   0.561751
8 32   0.561751
8 33   0.561751
8 34   0.561751
8 35   0.561751
8 36   0.561751
8 37   0.561751
8 38   0.561751
8 39   0.561751
8 40   0.561751
9 1   0.528602
9 2   0.528602
9 3   0.528602
9 4   0.528602
9 5   0.528602
9 6   0.528602
9 7   0.528602
9 8   0.528602
9 9   0.528602
9 10   0.528602
9 11   0.528602
9 12   0.528602
9 13   0.528602
9 14   0.528602
9 15   0.528602
9 16   0.528602
9 17   0.528602
9 18   0.528602
9 19   0.528602
9 20   0.528602
9 21   0.528602
9 22   0.528602
9 23   0.528602
9 24   0.528602
9 25   0.528602
9 26   0.528602
9 27   0.528602
9 28   0.528602
9 29   0.528602
9 30   0.528602
9 31   0.528602
9 32   0.528602
9 33   0.528602
9 34   0.528602
9 35   0.528602
9 36   0.528602
9 37   0.528602
9 38   0.528602
9 39   0.528602
9 40   0.528602
10 1   0.515199
10 2   0.515199
10 3   0.515199
10 4   0.515199
10 5   0.515199
10 6   0.515199
10 7   0.515199
10 8   0.515199
10 9   0.515199
10 10   0.515199
10 11   0.515199
10 12   0.515199
10 13   0.515199
10 14   0.515199
10 15   0.515199
10 16   0.515199
10 17   0.515199
10 18   0.515199
10 19   0.515199
10 20   0.515199
10 21   0.515199
10 22   0.515199
10 23   0.515199
10 24   0.515199
10 25   0.515199
10 26   0.515199
10 27   0.515199
10 28   0.515199
10 29   0.515199
10 30   0.515199
10 31   0.515199
10 32   0.515199
10 33   0.515199
10 34   0.515199
10 35   0.515199
10 36   0.515199
10 37   0.515199
10 38   0.515199
10 39   0.515199
10 40   0.515199
11 1   0.515437
11 2   0.515437
11 3   0.515437
11 4   0.515437
11 5   0.515437
11 6   0.515437
11 7   0.515437
11 8   0.515437
11 9   0.515437
11 10   0.515437
11 11   0.515437
11 12   0.515437
11 13   0.515437
11 14   0.515437
11 15   0.515437
11 16   0.515437
11 17   0.515437
11 18   0.515437
11 19   0.515437
11 20   0.515437
11 21   0.515437
11 22   0.515437
11 23   0.515437
11 24   0.515437
11 25   0.515437
11 26   0.515437
11 27   0.515437
11 28   0.515437
11 29   0.515437
11 30   0.515437
11 31   0.515437
11 32   0.515437
11 33   0.515437
11 34   0.515437
11 35   0.515437
11 36   0.515437
11 37   0.515437
11 38   0.515437
11 39   0.515437
11 40   0.515437
12 1   0.520215
12 2   0.520215
12 3   0.520215
12 4   0.520215
12 5   0.520215
12 6   0.520215
12 7   0.520215
12 8   0.520215
12 9   0.520215
12 10   0.520215
12 11   0.520215
12 12   0.520215
12 13   0.520215
12 14   0.520215
12 15   0.520215
12 16   0.520215
12 17   0.520215
12 18   0.520215
12 19   0.520215
12 20   0.520215
12 21   0.520215
12 22   0.520215
12 23   0.520215
12 24   0.520215
12 25   0.520215
12 26   0.520215
12 27   0.520215
12 28   0.520215
12 29   0.520215
12 30   0.520215
12 31   0.520215
12 32   0.520215
12 33   0.520215
12 34   0.520215
12 35   0.520215
12 36   0.520215
12 37   0.520215
12 38   0.520215
12 39   0.520215
12 40   0.520215
13 1   0.522036
13 2   0.522036
13 3   0.522036
13 4   0.522036
13 5   0.522036
13 6   0.522036
13 7   0.522036
13 8   0.522036
13 9   0.522036
13 10   0.522036
13 11   0.522036
13 12   0.522036
13 13   0.522036
13 14   0.522036
13 15   0.522036
13 16   0.522036
13 17   0.522036
13 18   0.522036
13 19   0.522036
13 20   0.522036
13 21   0.522036
13 22   0.522036
13 23   0.522036
13 24   0.522036
13 25   0.522036
13 26   0.522036
13 27   0.522036
13 28   0.522036
13 29   0.522036
13 30   0.522036
13 31   0.522036
13 32   0.522036
13 33   0.522036
13 34   0.522036
13 35   0.522036
13 36   0.522036
13 37   0.522036
13 38   0.522036
13 39   0.522036
13 40   0.522036
14 1   0.518073
14 2   0.518073
14 3   0.518073
14 4   0.518073
14 5   0.518073
14 6   0.518073
14 7   0.518073
14 8   0.518073
14 9   0.518073
14 10   0.518073
14 11   0.518073
14 12   0.518073
14 13   0.518073
14 14   0.518073
14 15   0.518073
14 16   0.518073
14 17   0.518073
14 18   0.518073
14 19   0.518073
14 20   0.518073
14 21   0.518073
14 22   0.518073
14 23   0.518073
14 24   0.518073
14 25   0.518073
14 26   0.518073
14 27   0.518073
14 28   0.518073
14 29   0.518073
14 30   0.518073
14 31   0.518073
14 32   0.518073
14 33   0.518073
14 34   0.518073
14 35   0.518073
14 36   0.518073
14 37   0.518073
14 38   0.518073
14 39   0.518073
14 40   0.518073
15 1   0.510076
15 2   0.510076
15 3   0.510076
15 4   0.510076
15 5   0.510076
15 6   0.510076
15 7   0.510076
15 8   0.510076
15 9   0.510076
15 10   0.510076
15 11   0.510076
15 12   0.510076
15 13   0.510076
15 14   0.510076
15 15   0.510076
15 16   0.510076
15 17   0.510076
15 18   0.510076
15 19   0.510076
15 20   0.510076
15 21   0.510076
15 22   0.510076
15 23   0.510076
15 24   0.510076
15 25   0.510076
15 26   0.510076
15 27   0.510076
15 28   0.510076
15 29   0.510076
15 30   0.510076
15 31   0.510076
15 32   0.510076
15 33   0.510076
15 34   0.510076
15 35   0.510076
15 36   0.510076
15 37   0.510076
15 38   0.510076
15 39   0.510076
15 40   0.510076
16 1   0.501905
16 2   0.501905
16 3   0.501905
16 4   0.501905
16 5   0.501905
16 6   0.501905
16 7   0.501905
16 8   0.501905
16 9   0.501905
16 10   0.501905
16 11   0.501905
16 12   0.501905
16 13   0.501905
16 14   0.501905
16 15   0.501905
16 16   0.501905
16 17   0.501905
16 18   0.501905
16 19   0.501905
16 20   0.501905
16 21   0.501905
16 22   0.501905
16 23   0.501905
16 24   0.501905
16 25   0.501905
16 26   0.501905
16 27   0.501905
16 28   0.501905
16 29   0.501905
16 30   0.501905
16 31   0.501905
16 32   0.501905
16 33   0.501905
16 34   0.501905
16 35   0.501905
16 36   0.501905
16 37   0.501905
16 38   0.501905
16 39   0.501905
16 40   0.501905
17 1   0.49676
17 2   0.49676
17 3   0.49676
17 4   0.49676
17 5   0.49676
17 6   0.49676
17 7   0.49676
17 8   0.49676
17 9   0.49676
17 10   0.49676
17 11   0.49676
17 12   0.49676
17 13   0.49676
17 14   0.49676
17 15   0.49676
17 16   0.49676
17 17   0.49676
17 18   0.49676
17 19   0.49676
17 20   0.49676
17 21   0.49676
17 22   0.49676
17 23   0.49676
17 24   0.49676
17 25   0.49676
17 26   0.49676
17 27   0.49676
17 28   0.49676
17 29   0.49676
17 30   0.49676
17 31   0.49676
17 32   0.49676
17 33   0.49676
17 34   0.49676
17 35   0.49676
17 36   0.49676
17 37   0.49676
17 38   0.49676
17 39   0.49676
17 40   0.49676
18 1   0.495615
18 2   0.495615
18 3   0.495615
18 4   0.495615
18 5   0.495615
18 6   0.495615
18 7   0.495615
18 8   0.495615
18 9   0.495615
18 10   0.495615
18 11   0.495615
18 12   0.495615
18 13   0.495615
18 14   0.495615
18 15   0.495615
18 16   0.495615
18 17   0.495615
18 18   0.495615
18 19   0.495615
18 20   0.495615
18 21   0.495615
18 22   0.495615
18 23   0.495615
18 24   0.495615
18 25   0.495615
18 26   0.495615
18 27   0.495615
18 28   0.495615
18 29   0.495615
18 30   0.495615
18 31   0.495615
18 32   0.495615
18 33   0.495615
18 34   0.495615
18 35   0.495615
18 36   0.495615
18 37   0.495615
18 38   0.495615
18 39   0.495615
18 40   0.495615
19 1   0.497161
19 2   0.497161
19 3   0.497161
19 4   0.497161
19 5   0.497161
19 6   0.497161
19 7   0.497161
19 8   0.497161
19 9   0.497161
19 10   0.497161
19 11   0.497161
19 12   0.497161
19 13   0.497161
19 14   0.497161
19 15   0.497161
19 16   0.497161
19 17   0.497161
19 18   0.497161
19 19   0.497161
19 20   0.497161
19 21   0.497161
19 22   0.497161
19 23   0.497161
19 24   0.497161
19 25   0.497161
19 26   0.497161
19 27   0.497161
19 28   0.497161
19 29   0.497161
19 30   0.497161
19 31   0.497161
19 32   0.497161
19 33   0.497161
19 34   0.497161
19 35   0.497161
19 36   0.497161
19 37   0.497161
19 38   0.497161
19 39   0.497161
19 40   0.497161
20 1   0.499012
20 2   0.499012
20 3   0.499012
20 4   0.499012
20 5   0.499012
20 6   0.499012
20 7   0.499012
20 8   0.499012
20 9   0.499012
20 10   0.499012
20 11   0.499012
20 12   0.499012
20 13   0.499012
20 14   0.499012
20 15   0.499012
20 16   0.499012
20 17   0.499012
20 18   0.499012
20 19   0.499012
20 20   0.499012
20 21   0.499012
20 22   0.499012
20 23   0.499012
20 24   0.499012
20 25   0.499012
20 26   0.499012
20 27   0.499012
20 28   0.499012
20 29   0.499012
20 30   0.499012
20 31   0.499012
20 32   0.499012
20 33   0.499012
20 34   0.499012
20 35   0.499012
20 36   0.499012
20 37   0.499012
20 38   0.499012
20 39   0.499012
20 40   0.499012
21 1   0.49954
21 2   0.49954
21 3   0.49954
21 4   0.49954
21 5   0.49954
21 6   0.49954
21 7   0.49954
21 8   0.49954
21 9   0.49954
21 10   0.49954
21 11   0.49954
21 12   0.49954
21 13   0.49954
21 14   0.49954
21 15   0.49954
21 16   0.49954
21 17   0.49954
21 18   0.49954
21 19   0.49954
21 20   0.49954
21 21   0.49954
21 22   0.49954
21 23   0.49954
21 24   0.49954
21 25   0.49954
21 26   0.49954
21 27   0.49954
21 28   0.49954
21 29   0.49954
21 30   0.49954
21 31   0.49954
21 32   0.49954
21 33   0.49954
21 34   0.49954
21 35   0.49954
21 36   0.49954
21 37   0.49954
21 38   0.49954
21 39   0.49954
21 40   0.49954
22 1   0.499007
22 2   0.499007
22 3   0.499007
22 4   0.499007
22 5   0.499007
22 6   0.499007
22 7   0.499007
22 8   0.499007
22 9   0.499007
22 10   0.499007
22 11   0.499007
22 12   0.499007
22 13   0.499007
22 14   0.499007
22 15   0.499007
22 16   0.499007
22 17   0.499007
22 18   0.499007
22 19   0.499007
22 20   0.499007
22 21   0.499007
22 22   0.499007
22 23   0.499007
22 24   0.499007
22 25   0.499007
22 26   0.499007
22 27   0.499007
22 28   0.499007
22 29   0.499007
22 30   0.499007
22 31   0.499007
22 32   0.499007
22 33   0.499007
22 34   0.499007
22 35   0.499007
22 36   0.499007
22 37   0.499007
22 38   0.499007
22 39   0.499007
22 40   0.499007
23 1   0.498798
23 2   0.498798
23 3   0.498798
23 4   0.498798
23 5   0.498798
23 6   0.498798
23 7   0.498798
23 8   0.498798
23 9   0.498798
23 10   0.498798
23 11   0.498798
23 12   0.498798
23 13   0.498798
23 14   0.498798
23 15   0.498798
23 16   0.498798
23 17   0.498798
23 18   0.498798
23 19   0.498798
23 20   0.498798
23 21   0.498798
23 22   0.498798
23 23   0.498798
23 24   0.498798
23 25   0.498798
23 26   0.498798
23 27   0.498798
23 28   0.498798
23 29   0.498798
23 30   0.498798
23 31   0.498798
23 32   0.498798
23 33   0.498798
23 34   0.498798
23 35   0.498798
23 36   0.498798
23 37   0.498798
23 38   0.498798
23 39   0.498798
23 40   0.498798
24 1   0.499377
24 2   0.499377
24 3   0.499377
24 4   0.499377
24 5   0.499377
24 6   0.499377
24 7   0.499377
24 8   0.499377
24 9   0.499377
24 10   0.499377
24 11   0.499377
24 12   0.499377
24 13   0.499377
24 14   0.499377
24 15   0.499377
24 16   0.499377
24 17   0.499377
24 18   0.499377
24 19   0.499377
24 20   0.499377
24 21   0.499377
24 22   0.499377
24 23   0.499377
24 24   0.499377
24 25   0.499377
24 26   0.499377
24 27   0.499377
24 28   0.499377
24 29   0.499377
24 30   0.499377
24 31   0.499377
24 32   0.499377
24 33   0.499377
24 34   0.499377
24 35   0.499377
24 36   0.499377
24 37   0.499377
24 38   0.499377
24 39   0.499377
24 40   0.499377
25 1   0.49903
25 2   0.49903
25 3   0.49903
25 4   0.49903
25 5   0.49903
25 6   0.49903
25 7   0.49903
25 8   0.49903
25 9   0.49903
25 10   0.49903
25 11   0.49903
25 12   0.49903
25 13   0.49903
25 14   0.49903
25 15   0.49903
25 16   0.49903
25 17   0.49903
25 18   0.49903
25 19   0.49903
25 20   0.49903
25 21   0.49903
25 22   0.49903
25 23   0.49903
25 24   0.49903
25 25   0.49903
25 26   0.49903
25 27   0.49903
25 28   0.49903
25 29   0.49903
25 30   0.49903
25 31   0.49903
25 32   0.49903
25 33   0.49903
25 34   0.49903
25 35   0.49903
25 36   0.49903
25 37   0.49903
25 38   0.49903
25 39   0.49903
25 40   0.49903
26 1   0.494741
26 2   0.494741
26 3   0.494741
26 4   0.494741
26 5   0.494741
26 6   0.494741
26 7   0.494741
26 8   0.494741
26 9   0.494741
26 10   0.494741
26 11   0.494741
26 12   0.494741
26 13   0.494741
26 14   0.494741
26 15   0.494741
26 16   0.494741
26 17   0.494741
26 18   0.494741
26 19   0.494741
26 20   0.494741
26 21   0.494741
26 22   0.494741
26 23   0.494741
26 24   0.494741
26 25   0.494741
26 26   0.494741
26 27   0.494741
26 28   0.494741
26 29   0.494741
26 30   0.494741
26 31   0.494741
26 32   0.494741
26 33   0.494741
26 34   0.494741
26 35   0.494741
26 36   0.494741
26 37   0.494741
26 38   0.494741
26 39   0.494741
26 40   0.494741
27 1   0.4844
27 2   0.4844
27 3   0.4844
27 4   0.4844
27 5   0.4844
27 6   0.4844
27 7   0.4844
27 8   0.4844
27 9   0.4844
27 10   0.4844
27 11   0.4844
27 12   0.4844
27 13   0.4844
27 14   0.4844
27 15   0.4844
27 16   0.4844
27 17   0.4844
27 18   0.4844
27 19   0.4844
27 20   0.4844
27 21   0.4844
27 22   0.4844
27 23   0.4844
27 24   0.4844
27 25   0.4844
27 26   0.4844
27 27   0.4844
27 28   0.4844
27 29   0.4844
27 30   0.4844
27 31   0.4844
27 32   0.4844
27 33   0.4844
27 34   0.4844
27 35   0.4844
27 36   0.4844
27 37   0.4844
27 38   0.4844
27 39   0.4844
27 40   0.4844
28 1   0.468469
28 2   0.468469
28 3   0.468469
28 4   0.468469
28 5   0.468469
28 6   0.468469
28 7   0.468469
28 8   0.468469
28 9   0.468469
28 10   0.468469
28 11   0.468469
28 12   0.468469
28 13   0.468469
28 14   0.468469
28 15   0.468469
28 16   0.468469
28 17   0.468469
28 18   0.468469
28 19   0.468469
28 20   0.468469
28 21   0.468469
28 22   0.468469
28 23   0.468469
28 24   0.468469
28 25   0.468469
28 26   0.468469
28 27   0.468469
28 28   0.468469
28 29   0.468469
28 30   0.468469
28 31   0.468469
28 32   0.468469
28 33   0.468469
28 34   0.468469
28 35   0.468469
28 36   0.468469
28 37   0.468469
28 38   0.468469
28 39   0.468469
28 40   0.468469
29 1   0.449786
29 2   0.449786
29 3   0.449786
29 4   0.449786
29 5   0.449786
29 6   0.449786
29 7   0.449786
29 8   0.449786
29 9   0.449786
29 10   0.449786
29 11   0.449786
29 12   0.449786
29 13   0.449786
29 14   0.449786
29 15   0.449786
29 16   0.449786
29 17   0.449786
29 18   0.449786
29 19   0.449786
29 20   0.449786
29 21   0.449786
29 22   0.449786
29 23   0.449786
29 24   0.449786
29 25   0.449786
29 26   0.449786
29 27   0.449786
29 28   0.449786
29 29   0.449786
29 30   0.449786
29 31   0.449786
29 32   0.449786
29 33   0.449786
29 34   0.449786
29 35   0.449786
29 36   0.449786
29 37   0.449786
29 38   0.449786
29 39   0.449786
29 40   0.449786
30 1   0.431512
30 2   0.431512
30 3   0.431512
30 4   0.431512
30 5   0.431512
30 6   0.431512
30 7   0.431512
30 8   0.431512
30 9   0.431512
30 10   0.431512
30 11   0.431512
30 12   0.431512
30 13   0.431512
30 14   0.431512
30 15   0.431512
30 16   0.431512
30 17   0.431512
30 18   0.431512
30 19   0.431512
30 20   0.431512
30 21   0.431512
30 22   0.431512
30 23   0.431512
30 24   0.431512
30 25   0.431512
30 26   0.431512
30 27   0.431512
30 28   0.431512
30 29   0.431512
30 30   0.431512
30 31   0.431512
30 32   0.431512
30 33   0.431512
30 34   0.431512
30 35   0.431512
30 36   0.431512
30 37   0.431512
30 38   0.431512
30 39   0.431512
30 40   0.431512
31 1   0.41437
31 2   0.41437
31 3   0.41437
31 4   0.41437
31 5   0.41437
31 6   0.41437
31 7   0.41437
31 8   0.41437
31 9   0.41437
31 10   0.41437
31 11   0.41437
31 12   0.41437
31 13   0.41437
31 14   0.41437
31 15   0.41437
31 16   0.41437
31 17   0.41437
31 18   0.41437
31 19   0.41437
31 20   0.41437
31 21   0.41437
31 22   0.41437
31 23   0.41437
31 24   0.41437
31 25   0.41437
31 26   0.41437
31 27   0.41437
31 28   0.41437
31 29   0.41437
31 30   0.41437
31 31   0.41437
31 32   0.41437
31 33   0.41437
31 34   0.41437
31 35   0.41437
31 36   0.41437
31 37   0.41437
31 38   0.41437
31 39   0.41437
31 40   0.41437
32 1   0.394924
32 2   0.394924
32 3   0.394924
32 4   0.394924
32 5   0.394924
32 6   0.394924
32 7   0.394924
32 8   0.394924
32 9   0.394924
32 10   0.394924
32 11   0.394924
32 12   0.394924
32 13   0.394924
32 14   0.394924
32 15   0.394924
32 16   0.394924
32 17   0.394924
32 18   0.394924
32 19   0.394924
32 20   0.394924
32 21   0.394924
32 22   0.394924
32 23   0.394924
32 24   0.394924
32 25   0.394924
32 26   0.394924
32 27   0.394924
32 28   0.394924
32 29   0.394924
32 30   0.394924
32 31   0.394924
32 32   0.394924
32 33   0.394924
32 34   0.394924
32 35   0.394924
32 36   0.394924
32 37   0.394924
32 38   0.394924
32 39   0.394924
32 40   0.394924
33 1   0.366251
33 2   0.366251
33 3   0.366251
33 4   0.366251
33 5   0.366251
33 6   0.366251
33 7   0.366251
33 8   0.366251
33 9   0.366251
33 10   0.366251
33 11   0.366251
33 12   0.366251
33 13   0.366251
33 14   0.366251
33 15   0.366251
33 16   0.366251
33 17   0.366251
33 18   0.366251
33 19   0.366251
33 20   0.366251
33 21   0.366251
33 22   0.366251
33 23   0.366251
33 24   0.366251
33 25   0.366251
33 26   0.366251
33 27   0.366251
33 28   0.366251
33 29   0.366251
33 30   0.366251
33 31   0.366251
33 32   0.366251
33 33   0.366251
33 34   0.366251
33 35   0.366251
33 36   0.366251
33 37   0.366251
33 38   0.366251
33 39   0.366251
33 40   0.366251
34 1   0.32105
34 2   0.32105
34 3   0.32105
34 4   0.32105
34 5   0.32105
34 6   0.32105
34 7   0.32105
34 8   0.32105
34 9   0.32105
34 10   0.32105
34 11   0.32105
34 12   0.32105
34 13   0.32105
34 14   0.32105
34 15   0.32105
34 16   0.32105
34 17   0.32105
34 18   0.32105
34 19   0.32105
34 20   0.32105
34 21   0.32105
34 22   0.32105
34 23   0.32105
34 24   0.32105
34 25   0.32105
34 26   0.32105
34 27   0.32105
34 28   0.32105
34 29   0.32105
34 30   0.32105
34 31   0.32105
34 32   0.32105
34 33   0.32105
34 34   0.32105
34 35   0.32105
34 36   0.32105
34 37   0.32105
34 38   0.32105
34 39   0.32105
34 40   0.32105
35 1   0.255735
35 2   0.255735
35 3   0.255735
35 4   0.255735
35 5   0.255735
35 6   0.255735
35 7   0.255735
35 8   0.255735
35 9   0.255735
35 10   0.255735
35 11   0.255735
35 12   0.255735
35 13   0.255735
35 14   0.255735
35 15   0.255735
35 16   0.255735
35 17   0.255735
35 18   0.255735
35 19   0.255735
35 20   0.255735
35 21   0.255735
35 22   0.255735
35 23   0.255735
35 24   0.255735
35 25   0.255735
35 26   0.255735
35 27   0.255735
35 28   0.255735
35 29   0.255735
35 30   0.255735
35 31   0.255735
35 32   0.255735
35 33   0.255735
35 34   0.255735
35 35   0.255735
35 36   0.255735
35 37   0.255735
35 38   0.255735
35 39   0.255735
35 40   0.255735
36 1   0.173367
36 2   0.173367
36 3   0.173367
36 4   0.173367
36 5   0.173367
36 6   0.173367
36 7   0.173367
36 8   0.173367
36 9   0.173367
36 10   0.173367
36 11   0.173367
36 12   0.173367
36 13   0.173367
36 14   0.173367
36 15   0.173367
36 16   0.173367
36 17   0.173367
36 18   0.173367
36 19   0.173367
36 20   0.173367
36 21   0.173367
36 22   0.173367
36 23   0.173367
36 24   0.173367
36 25   0.173367
36 26   0.173367
36 27   0.173367
36 28   0.173367
36 29   0.173367
36 30   0.173367
36 31   0.173367
36 32   0.173367
36 33   0.173367
36 34   0.173367
36 35   0.173367
36 36   0.173367
36 37   0.173367
36 38   0.173367
36 39   0.173367
36 40   0.173367
37 1   0.0837627
37 2   0.0837627
37 3   0.0837627
37 4   0.0837627
37 5   0.0837627
37 6   0.0837627
37 7   0.0837627
37 8   0.0837627
37 9   0.0837627
37 10   0.0837627
37 11   0.0837627
37 12   0.0837627
37 13   0.0837627
37 14   0.0837627
37 15   0.0837627
37 16   0.0837627
37 17   0.0837627
37 18   0.0837627
37 19   0.0837627
37 20   0.0837627
37 21   0.0837627
37 22   0.0837627
37 23   0.0837627
37 24   0.0837627
37 25   0.0837627
37 26   0.0837627
37 27   0.0837627
37 28   0.0837627
37 29   0.0837627
37 30   0.0837627
37 31   0.0837627
37 32   0.0837627
37 33   0.0837627
37 34   0.0837627
37 35   0.0837627
37 36   0.0837627
37 37   0.0837627
37 38   0.0837627
37 39   0.0837627
37 40   0.0837627
38 1   0.00060023
38 2   0.00060023
38 3   0.00060023
38 4   0.00060023
38 5   0.00060023
38 6   0.00060023
38 7   0.00060023
38 8   0.00060023
38 9   0.00060023
38 10   0.00060023
38 11   0.00060023
38 12   0.00060023
38 13   0.00060023
38 14   0.00060023
38 15   0.00060023
38 16   0.00060023
38 17   0.00060023
38 18   0.00060023
38 19   0.00060023
38 20   0.00060023
38 21   0.00060023
38 22   0.00060023
38 23   0.00060023
38 24   0.00060023
38 25   0.00060023
38 26   0.00060023
38 27   0.00060023
38 28   0.00060023
38 29   0.00060023
38 30   0.00060023
38 31   0.00060023
38 32   0.00060023
38 33   0.00060023
38 34   0.00060023
38 35   0.00060023
38 36   0.00060023
38 37   0.00060023
38 38   0.00060023
38 39   0.00060023
38 40   0.00060023
39 1   -0.0628382
39 2   -0.0628382
39 3   -0.0628382
39 4   -0.0628382
39 5   -0.0628382
39 6   -0.0628382
39 7   -0.0628382
39 8   -0.0628382
39 9   -0.0628382
39 10   -0.0628382
39 11   -0.0628382
39 12   -0.0628382
39 13   -0.0628382
39 14   -0.0628382
39 15   -0.0628382
39 16   -0.0628382
39 17   -0.0628382
39 18   -0.0628382
39 19   -0.0628382
39 20   -0.0628382
39 21   -0.0628382
39 22   -0.0628382
39 23   -0.0628382
39 24   -0.0628382
39 25   -0.0628382
39 26   -0.0628382
39 27   -0.0628382
39 28   -0.0628382
39 29   -0.0628382
39 30   -0.0628382
39 31   -0.0628382
39 32   -0.0628382
39 33   -0.0628382
39 34   -0.0628382
39 35   -0.0628382
39 36   -0.0628382
39 37   -0.0628382
39 38   -0.0628382
39 39   -0.0628382
39 40   -0.0628382
40 1   -0.0969401
40 2   -0.0969401
40 3   -0.0969401
40 4   -0.0969401
40 5   -0.0969401
40 6   -0.0969401
40 7   -0.0969401
40 8   -0.0969401
40 9   -0.0969401
40 10   -0.0969401
40 11   -0.0969401
40 12   -0.0969401
40 13   -0.0969401
40 14   -0.0969401
40 15   -0.0969401
40 16   -0.0969401
40 17   -0.0969401
40 18   -0.0969401
40 19   -0.0969401
40 20   -0.0969401
40 21   -0.0969401
40 22   -0.0969401
40 23   -0.0969401
40 24   -0.0969401
40 25   -0.0969401
40 26   -0.0969401
40 27   -0.0969401
40 28   -0.0969401
40 29   -0.0969401
40 30   -0.0969401
40 31   -0.0969401
40 32   -0.0969401
40 33   -0.0969401
40 34   -0.0969401
40 35   -0.0969401
40 36   -0.0969401
40 37   -0.0969401
40 38   -0.0969401
40 39   -0.0969401
40 40   -0.0969401
