1 1   0.858639
1 2   0.858639
1 3   0.858639
1 4   0.858639
1 5   0.858639
1 6   0.858639
1 7   0.858639
1 8   0.858639
1 9   0.858639
1 10   0.858639
1 11   0.858639
1 12   0.858639
1 13   0.858639
1 14   0.858639
1 15   0.858639
1 16   0.858639
1 17   0.858639
1 18   0.858639
1 19   0.858639
1 20   0.858639
1 21   0.858639
1 22   0.858639
1 23   0.858639
1 24   0.858639
1 25   0.858639
1 26   0.858639
1 27   0.858639
1 28   0.858639
1 29   0.858639
1 30   0.858639
1 31   0.858639
1 32   0.858639
1 33   0.858639
1 34   0.858639
1 35   0.858639
1 36   0.858639
1 37   0.858639
1 38   0.858639
1 39   0.858639
1 40   0.858639
2 1   0.85004
2 2   0.85004
2 3   0.85004
2 4   0.85004
2 5   0.85004
2 6   0.85004
2 7   0.85004
2 8   0.85004
2 9   0.85004
2 10   0.85004
2 11   0.85004
2 12   0.85004
2 13   0.85004
2 14   0.85004
2 15   0.85004
2 16   0.85004
2 17   0.85004
2 18   0.85004
2 19   0.85004
2 20   0.85004
2 21   0.85004
2 22   0.85004
2 23   0.85004
2 24   0.85004
2 25   0.85004
2 26   0.85004
2 27   0.85004
2 28   0.85004
2 29   0.85004
2 30   0.85004
2 31   0.85004
2 32   0.85004
2 33   0.85004
2 34   0.85004
2 35   0.85004
2 36   0.85004
2 37   0.85004
2 38   0.85004
2 39   0.85004
2 40   0.85004
3 1   0.832036
3 2   0.832036
3 3   0.832036
3 4   0.832036
3 5   0.832036
3 6   0.832036
3 7   0.832036
3 8   0.832036
3 9   0.832036
3 10   0.832036
3 11   0.832036
3 12   0.832036
3 13   0.832036
3 14   0.832036
3 15   0.832036
3 16   0.832036
3 17   0.832036
3 18   0.832036
3 19   0.832036
3 20   0.832036
3 21   0.832036
3 22   0.832036
3 23   0.832036
3 24   0.832036
3 25   0.832036
3 26   0.832036
3 27   0.832036
3 28   0.832036
3 29   0.832036
3 30   0.832036
3 31   0.832036
3 32   0.832036
3 33   0.832036
3 34   0.832036
3 35   0.832036
3 36   0.832036
3 37   0.832036
3 38   0.832036
3 39   0.832036
3 40   0.832036
4 1   0.803627
4 2   0.803627
4 3   0.803627
4 4   0.803627
4 5   0.803627
4 6   0.803627
4 7   0.803627
4 8   0.803627
4 9   0.803627
4 10   0.803627
4 11   0.803627
4 12   0.803627
4 13   0.803627
4 14   0.803627
4 15   0.803627
4 16   0.803627
4 17   0.803627
4 18   0.803627
4 19   0.803627
4 20   0.803627
4 21   0.803627
4 22   0.803627
4 23   0.803627
4 24   0.803627
4 25   0.803627
4 26   0.803627
4 27   0.803627
4 28   0.803627
4 29   0.803627
4 30   0.803627
4 31   0.803627
4 32   0.803627
4 33   0.803627
4 34   0.803627
4 35   0.803627
4 36   0.803627
4 37   0.803627
4 38   0.803627
4 39   0.803627
4 40   0.803627
5 1   0.764573
5 2   0.764573
5 3   0.764573
5 4   0.764573
5 5   0.764573
5 6   0.764573
5 7   0.764573
5 8   0.764573
5 9   0.764573
5 10   0.764573
5 11   0.764573
5 12   0.764573
5 13   0.764573
5 14   0.764573
5 15   0.764573
5 16   0.764573
5 17   0.764573
5 18   0.764573
5 19   0.764573
5 20   0.764573
5 21   0.764573
5 22   0.764573
5 23   0.764573
5 24   0.764573
5 25   0.764573
5 26   0.764573
5 27   0.764573
5 28   0.764573
5 29   0.764573
5 30   0.764573
5 31   0.764573
5 32   0.764573
5 33   0.764573
5 34   0.764573
5 35   0.764573
5 36   0.764573
5 37   0.764573
5 38   0.764573
5 39   0.764573
5 40   0.764573
6 1   0.716247
6 2   0.716247
6 3   0.716247
6 4   0.716247
6 5   0.716247
6 6   0.716247
6 7   0.716247
6 8   0.716247
6 9   0.716247
6 10   0.716247
6 11   0.716247
6 12   0.716247
6 13   0.716247
6 14   0.716247
6 15   0.716247
6 16   0.716247
6 17   0.716247
6 18   0.716247
6 19   0.716247
6 20   0.716247
6 21   0.716247
6 22   0.716247
6 23   0.716247
6 24   0.716247
6 25   0.716247
6 26   0.716247
6 27   0.716247
6 28   0.716247
6 29   0.716247
6 30   0.716247
6 31   0.716247
6 32   0.716247
6 33   0.716247
6 34   0.716247
6 35   0.716247
6 36   0.716247
6 37   0.716247
6 38   0.716247
6 39   0.716247
6 40   0.716247
7 1   0.661924
7 2   0.661924
7 3   0.661924
7 4   0.661924
7 5   0.661924
7 6   0.661924
7 7   0.661924
7 8   0.661924
7 9   0.661924
7 10   0.661924
7 11   0.661924
7 12   0.661924
7 13   0.661924
7 14   0.661924
7 15   0.661924
7 16   0.661924
7 17   0.661924
7 18   0.661924
7 19   0.661924
7 20   0.661924
7 21   0.661924
7 22   0.661924
7 23   0.661924
7 24   0.661924
7 25   0.661924
7 26   0.661924
7 27   0.661924
7 28   0.661924
7 29   0.661924
7 30   0.661924
7 31   0.661924
7 32   0.661924
7 33   0.661924
7 34   0.661924
7 35   0.661924
7 36   0.661924
7 37   0.661924
7 38   0.661924
7 39   0.661924
7 40   0.661924
8 1   0.606335
8 2   0.606335
8 3   0.606335
8 4   0.606335
8 5   0.606335
8 6   0.606335
8 7   0.606335
8 8   0.606335
8 9   0.606335
8 10   0.606335
8 11   0.606335
8 12   0.606335
8 13   0.606335
8 14   0.606335
8 15   0.606335
8 16   0.606335
8 17   0.606335
8 18   0.606335
8 19   0.606335
8 20   0.606335
8 21   0.606335
8 22   0.606335
8 23   0.606335
8 24   0.606335
8 25   0.606335
8 26   0.606335
8 27   0.606335
8 28   0.606335
8 29   0.606335
8 30   0.606335
8 31   0.606335
8 32   0.606335
8 33   0.606335
8 34   0.606335
8 35   0.606335
8 36   0.606335
8 37   0.606335
8 38   0.606335
8 39   0.606335
8 40   0.606335
9 1   0.554676
9 2   0.554676
9 3   0.554676
9 4   0.554676
9 5   0.554676
9 6   0.554676
9 7   0.554676
9 8   0.554676
9 9   0.554676
9 10   0.554676
9 11   0.554676
9 12   0.554676
9 13   0.554676
9 14   0.554676
9 15   0.554676
9 16   0.554676
9 17   0.554676
9 18   0.554676
9 19   0.554676
9 20   0.554676
9 21   0.554676
9 22   0.554676
9 23   0.554676
9 24   0.554676
9 25   0.554676
9 26   0.554676
9 27   0.554676
9 28   0.554676
9 29   0.554676
9 30   0.554676
9 31   0.554676
9 32   0.554676
9 33   0.554676
9 34   0.554676
9 35   0.554676
9 36   0.554676
9 37   0.554676
9 38   0.554676
9 39   0.554676
9 40   0.554676
10 1   0.511527
10 2   0.511527
10 3   0.511527
10 4   0.511527
10 5   0.511527
10 6   0.511527
10 7   0.511527
10 8   0.511527
10 9   0.511527
10 10   0.511527
10 11   0.511527
10 12   0.511527
10 13   0.511527
10 14   0.511527
10 15   0.511527
10 16   0.511527
10 17   0.511527
10 18   0.511527
10 19   0.511527
10 20   0.511527
10 21   0.511527
10 22   0.511527
10 23   0.511527
10 24   0.511527
10 25   0.511527
10 26   0.511527
10 27   0.511527
10 28   0.511527
10 29   0.511527
10 30   0.511527
10 31   0.511527
10 32   0.511527
10 33   0.511527
10 34   0.511527
10 35   0.511527
10 36   0.511527
10 37   0.511527
10 38   0.511527
10 39   0.511527
10 40   0.511527
11 1   0.480023
11 2   0.480023
11 3   0.480023
11 4   0.480023
11 5   0.480023
11 6   0.480023
11 7   0.480023
11 8   0.480023
11 9   0.480023
11 10   0.480023
11 11   0.480023
11 12   0.480023
11 13   0.480023
11 14   0.480023
11 15   0.480023
11 16   0.480023
11 17   0.480023
11 18   0.480023
11 19   0.480023
11 20   0.480023
11 21   0.480023
11 22   0.480023
11 23   0.480023
11 24   0.480023
11 25   0.480023
11 26   0.480023
11 27   0.480023
11 28   0.480023
11 29   0.480023
11 30   0.480023
11 31   0.480023
11 32   0.480023
11 33   0.480023
11 34   0.480023
11 35   0.480023
11 36   0.480023
11 37   0.480023
11 38   0.480023
11 39   0.480023
11 40   0.480023
12 1   0.461404
12 2   0.461404
12 3   0.461404
12 4   0.461404
12 5   0.461404
12 6   0.461404
12 7   0.461404
12 8   0.461404
12 9   0.461404
12 10   0.461404
12 11   0.461404
12 12   0.461404
12 13   0.461404
12 14   0.461404
12 15   0.461404
12 16   0.461404
12 17   0.461404
12 18   0.461404
12 19   0.461404
12 20   0.461404
12 21   0.461404
12 22   0.461404
12 23   0.461404
12 24   0.461404
12 25   0.461404
12 26   0.461404
12 27   0.461404
12 28   0.461404
12 29   0.461404
12 30   0.461404
12 31   0.461404
12 32   0.461404
12 33   0.461404
12 34   0.461404
12 35   0.461404
12 36   0.461404
12 37   0.461404
12 38   0.461404
12 39   0.461404
12 40   0.461404
13 1   0.454905
13 2   0.454905
13 3   0.454905
13 4   0.454905
13 5   0.454905
13 6   0.454905
13 7   0.454905
13 8   0.454905
13 9   0.454905
13 10   0.454905
13 11   0.454905
13 12   0.454905
13 13   0.454905
13 14   0.454905
13 15   0.454905
13 16   0.454905
13 17   0.454905
13 18   0.454905
13 19   0.454905
13 20   0.454905
13 21   0.454905
13 22   0.454905
13 23   0.454905
13 24   0.454905
13 25   0.454905
13 26   0.454905
13 27   0.454905
13 28   0.454905
13 29   0.454905
13 30   0.454905
13 31   0.454905
13 32   0.454905
13 33   0.454905
13 34   0.454905
13 35   0.454905
13 36   0.454905
13 37   0.454905
13 38   0.454905
13 39   0.454905
13 40   0.454905
14 1   0.457959
14 2   0.457959
14 3   0.457959
14 4   0.457959
14 5   0.457959
14 6   0.457959
14 7   0.457959
14 8   0.457959
14 9   0.457959
14 10   0.457959
14 11   0.457959
14 12   0.457959
14 13   0.457959
14 14   0.457959
14 15   0.457959
14 16   0.457959
14 17   0.457959
14 18   0.457959
14 19   0.457959
14 20   0.457959
14 21   0.457959
14 22   0.457959
14 23   0.457959
14 24   0.457959
14 25   0.457959
14 26   0.457959
14 27   0.457959
14 28   0.457959
14 29   0.457959
14 30   0.457959
14 31   0.457959
14 32   0.457959
14 33   0.457959
14 34   0.457959
14 35   0.457959
14 36   0.457959
14 37   0.457959
14 38   0.457959
14 39   0.457959
14 40   0.457959
15 1   0.466786
15 2   0.466786
15 3   0.466786
15 4   0.466786
15 5   0.466786
15 6   0.466786
15 7   0.466786
15 8   0.466786
15 9   0.466786
15 10   0.466786
15 11   0.466786
15 12   0.466786
15 13   0.466786
15 14   0.466786
15 15   0.466786
15 16   0.466786
15 17   0.466786
15 18   0.466786
15 19   0.466786
15 20   0.466786
15 21   0.466786
15 22   0.466786
15 23   0.466786
15 24   0.466786
15 25   0.466786
15 26   0.466786
15 27   0.466786
15 28   0.466786
15 29   0.466786
15 30   0.466786
15 31   0.466786
15 32   0.466786
15 33   0.466786
15 34   0.466786
15 35   0.466786
15 36   0.466786
15 37   0.466786
15 38   0.466786
15 39   0.466786
15 40   0.466786
16 1   0.477377
16 2   0.477377
16 3   0.477377
16 4   0.477377
16 5   0.477377
16 6   0.477377
16 7   0.477377
16 8   0.477377
16 9   0.477377
16 10   0.477377
16 11   0.477377
16 12   0.477377
16 13   0.477377
16 14   0.477377
16 15   0.477377
16 16   0.477377
16 17   0.477377
16 18   0.477377
16 19   0.477377
16 20   0.477377
16 21   0.477377
16 22   0.477377
16 23   0.477377
16 24   0.477377
16 25   0.477377
16 26   0.477377
16 27   0.477377
16 28   0.477377
16 29   0.477377
16 30   0.477377
16 31   0.477377
16 32   0.477377
16 33   0.477377
16 34   0.477377
16 35   0.477377
16 36   0.477377
16 37   0.477377
16 38   0.477377
16 39   0.477377
16 40   0.477377
17 1   0.486638
17 2   0.486638
17 3   0.486638
17 4   0.486638
17 5   0.486638
17 6   0.486638
17 7   0.486638
17 8   0.486638
17 9   0.486638
17 10   0.486638
17 11   0.486638
17 12   0.486638
17 13   0.486638
17 14   0.486638
17 15   0.486638
17 16   0.486638
17 17   0.486638
17 18   0.486638
17 19   0.486638
17 20   0.486638
17 21   0.486638
17 22   0.486638
17 23   0.486638
17 24   0.486638
17 25   0.486638
17 26   0.486638
17 27   0.486638
17 28   0.486638
17 29   0.486638
17 30   0.486638
17 31   0.486638
17 32   0.486638
17 33   0.486638
17 34   0.486638
17 35   0.486638
17 36   0.486638
17 37   0.486638
17 38   0.486638
17 39   0.486638
17 40   0.486638
18 1   0.493233
18 2   0.493233
18 3   0.493233
18 4   0.493233
18 5   0.493233
18 6   0.493233
18 7   0.493233
18 8   0.493233
18 9   0.493233
18 10   0.493233
18 11   0.493233
18 12   0.493233
18 13   0.493233
18 14   0.493233
18 15   0.493233
18 16   0.493233
18 17   0.493233
18 18   0.493233
18 19   0.493233
18 20   0.493233
18 21   0.493233
18 22   0.493233
18 23   0.493233
18 24   0.493233
18 25   0.493233
18 26   0.493233
18 27   0.493233
18 28   0.493233
18 29   0.493233
18 30   0.493233
18 31   0.493233
18 32   0.493233
18 33   0.493233
18 34   0.493233
18 35   0.493233
18 36   0.493233
18 37   0.493233
18 38   0.493233
18 39   0.493233
18 40   0.493233
19 1   0.497684
19 2   0.497684
19 3   0.497684
19 4   0.497684
19 5   0.497684
19 6   0.497684
19 7   0.497684
19 8   0.497684
19 9   0.497684
19 10   0.497684
19 11   0.497684
19 12   0.497684
19 13   0.497684
19 14   0.497684
19 15   0.497684
19 16   0.497684
19 17   0.497684
19 18   0.497684
19 19   0.497684
19 20   0.497684
19 21   0.497684
19 22   0.497684
19 23   0.497684
19 24   0.497684
19 25   0.497684
19 26   0.497684
19 27   0.497684
19 28   0.497684
19 29   0.497684
19 30   0.497684
19 31   0.497684
19 32   0.497684
19 33   0.497684
19 34   0.497684
19 35   0.497684
19 36   0.497684
19 37   0.497684
19 38   0.497684
19 39   0.497684
19 40   0.497684
20 1   0.501661
20 2   0.501661
20 3   0.501661
20 4   0.501661
20 5   0.501661
20 6   0.501661
20 7   0.501661
20 8   0.501661
20 9   0.501661
20 10   0.501661
20 11   0.501661
20 12   0.501661
20 13   0.501661
20 14   0.501661
20 15   0.501661
20 16   0.501661
20 17   0.501661
20 18   0.501661
20 19   0.501661
20 20   0.501661
20 21   0.501661
20 22   0.501661
20 23   0.501661
20 24   0.501661
20 25   0.501661
20 26   0.501661
20 27   0.501661
20 28   0.501661
20 29   0.501661
20 30   0.501661
20 31   0.501661
20 32   0.501661
20 33   0.501661
20 34   0.501661
20 35   0.501661
20 36   0.501661
20 37   0.501661
20 38   0.501661
20 39   0.501661
20 40   0.501661
21 1   0.506884
21 2   0.506884
21 3   0.506884
21 4   0.506884
21 5   0.506884
21 6   0.506884
21 7   0.506884
21 8   0.506884
21 9   0.506884
21 10   0.506884
21 11   0.506884
21 12   0.506884
21 13   0.506884
21 14   0.506884
21 15   0.506884
21 16   0.506884
21 17   0.506884
21 18   0.506884
21 19   0.506884
21 20   0.506884
21 21   0.506884
21 22   0.506884
21 23   0.506884
21 24   0.506884
21 25   0.506884
21 26   0.506884
21 27   0.506884
21 28   0.506884
21 29   0.506884
21 30   0.506884
21 31   0.506884
21 32   0.506884
21 33   0.506884
21 34   0.506884
21 35   0.506884
21 36   0.506884
21 37   0.506884
21 38   0.506884
21 39   0.506884
21 40   0.506884
22 1   0.514244
22 2   0.514244
22 3   0.514244
22 4   0.514244
22 5   0.514244
22 6   0.514244
22 7   0.514244
22 8   0.514244
22 9   0.514244
22 10   0.514244
22 11   0.514244
22 12   0.514244
22 13   0.514244
22 14   0.514244
22 15   0.514244
22 16   0.514244
22 17   0.514244
22 18   0.514244
22 19   0.514244
22 20   0.514244
22 21   0.514244
22 22   0.514244
22 23   0.514244
22 24   0.514244
22 25   0.514244
22 26   0.514244
22 27   0.514244
22 28   0.514244
22 29   0.514244
22 30   0.514244
22 31   0.514244
22 32   0.514244
22 33   0.514244
22 34   0.514244
22 35   0.514244
22 36   0.514244
22 37   0.514244
22 38   0.514244
22 39   0.514244
22 40   0.514244
23 1   0.523459
23 2   0.523459
23 3   0.523459
23 4   0.523459
23 5   0.523459
23 6   0.523459
23 7   0.523459
23 8   0.523459
23 9   0.523459
23 10   0.523459
23 11   0.523459
23 12   0.523459
23 13   0.523459
23 14   0.523459
23 15   0.523459
23 16   0.523459
23 17   0.523459
23 18   0.523459
23 19   0.523459
23 20   0.523459
23 21   0.523459
23 22   0.523459
23 23   0.523459
23 24   0.523459
23 25   0.523459
23 26   0.523459
23 27   0.523459
23 28   0.523459
23 29   0.523459
23 30   0.523459
23 31   0.523459
23 32   0.523459
23 33   0.523459
23 34   0.523459
23 35   0.523459
23 36   0.523459
23 37   0.523459
23 38   0.523459
23 39   0.523459
23 40   0.523459
24 1   0.53316
24 2   0.53316
24 3   0.53316
24 4   0.53316
24 5   0.53316
24 6   0.53316
24 7   0.53316
24 8   0.53316
24 9   0.53316
24 10   0.53316
24 11   0.53316
24 12   0.53316
24 13   0.53316
24 14   0.53316
24 15   0.53316
24 16   0.53316
24 17   0.53316
24 18   0.53316
24 19   0.53316
24 20   0.53316
24 21   0.53316
24 22   0.53316
24 23   0.53316
24 24   0.53316
24 25   0.53316
24 26   0.53316
24 27   0.53316
24 28   0.53316
24 29   0.53316
24 30   0.53316
24 31   0.53316
24 32   0.53316
24 33   0.53316
24 34   0.53316
24 35   0.53316
24 36   0.53316
24 37   0.53316
24 38   0.53316
24 39   0.53316
24 40   0.53316
25 1   0.541041
25 2   0.541041
25 3   0.541041
25 4   0.541041
25 5   0.541041
25 6   0.541041
25 7   0.541041
25 8   0.541041
25 9   0.541041
25 10   0.541041
25 11   0.541041
25 12   0.541041
25 13   0.541041
25 14   0.541041
25 15   0.541041
25 16   0.541041
25 17   0.541041
25 18   0.541041
25 19   0.541041
25 20   0.541041
25 21   0.541041
25 22   0.541041
25 23   0.541041
25 24   0.541041
25 25   0.541041
25 26   0.541041
25 27   0.541041
25 28   0.541041
25 29   0.541041
25 30   0.541041
25 31   0.541041
25 32   0.541041
25 33   0.541041
25 34   0.541041
25 35   0.541041
25 36   0.541041
25 37   0.541041
25 38   0.541041
25 39   0.541041
25 40   0.541041
26 1   0.543958
26 2   0.543958
26 3   0.543958
26 4   0.543958
26 5   0.543958
26 6   0.543958
26 7   0.543958
26 8   0.543958
26 9   0.543958
26 10   0.543958
26 11   0.543958
26 12   0.543958
26 13   0.543958
26 14   0.543958
26 15   0.543958
26 16   0.543958
26 17   0.543958
26 18   0.543958
26 19   0.543958
26 20   0.543958
26 21   0.543958
26 22   0.543958
26 23   0.543958
26 24   0.543958
26 25   0.543958
26 26   0.543958
26 27   0.543958
26 28   0.543958
26 29   0.543958
26 30   0.543958
26 31   0.543958
26 32   0.543958
26 33   0.543958
26 34   0.543958
26 35   0.543958
26 36   0.543958
26 37   0.543958
26 38   0.543958
26 39   0.543958
26 40   0.543958
27 1   0.538223
27 2   0.538223
27 3   0.538223
27 4   0.538223
27 5   0.538223
27 6   0.538223
27 7   0.538223
27 8   0.538223
27 9   0.538223
27 10   0.538223
27 11   0.538223
27 12   0.538223
27 13   0.538223
27 14   0.538223
27 15   0.538223
27 16   0.538223
27 17   0.538223
27 18   0.538223
27 19   0.538223
27 20   0.538223
27 21   0.538223
27 22   0.538223
27 23   0.538223
27 24   0.538223
27 25   0.538223
27 26   0.538223
27 27   0.538223
27 28   0.538223
27 29   0.538223
27 30   0.538223
27 31   0.538223
27 32   0.538223
27 33   0.538223
27 34   0.538223
27 35   0.538223
27 36   0.538223
27 37   0.538223
27 38   0.538223
27 39   0.538223
27 40   0.538223
28 1   0.520425
28 2   0.520425
28 3   0.520425
28 4   0.520425
28 5   0.520425
28 6   0.520425
28 7   0.520425
28 8   0.520425
28 9   0.520425
28 10   0.520425
28 11   0.520425
28 12   0.520425
28 13   0.520425
28 14   0.520425
28 15   0.520425
28 16   0.520425
28 17   0.520425
28 18   0.520425
28 19   0.520425
28 20   0.520425
28 21   0.520425
28 22   0.520425
28 23   0.520425
28 24   0.520425
28 25   0.520425
28 26   0.520425
28 27   0.520425
28 28   0.520425
28 29   0.520425
28 30   0.520425
28 31   0.520425
28 32   0.520425
28 33   0.520425
28 34   0.520425
28 35   0.520425
28 36   0.520425
28 37   0.520425
28 38   0.520425
28 39   0.520425
28 40   0.520425
29 1   0.488698
29 2   0.488698
29 3   0.488698
29 4   0.488698
29 5   0.488698
29 6   0.488698
29 7   0.488698
29 8   0.488698
29 9   0.488698
29 10   0.488698
29 11   0.488698
29 12   0.488698
29 13   0.488698
29 14   0.488698
29 15   0.488698
29 16   0.488698
29 17   0.488698
29 18   0.488698
29 19   0.488698
29 20   0.488698
29 21   0.488698
29 22   0.488698
29 23   0.488698
29 24   0.488698
29 25   0.488698
29 26   0.488698
29 27   0.488698
29 28   0.488698
29 29   0.488698
29 30   0.488698
29 31   0.488698
29 32   0.488698
29 33   0.488698
29 34   0.488698
29 35   0.488698
29 36   0.488698
29 37   0.488698
29 38   0.488698
29 39   0.488698
29 40   0.488698
30 1   0.443841
30 2   0.443841
30 3   0.443841
30 4   0.443841
30 5   0.443841
30 6   0.443841
30 7   0.443841
30 8   0.443841
30 9   0.443841
30 10   0.443841
30 11   0.443841
30 12   0.443841
30 13   0.443841
30 14   0.443841
30 15   0.443841
30 16   0.443841
30 17   0.443841
30 18   0.443841
30 19   0.443841
30 20   0.443841
30 21   0.443841
30 22   0.443841
30 23   0.443841
30 24   0.443841
30 25   0.443841
30 26   0.443841
30 27   0.443841
30 28   0.443841
30 29   0.443841
30 30   0.443841
30 31   0.443841
30 32   0.443841
30 33   0.443841
30 34   0.443841
30 35   0.443841
30 36   0.443841
30 37   0.443841
30 38   0.443841
30 39   0.443841
30 40   0.443841
31 1   0.389555
31 2   0.389555
31 3   0.389555
31 4   0.389555
31 5   0.389555
31 6   0.389555
31 7   0.389555
31 8   0.389555
31 9   0.389555
31 10   0.389555
31 11   0.389555
31 12   0.389555
31 13   0.389555
31 14   0.389555
31 15   0.389555
31 16   0.389555
31 17   0.389555
31 18   0.389555
31 19   0.389555
31 20   0.389555
31 21   0.389555
31 22   0.389555
31 23   0.389555
31 24   0.389555
31 25   0.389555
31 26   0.389555
31 27   0.389555
31 28   0.389555
31 29   0.389555
31 30   0.389555
31 31   0.389555
31 32   0.389555
31 33   0.389555
31 34   0.389555
31 35   0.389555
31 36   0.389555
31 37   0.389555
31 38   0.389555
31 39   0.389555
31 40   0.389555
32 1   0.331462
32 2   0.331462
32 3   0.331462
32 4   0.331462
32 5   0.331462
32 6   0.331462
32 7   0.331462
32 8   0.331462
32 9   0.331462
32 10   0.331462
32 11   0.331462
32 12   0.331462
32 13   0.331462
32 14   0.331462
32 15   0.331462
32 16   0.331462
32 17   0.331462
32 18   0.331462
32 19   0.331462
32 20   0.331462
32 21   0.331462
32 22   0.331462
32 23   0.331462
32 24   0.331462
32 25   0.331462
32 26   0.331462
32 27   0.331462
32 28   0.331462
32 29   0.331462
32 30   0.331462
32 31   0.331462
32 32   0.331462
32 33   0.331462
32 34   0.331462
32 35   0.331462
32 36   0.331462
32 37   0.331462
32 38   0.331462
32 39   0.331462
32 40   0.331462
33 1   0.275296
33 2   0.275296
33 3   0.275296
33 4   0.275296
33 5   0.275296
33 6   0.275296
33 7   0.275296
33 8   0.275296
33 9   0.275296
33 10   0.275296
33 11   0.275296
33 12   0.275296
33 13   0.275296
33 14   0.275296
33 15   0.275296
33 16   0.275296
33 17   0.275296
33 18   0.275296
33 19   0.275296
33 20   0.275296
33 21   0.275296
33 22   0.275296
33 23   0.275296
33 24   0.275296
33 25   0.275296
33 26   0.275296
33 27   0.275296
33 28   0.275296
33 29   0.275296
33 30   0.275296
33 31   0.275296
33 32   0.275296
33 33   0.275296
33 34   0.275296
33 35   0.275296
33 36   0.275296
33 37   0.275296
33 38   0.275296
33 39   0.275296
33 40   0.275296
34 1   0.225144
34 2   0.225144
34 3   0.225144
34 4   0.225144
34 5   0.225144
34 6   0.225144
34 7   0.225144
34 8   0.225144
34 9   0.225144
34 10   0.225144
34 11   0.225144
34 12   0.225144
34 13   0.225144
34 14   0.225144
34 15   0.225144
34 16   0.225144
34 17   0.225144
34 18   0.225144
34 19   0.225144
34 20   0.225144
34 21   0.225144
34 22   0.225144
34 23   0.225144
34 24   0.225144
34 25   0.225144
34 26   0.225144
34 27   0.225144
34 28   0.225144
34 29   0.225144
34 30   0.225144
34 31   0.225144
34 32   0.225144
34 33   0.225144
34 34   0.225144
34 35   0.225144
34 36   0.225144
34 37   0.225144
34 38   0.225144
34 39   0.225144
34 40   0.225144
35 1   0.182626
35 2   0.182626
35 3   0.182626
35 4   0.182626
35 5   0.182626
35 6   0.182626
35 7   0.182626
35 8   0.182626
35 9   0.182626
35 10   0.182626
35 11   0.182626
35 12   0.182626
35 13   0.182626
35 14   0.182626
35 15   0.182626
35 16   0.182626
35 17   0.182626
35 18   0.182626
35 19   0.182626
35 20   0.182626
35 21   0.182626
35 22   0.182626
35 23   0.182626
35 24   0.182626
35 25   0.182626
35 26   0.182626
35 27   0.182626
35 28   0.182626
35 29   0.182626
35 30   0.182626
35 31   0.182626
35 32   0.182626
35 33   0.182626
35 34   0.182626
35 35   0.182626
35 36   0.182626
35 37   0.182626
35 38   0.182626
35 39   0.182626
35 40   0.182626
36 1   0.147343
36 2   0.147343
36 3   0.147343
36 4   0.147343
36 5   0.147343
36 6   0.147343
36 7   0.147343
36 8   0.147343
36 9   0.147343
36 10   0.147343
36 11   0.147343
36 12   0.147343
36 13   0.147343
36 14   0.147343
36 15   0.147343
36 16   0.147343
36 17   0.147343
36 18   0.147343
36 19   0.147343
36 20   0.147343
36 21   0.147343
36 22   0.147343
36 23   0.147343
36 24   0.147343
36 25   0.147343
36 26   0.147343
36 27   0.147343
36 28   0.147343
36 29   0.147343
36 30   0.147343
36 31   0.147343
36 32   0.147343
36 33   0.147343
36 34   0.147343
36 35   0.147343
36 36   0.147343
36 37   0.147343
36 38   0.147343
36 39   0.147343
36 40   0.147343
37 1   0.118204
37 2   0.118204
37 3   0.118204
37 4   0.118204
37 5   0.118204
37 6   0.118204
37 7   0.118204
37 8   0.118204
37 9   0.118204
37 10   0.118204
37 11   0.118204
37 12   0.118204
37 13   0.118204
37 14   0.118204
37 15   0.118204
37 16   0.118204
37 17   0.118204
37 18   0.118204
37 19   0.118204
37 20   0.118204
37 21   0.118204
37 22   0.118204
37 23   0.118204
37 24   0.118204
37 25   0.118204
37 26   0.118204
37 27   0.118204
37 28   0.118204
37 29   0.118204
37 30   0.118204
37 31   0.118204
37 32   0.118204
37 33   0.118204
37 34   0.118204
37 35   0.118204
37 36   0.118204
37 37   0.118204
37 38   0.118204
37 39   0.118204
37 40   0.118204
38 1   0.0947634
38 2   0.0947634
38 3   0.0947634
38 4   0.0947634
38 5   0.0947634
38 6   0.0947634
38 7   0.0947634
38 8   0.0947634
38 9   0.0947634
38 10   0.0947634
38 11   0.0947634
38 12   0.0947634
38 13   0.0947634
38 14   0.0947634
38 15   0.0947634
38 16   0.0947634
38 17   0.0947634
38 18   0.0947634
38 19   0.0947634
38 20   0.0947634
38 21   0.0947634
38 22   0.0947634
38 23   0.0947634
38 24   0.0947634
38 25   0.0947634
38 26   0.0947634
38 27   0.0947634
38 28   0.0947634
38 29   0.0947634
38 30   0.0947634
38 31   0.0947634
38 32   0.0947634
38 33   0.0947634
38 34   0.0947634
38 35   0.0947634
38 36   0.0947634
38 37   0.0947634
38 38   0.0947634
38 39   0.0947634
38 40   0.0947634
39 1   0.077774
39 2   0.077774
39 3   0.077774
39 4   0.077774
39 5   0.077774
39 6   0.077774
39 7   0.077774
39 8   0.077774
39 9   0.077774
39 10   0.077774
39 11   0.077774
39 12   0.077774
39 13   0.077774
39 14   0.077774
39 15   0.077774
39 16   0.077774
39 17   0.077774
39 18   0.077774
39 19   0.077774
39 20   0.077774
39 21   0.077774
39 22   0.077774
39 23   0.077774
39 24   0.077774
39 25   0.077774
39 26   0.077774
39 27   0.077774
39 28   0.077774
39 29   0.077774
39 30   0.077774
39 31   0.077774
39 32   0.077774
39 33   0.077774
39 34   0.077774
39 35   0.077774
39 36   0.077774
39 37   0.077774
39 38   0.077774
39 39   0.077774
39 40   0.077774
40 1   0.0687063
40 2   0.0687063
40 3   0.0687063
40 4   0.0687063
40 5   0.0687063
40 6   0.0687063
40 7   0.0687063
40 8   0.0687063
40 9   0.0687063
40 10   0.0687063
40 11   0.0687063
40 12   0.0687063
40 13   0.0687063
40 14   0.0687063
40 15   0.0687063
40 16   0.0687063
40 17   0.0687063
40 18   0.0687063
40 19   0.0687063
40 20   0.0687063
40 21   0.0687063
40 22   0.0687063
40 23   0.0687063
40 24   0.0687063
40 25   0.0687063
40 26   0.0687063
40 27   0.0687063
40 28   0.0687063
40 29   0.0687063
40 30   0.0687063
40 31   0.0687063
40 32   0.0687063
40 33   0.0687063
40 34   0.0687063
40 35   0.0687063
40 36   0.0687063
40 37   0.0687063
40 38   0.0687063
40 39   0.0687063
40 40   0.0687063
