1 1   0.998687
1 2   0.998687
1 3   0.998687
1 4   0.998687
1 5   0.998687
1 6   0.998687
1 7   0.998687
1 8   0.998687
1 9   0.998687
1 10   0.998687
1 11   0.998687
1 12   0.998687
1 13   0.998687
1 14   0.998687
1 15   0.998687
1 16   0.998687
1 17   0.998687
1 18   0.998687
1 19   0.998687
1 20   0.998687
1 21   0.998687
1 22   0.998687
1 23   0.998687
1 24   0.998687
1 25   0.998687
1 26   0.998687
1 27   0.998687
1 28   0.998687
1 29   0.998687
1 30   0.998687
1 31   0.998687
1 32   0.998687
1 33   0.998687
1 34   0.998687
1 35   0.998687
1 36   0.998687
1 37   0.998687
1 38   0.998687
1 39   0.998687
1 40   0.998687
2 1   1.00059
2 2   1.00059
2 3   1.00059
2 4   1.00059
2 5   1.00059
2 6   1.00059
2 7   1.00059
2 8   1.00059
2 9   1.00059
2 10   1.00059
2 11   1.00059
2 12   1.00059
2 13   1.00059
2 14   1.00059
2 15   1.00059
2 16   1.00059
2 17   1.00059
2 18   1.00059
2 19   1.00059
2 20   1.00059
2 21   1.00059
2 22   1.00059
2 23   1.00059
2 24   1.00059
2 25   1.00059
2 26   1.00059
2 27   1.00059
2 28   1.00059
2 29   1.00059
2 30   1.00059
2 31   1.00059
2 32   1.00059
2 33   1.00059
2 34   1.00059
2 35   1.00059
2 36   1.00059
2 37   1.00059
2 38   1.00059
2 39   1.00059
2 40   1.00059
3 1   1.00277
3 2   1.00277
3 3   1.00277
3 4   1.00277
3 5   1.00277
3 6   1.00277
3 7   1.00277
3 8   1.00277
3 9   1.00277
3 10   1.00277
3 11   1.00277
3 12   1.00277
3 13   1.00277
3 14   1.00277
3 15   1.00277
3 16   1.00277
3 17   1.00277
3 18   1.00277
3 19   1.00277
3 20   1.00277
3 21   1.00277
3 22   1.00277
3 23   1.00277
3 24   1.00277
3 25   1.00277
3 26   1.00277
3 27   1.00277
3 28   1.00277
3 29   1.00277
3 30   1.00277
3 31   1.00277
3 32   1.00277
3 33   1.00277
3 34   1.00277
3 35   1.00277
3 36   1.00277
3 37   1.00277
3 38   1.00277
3 39   1.00277
3 40   1.00277
4 1   1.0027
4 2   1.0027
4 3   1.0027
4 4   1.0027
4 5   1.0027
4 6   1.0027
4 7   1.0027
4 8   1.0027
4 9   1.0027
4 10   1.0027
4 11   1.0027
4 12   1.0027
4 13   1.0027
4 14   1.0027
4 15   1.0027
4 16   1.0027
4 17   1.0027
4 18   1.0027
4 19   1.0027
4 20   1.0027
4 21   1.0027
4 22   1.0027
4 23   1.0027
4 24   1.0027
4 25   1.0027
4 26   1.0027
4 27   1.0027
4 28   1.0027
4 29   1.0027
4 30   1.0027
4 31   1.0027
4 32   1.0027
4 33   1.0027
4 34   1.0027
4 35   1.0027
4 36   1.0027
4 37   1.0027
4 38   1.0027
4 39   1.0027
4 40   1.0027
5 1   0.998094
5 2   0.998094
5 3   0.998094
5 4   0.998094
5 5   0.998094
5 6   0.998094
5 7   0.998094
5 8   0.998094
5 9   0.998094
5 10   0.998094
5 11   0.998094
5 12   0.998094
5 13   0.998094
5 14   0.998094
5 15   0.998094
5 16   0.998094
5 17   0.998094
5 18   0.998094
5 19   0.998094
5 20   0.998094
5 21   0.998094
5 22   0.998094
5 23   0.998094
5 24   0.998094
5 25   0.998094
5 26   0.998094
5 27   0.998094
5 28   0.998094
5 29   0.998094
5 30   0.998094
5 31   0.998094
5 32   0.998094
5 33   0.998094
5 34   0.998094
5 35   0.998094
5 36   0.998094
5 37   0.998094
5 38   0.998094
5 39   0.998094
5 40   0.998094
6 1   0.988235
6 2   0.988235
6 3   0.988235
6 4   0.988235
6 5   0.988235
6 6   0.988235
6 7   0.988235
6 8   0.988235
6 9   0.988235
6 10   0.988235
6 11   0.988235
6 12   0.988235
6 13   0.988235
6 14   0.988235
6 15   0.988235
6 16   0.988235
6 17   0.988235
6 18   0.988235
6 19   0.988235
6 20   0.988235
6 21   0.988235
6 22   0.988235
6 23   0.988235
6 24   0.988235
6 25   0.988235
6 26   0.988235
6 27   0.988235
6 28   0.988235
6 29   0.988235
6 30   0.988235
6 31   0.988235
6 32   0.988235
6 33   0.988235
6 34   0.988235
6 35   0.988235
6 36   0.988235
6 37   0.988235
6 38   0.988235
6 39   0.988235
6 40   0.988235
7 1   0.974645
7 2   0.974645
7 3   0.974645
7 4   0.974645
7 5   0.974645
7 6   0.974645
7 7   0.974645
7 8   0.974645
7 9   0.974645
7 10   0.974645
7 11   0.974645
7 12   0.974645
7 13   0.974645
7 14   0.974645
7 15   0.974645
7 16   0.974645
7 17   0.974645
7 18   0.974645
7 19   0.974645
7 20   0.974645
7 21   0.974645
7 22   0.974645
7 23   0.974645
7 24   0.974645
7 25   0.974645
7 26   0.974645
7 27   0.974645
7 28   0.974645
7 29   0.974645
7 30   0.974645
7 31   0.974645
7 32   0.974645
7 33   0.974645
7 34   0.974645
7 35   0.974645
7 36   0.974645
7 37   0.974645
7 38   0.974645
7 39   0.974645
7 40   0.974645
8 1   0.960703
8 2   0.960703
8 3   0.960703
8 4   0.960703
8 5   0.960703
8 6   0.960703
8 7   0.960703
8 8   0.960703
8 9   0.960703
8 10   0.960703
8 11   0.960703
8 12   0.960703
8 13   0.960703
8 14   0.960703
8 15   0.960703
8 16   0.960703
8 17   0.960703
8 18   0.960703
8 19   0.960703
8 20   0.960703
8 21   0.960703
8 22   0.960703
8 23   0.960703
8 24   0.960703
8 25   0.960703
8 26   0.960703
8 27   0.960703
8 28   0.960703
8 29   0.960703
8 30   0.960703
8 31   0.960703
8 32   0.960703
8 33   0.960703
8 34   0.960703
8 35   0.960703
8 36   0.960703
8 37   0.960703
8 38   0.960703
8 39   0.960703
8 40   0.960703
9 1   0.950106
9 2   0.950106
9 3   0.950106
9 4   0.950106
9 5   0.950106
9 6   0.950106
9 7   0.950106
9 8   0.950106
9 9   0.950106
9 10   0.950106
9 11   0.950106
9 12   0.950106
9 13   0.950106
9 14   0.950106
9 15   0.950106
9 16   0.950106
9 17   0.950106
9 18   0.950106
9 19   0.950106
9 20   0.950106
9 21   0.950106
9 22   0.950106
9 23   0.950106
9 24   0.950106
9 25   0.950106
9 26   0.950106
9 27   0.950106
9 28   0.950106
9 29   0.950106
9 30   0.950106
9 31   0.950106
9 32   0.950106
9 33   0.950106
9 34   0.950106
9 35   0.950106
9 36   0.950106
9 37   0.950106
9 38   0.950106
9 39   0.950106
9 40   0.950106
10 1   0.94483
10 2   0.94483
10 3   0.94483
10 4   0.94483
10 5   0.94483
10 6   0.94483
10 7   0.94483
10 8   0.94483
10 9   0.94483
10 10   0.94483
10 11   0.94483
10 12   0.94483
10 13   0.94483
10 14   0.94483
10 15   0.94483
10 16   0.94483
10 17   0.94483
10 18   0.94483
10 19   0.94483
10 20   0.94483
10 21   0.94483
10 22   0.94483
10 23   0.94483
10 24   0.94483
10 25   0.94483
10 26   0.94483
10 27   0.94483
10 28   0.94483
10 29   0.94483
10 30   0.94483
10 31   0.94483
10 32   0.94483
10 33   0.94483
10 34   0.94483
10 35   0.94483
10 36   0.94483
10 37   0.94483
10 38   0.94483
10 39   0.94483
10 40   0.94483
11 1   0.943663
11 2   0.943663
11 3   0.943663
11 4   0.943663
11 5   0.943663
11 6   0.943663
11 7   0.943663
11 8   0.943663
11 9   0.943663
11 10   0.943663
11 11   0.943663
11 12   0.943663
11 13   0.943663
11 14   0.943663
11 15   0.943663
11 16   0.943663
11 17   0.943663
11 18   0.943663
11 19   0.943663
11 20   0.943663
11 21   0.943663
11 22   0.943663
11 23   0.943663
11 24   0.943663
11 25   0.943663
11 26   0.943663
11 27   0.943663
11 28   0.943663
11 29   0.943663
11 30   0.943663
11 31   0.943663
11 32   0.943663
11 33   0.943663
11 34   0.943663
11 35   0.943663
11 36   0.943663
11 37   0.943663
11 38   0.943663
11 39   0.943663
11 40   0.943663
12 1   0.942115
12 2   0.942115
12 3   0.942115
12 4   0.942115
12 5   0.942115
12 6   0.942115
12 7   0.942115
12 8   0.942115
12 9   0.942115
12 10   0.942115
12 11   0.942115
12 12   0.942115
12 13   0.942115
12 14   0.942115
12 15   0.942115
12 16   0.942115
12 17   0.942115
12 18   0.942115
12 19   0.942115
12 20   0.942115
12 21   0.942115
12 22   0.942115
12 23   0.942115
12 24   0.942115
12 25   0.942115
12 26   0.942115
12 27   0.942115
12 28   0.942115
12 29   0.942115
12 30   0.942115
12 31   0.942115
12 32   0.942115
12 33   0.942115
12 34   0.942115
12 35   0.942115
12 36   0.942115
12 37   0.942115
12 38   0.942115
12 39   0.942115
12 40   0.942115
13 1   0.933771
13 2   0.933771
13 3   0.933771
13 4   0.933771
13 5   0.933771
13 6   0.933771
13 7   0.933771
13 8   0.933771
13 9   0.933771
13 10   0.933771
13 11   0.933771
13 12   0.933771
13 13   0.933771
13 14   0.933771
13 15   0.933771
13 16   0.933771
13 17   0.933771
13 18   0.933771
13 19   0.933771
13 20   0.933771
13 21   0.933771
13 22   0.933771
13 23   0.933771
13 24   0.933771
13 25   0.933771
13 26   0.933771
13 27   0.933771
13 28   0.933771
13 29   0.933771
13 30   0.933771
13 31   0.933771
13 32   0.933771
13 33   0.933771
13 34   0.933771
13 35   0.933771
13 36   0.933771
13 37   0.933771
13 38   0.933771
13 39   0.933771
13 40   0.933771
14 1   0.912346
14 2   0.912346
14 3   0.912346
14 4   0.912346
14 5   0.912346
14 6   0.912346
14 7   0.912346
14 8   0.912346
14 9   0.912346
14 10   0.912346
14 11   0.912346
14 12   0.912346
14 13   0.912346
14 14   0.912346
14 15   0.912346
14 16   0.912346
14 17   0.912346
14 18   0.912346
14 19   0.912346
14 20   0.912346
14 21   0.912346
14 22   0.912346
14 23   0.912346
14 24   0.912346
14 25   0.912346
14 26   0.912346
14 27   0.912346
14 28   0.912346
14 29   0.912346
14 30   0.912346
14 31   0.912346
14 32   0.912346
14 33   0.912346
14 34   0.912346
14 35   0.912346
14 36   0.912346
14 37   0.912346
14 38   0.912346
14 39   0.912346
14 40   0.912346
15 1   0.873503
15 2   0.873503
15 3   0.873503
15 4   0.873503
15 5   0.873503
15 6   0.873503
15 7   0.873503
15 8   0.873503
15 9   0.873503
15 10   0.873503
15 11   0.873503
15 12   0.873503
15 13   0.873503
15 14   0.873503
15 15   0.873503
15 16   0.873503
15 17   0.873503
15 18   0.873503
15 19   0.873503
15 20   0.873503
15 21   0.873503
15 22   0.873503
15 23   0.873503
15 24   0.873503
15 25   0.873503
15 26   0.873503
15 27   0.873503
15 28   0.873503
15 29   0.873503
15 30   0.873503
15 31   0.873503
15 32   0.873503
15 33   0.873503
15 34   0.873503
15 35   0.873503
15 36   0.873503
15 37   0.873503
15 38   0.873503
15 39   0.873503
15 40   0.873503
16 1   0.815751
16 2   0.815751
16 3   0.815751
16 4   0.815751
16 5   0.815751
16 6   0.815751
16 7   0.815751
16 8   0.815751
16 9   0.815751
16 10   0.815751
16 11   0.815751
16 12   0.815751
16 13   0.815751
16 14   0.815751
16 15   0.815751
16 16   0.815751
16 17   0.815751
16 18   0.815751
16 19   0.815751
16 20   0.815751
16 21   0.815751
16 22   0.815751
16 23   0.815751
16 24   0.815751
16 25   0.815751
16 26   0.815751
16 27   0.815751
16 28   0.815751
16 29   0.815751
16 30   0.815751
16 31   0.815751
16 32   0.815751
16 33   0.815751
16 34   0.815751
16 35   0.815751
16 36   0.815751
16 37   0.815751
16 38   0.815751
16 39   0.815751
16 40   0.815751
17 1   0.740358
17 2   0.740358
17 3   0.740358
17 4   0.740358
17 5   0.740358
17 6   0.740358
17 7   0.740358
17 8   0.740358
17 9   0.740358
17 10   0.740358
17 11   0.740358
17 12   0.740358
17 13   0.740358
17 14   0.740358
17 15   0.740358
17 16   0.740358
17 17   0.740358
17 18   0.740358
17 19   0.740358
17 20   0.740358
17 21   0.740358
17 22   0.740358
17 23   0.740358
17 24   0.740358
17 25   0.740358
17 26   0.740358
17 27   0.740358
17 28   0.740358
17 29   0.740358
17 30   0.740358
17 31   0.740358
17 32   0.740358
17 33   0.740358
17 34   0.740358
17 35   0.740358
17 36   0.740358
17 37   0.740358
17 38   0.740358
17 39   0.740358
17 40   0.740358
18 1   0.650691
18 2   0.650691
18 3   0.650691
18 4   0.650691
18 5   0.650691
18 6   0.650691
18 7   0.650691
18 8   0.650691
18 9   0.650691
18 10   0.650691
18 11   0.650691
18 12   0.650691
18 13   0.650691
18 14   0.650691
18 15   0.650691
18 16   0.650691
18 17   0.650691
18 18   0.650691
18 19   0.650691
18 20   0.650691
18 21   0.650691
18 22   0.650691
18 23   0.650691
18 24   0.650691
18 25   0.650691
18 26   0.650691
18 27   0.650691
18 28   0.650691
18 29   0.650691
18 30   0.650691
18 31   0.650691
18 32   0.650691
18 33   0.650691
18 34   0.650691
18 35   0.650691
18 36   0.650691
18 37   0.650691
18 38   0.650691
18 39   0.650691
18 40   0.650691
19 1   0.55155
19 2   0.55155
19 3   0.55155
19 4   0.55155
19 5   0.55155
19 6   0.55155
19 7   0.55155
19 8   0.55155
19 9   0.55155
19 10   0.55155
19 11   0.55155
19 12   0.55155
19 13   0.55155
19 14   0.55155
19 15   0.55155
19 16   0.55155
19 17   0.55155
19 18   0.55155
19 19   0.55155
19 20   0.55155
19 21   0.55155
19 22   0.55155
19 23   0.55155
19 24   0.55155
19 25   0.55155
19 26   0.55155
19 27   0.55155
19 28   0.55155
19 29   0.55155
19 30   0.55155
19 31   0.55155
19 32   0.55155
19 33   0.55155
19 34   0.55155
19 35   0.55155
19 36   0.55155
19 37   0.55155
19 38   0.55155
19 39   0.55155
19 40   0.55155
20 1   0.448777
20 2   0.448777
20 3   0.448777
20 4   0.448777
20 5   0.448777
20 6   0.448777
20 7   0.448777
20 8   0.448777
20 9   0.448777
20 10   0.448777
20 11   0.448777
20 12   0.448777
20 13   0.448777
20 14   0.448777
20 15   0.448777
20 16   0.448777
20 17   0.448777
20 18   0.448777
20 19   0.448777
20 20   0.448777
20 21   0.448777
20 22   0.448777
20 23   0.448777
20 24   0.448777
20 25   0.448777
20 26   0.448777
20 27   0.448777
20 28   0.448777
20 29   0.448777
20 30   0.448777
20 31   0.448777
20 32   0.448777
20 33   0.448777
20 34   0.448777
20 35   0.448777
20 36   0.448777
20 37   0.448777
20 38   0.448777
20 39   0.448777
20 40   0.448777
21 1   0.348968
21 2   0.348968
21 3   0.348968
21 4   0.348968
21 5   0.348968
21 6   0.348968
21 7   0.348968
21 8   0.348968
21 9   0.348968
21 10   0.348968
21 11   0.348968
21 12   0.348968
21 13   0.348968
21 14   0.348968
21 15   0.348968
21 16   0.348968
21 17   0.348968
21 18   0.348968
21 19   0.348968
21 20   0.348968
21 21   0.348968
21 22   0.348968
21 23   0.348968
21 24   0.348968
21 25   0.348968
21 26   0.348968
21 27   0.348968
21 28   0.348968
21 29   0.348968
21 30   0.348968
21 31   0.348968
21 32   0.348968
21 33   0.348968
21 34   0.348968
21 35   0.348968
21 36   0.348968
21 37   0.348968
21 38   0.348968
21 39   0.348968
21 40   0.348968
22 1   0.258827
22 2   0.258827
22 3   0.258827
22 4   0.258827
22 5   0.258827
22 6   0.258827
22 7   0.258827
22 8   0.258827
22 9   0.258827
22 10   0.258827
22 11   0.258827
22 12   0.258827
22 13   0.258827
22 14   0.258827
22 15   0.258827
22 16   0.258827
22 17   0.258827
22 18   0.258827
22 19   0.258827
22 20   0.258827
22 21   0.258827
22 22   0.258827
22 23   0.258827
22 24   0.258827
22 25   0.258827
22 26   0.258827
22 27   0.258827
22 28   0.258827
22 29   0.258827
22 30   0.258827
22 31   0.258827
22 32   0.258827
22 33   0.258827
22 34   0.258827
22 35   0.258827
22 36   0.258827
22 37   0.258827
22 38   0.258827
22 39   0.258827
22 40   0.258827
23 1   0.183985
23 2   0.183985
23 3   0.183985
23 4   0.183985
23 5   0.183985
23 6   0.183985
23 7   0.183985
23 8   0.183985
23 9   0.183985
23 10   0.183985
23 11   0.183985
23 12   0.183985
23 13   0.183985
23 14   0.183985
23 15   0.183985
23 16   0.183985
23 17   0.183985
23 18   0.183985
23 19   0.183985
23 20   0.183985
23 21   0.183985
23 22   0.183985
23 23   0.183985
23 24   0.183985
23 25   0.183985
23 26   0.183985
23 27   0.183985
23 28   0.183985
23 29   0.183985
23 30   0.183985
23 31   0.183985
23 32   0.183985
23 33   0.183985
23 34   0.183985
23 35   0.183985
23 36   0.183985
23 37   0.183985
23 38   0.183985
23 39   0.183985
23 40   0.183985
24 1   0.127656
24 2   0.127656
24 3   0.127656
24 4   0.127656
24 5   0.127656
24 6   0.127656
24 7   0.127656
24 8   0.127656
24 9   0.127656
24 10   0.127656
24 11   0.127656
24 12   0.127656
24 13   0.127656
24 14   0.127656
24 15   0.127656
24 16   0.127656
24 17   0.127656
24 18   0.127656
24 19   0.127656
24 20   0.127656
24 21   0.127656
24 22   0.127656
24 23   0.127656
24 24   0.127656
24 25   0.127656
24 26   0.127656
24 27   0.127656
24 28   0.127656
24 29   0.127656
24 30   0.127656
24 31   0.127656
24 32   0.127656
24 33   0.127656
24 34   0.127656
24 35   0.127656
24 36   0.127656
24 37   0.127656
24 38   0.127656
24 39   0.127656
24 40   0.127656
25 1   0.0898916
25 2   0.0898916
25 3   0.0898916
25 4   0.0898916
25 5   0.0898916
25 6   0.0898916
25 7   0.0898916
25 8   0.0898916
25 9   0.0898916
25 10   0.0898916
25 11   0.0898916
25 12   0.0898916
25 13   0.0898916
25 14   0.0898916
25 15   0.0898916
25 16   0.0898916
25 17   0.0898916
25 18   0.0898916
25 19   0.0898916
25 20   0.0898916
25 21   0.0898916
25 22   0.0898916
25 23   0.0898916
25 24   0.0898916
25 25   0.0898916
25 26   0.0898916
25 27   0.0898916
25 28   0.0898916
25 29   0.0898916
25 30   0.0898916
25 31   0.0898916
25 32   0.0898916
25 33   0.0898916
25 34   0.0898916
25 35   0.0898916
25 36   0.0898916
25 37   0.0898916
25 38   0.0898916
25 39   0.0898916
25 40   0.0898916
26 1   0.0679084
26 2   0.0679084
26 3   0.0679084
26 4   0.0679084
26 5   0.0679084
26 6   0.0679084
26 7   0.0679084
26 8   0.0679084
26 9   0.0679084
26 10   0.0679084
26 11   0.0679084
26 12   0.0679084
26 13   0.0679084
26 14   0.0679084
26 15   0.0679084
26 16   0.0679084
26 17   0.0679084
26 18   0.0679084
26 19   0.0679084
26 20   0.0679084
26 21   0.0679084
26 22   0.0679084
26 23   0.0679084
26 24   0.0679084
26 25   0.0679084
26 26   0.0679084
26 27   0.0679084
26 28   0.0679084
26 29   0.0679084
26 30   0.0679084
26 31   0.0679084
26 32   0.0679084
26 33   0.0679084
26 34   0.0679084
26 35   0.0679084
26 36   0.0679084
26 37   0.0679084
26 38   0.0679084
26 39   0.0679084
26 40   0.0679084
27 1   0.0572646
27 2   0.0572646
27 3   0.0572646
27 4   0.0572646
27 5   0.0572646
27 6   0.0572646
27 7   0.0572646
27 8   0.0572646
27 9   0.0572646
27 10   0.0572646
27 11   0.0572646
27 12   0.0572646
27 13   0.0572646
27 14   0.0572646
27 15   0.0572646
27 16   0.0572646
27 17   0.0572646
27 18   0.0572646
27 19   0.0572646
27 20   0.0572646
27 21   0.0572646
27 22   0.0572646
27 23   0.0572646
27 24   0.0572646
27 25   0.0572646
27 26   0.0572646
27 27   0.0572646
27 28   0.0572646
27 29   0.0572646
27 30   0.0572646
27 31   0.0572646
27 32   0.0572646
27 33   0.0572646
27 34   0.0572646
27 35   0.0572646
27 36   0.0572646
27 37   0.0572646
27 38   0.0572646
27 39   0.0572646
27 40   0.0572646
28 1   0.0531772
28 2   0.0531772
28 3   0.0531772
28 4   0.0531772
28 5   0.0531772
28 6   0.0531772
28 7   0.0531772
28 8   0.0531772
28 9   0.0531772
28 10   0.0531772
28 11   0.0531772
28 12   0.0531772
28 13   0.0531772
28 14   0.0531772
28 15   0.0531772
28 16   0.0531772
28 17   0.0531772
28 18   0.0531772
28 19   0.0531772
28 20   0.0531772
28 21   0.0531772
28 22   0.0531772
28 23   0.0531772
28 24   0.0531772
28 25   0.0531772
28 26   0.0531772
28 27   0.0531772
28 28   0.0531772
28 29   0.0531772
28 30   0.0531772
28 31   0.0531772
28 32   0.0531772
28 33   0.0531772
28 34   0.0531772
28 35   0.0531772
28 36   0.0531772
28 37   0.0531772
28 38   0.0531772
28 39   0.0531772
28 40   0.0531772
29 1   0.0513817
29 2   0.0513817
29 3   0.0513817
29 4   0.0513817
29 5   0.0513817
29 6   0.0513817
29 7   0.0513817
29 8   0.0513817
29 9   0.0513817
29 10   0.0513817
29 11   0.0513817
29 12   0.0513817
29 13   0.0513817
29 14   0.0513817
29 15   0.0513817
29 16   0.0513817
29 17   0.0513817
29 18   0.0513817
29 19   0.0513817
29 20   0.0513817
29 21   0.0513817
29 22   0.0513817
29 23   0.0513817
29 24   0.0513817
29 25   0.0513817
29 26   0.0513817
29 27   0.0513817
29 28   0.0513817
29 29   0.0513817
29 30   0.0513817
29 31   0.0513817
29 32   0.0513817
29 33   0.0513817
29 34   0.0513817
29 35   0.0513817
29 36   0.0513817
29 37   0.0513817
29 38   0.0513817
29 39   0.0513817
29 40   0.0513817
30 1   0.0484879
30 2   0.0484879
30 3   0.0484879
30 4   0.0484879
30 5   0.0484879
30 6   0.0484879
30 7   0.0484879
30 8   0.0484879
30 9   0.0484879
30 10   0.0484879
30 11   0.0484879
30 12   0.0484879
30 13   0.0484879
30 14   0.0484879
30 15   0.0484879
30 16   0.0484879
30 17   0.0484879
30 18   0.0484879
30 19   0.0484879
30 20   0.0484879
30 21   0.0484879
30 22   0.0484879
30 23   0.0484879
30 24   0.0484879
30 25   0.0484879
30 26   0.0484879
30 27   0.0484879
30 28   0.0484879
30 29   0.0484879
30 30   0.0484879
30 31   0.0484879
30 32   0.0484879
30 33   0.0484879
30 34   0.0484879
30 35   0.0484879
30 36   0.0484879
30 37   0.0484879
30 38   0.0484879
30 39   0.0484879
30 40   0.0484879
31 1   0.0421887
31 2   0.0421887
31 3   0.0421887
31 4   0.0421887
31 5   0.0421887
31 6   0.0421887
31 7   0.0421887
31 8   0.0421887
31 9   0.0421887
31 10   0.0421887
31 11   0.0421887
31 12   0.0421887
31 13   0.0421887
31 14   0.0421887
31 15   0.0421887
31 16   0.0421887
31 17   0.0421887
31 18   0.0421887
31 19   0.0421887
31 20   0.0421887
31 21   0.0421887
31 22   0.0421887
31 23   0.0421887
31 24   0.0421887
31 25   0.0421887
31 26   0.0421887
31 27   0.0421887
31 28   0.0421887
31 29   0.0421887
31 30   0.0421887
31 31   0.0421887
31 32   0.0421887
31 33   0.0421887
31 34   0.0421887
31 35   0.0421887
31 36   0.0421887
31 37   0.0421887
31 38   0.0421887
31 39   0.0421887
31 40   0.0421887
32 1   0.0316228
32 2   0.0316228
32 3   0.0316228
32 4   0.0316228
32 5   0.0316228
32 6   0.0316228
32 7   0.0316228
32 8   0.0316228
32 9   0.0316228
32 10   0.0316228
32 11   0.0316228
32 12   0.0316228
32 13   0.0316228
32 14   0.0316228
32 15   0.0316228
32 16   0.0316228
32 17   0.0316228
32 18   0.0316228
32 19   0.0316228
32 20   0.0316228
32 21   0.0316228
32 22   0.0316228
32 23   0.0316228
32 24   0.0316228
32 25   0.0316228
32 26   0.0316228
32 27   0.0316228
32 28   0.0316228
32 29   0.0316228
32 30   0.0316228
32 31   0.0316228
32 32   0.0316228
32 33   0.0316228
32 34   0.0316228
32 35   0.0316228
32 36   0.0316228
32 37   0.0316228
32 38   0.0316228
32 39   0.0316228
32 40   0.0316228
33 1   0.0177632
33 2   0.0177632
33 3   0.0177632
33 4   0.0177632
33 5   0.0177632
33 6   0.0177632
33 7   0.0177632
33 8   0.0177632
33 9   0.0177632
33 10   0.0177632
33 11   0.0177632
33 12   0.0177632
33 13   0.0177632
33 14   0.0177632
33 15   0.0177632
33 16   0.0177632
33 17   0.0177632
33 18   0.0177632
33 19   0.0177632
33 20   0.0177632
33 21   0.0177632
33 22   0.0177632
33 23   0.0177632
33 24   0.0177632
33 25   0.0177632
33 26   0.0177632
33 27   0.0177632
33 28   0.0177632
33 29   0.0177632
33 30   0.0177632
33 31   0.0177632
33 32   0.0177632
33 33   0.0177632
33 34   0.0177632
33 35   0.0177632
33 36   0.0177632
33 37   0.0177632
33 38   0.0177632
33 39   0.0177632
33 40   0.0177632
34 1   0.00337684
34 2   0.00337684
34 3   0.00337684
34 4   0.00337684
34 5   0.00337684
34 6   0.00337684
34 7   0.00337684
34 8   0.00337684
34 9   0.00337684
34 10   0.00337684
34 11   0.00337684
34 12   0.00337684
34 13   0.00337684
34 14   0.00337684
34 15   0.00337684
34 16   0.00337684
34 17   0.00337684
34 18   0.00337684
34 19   0.00337684
34 20   0.00337684
34 21   0.00337684
34 22   0.00337684
34 23   0.00337684
34 24   0.00337684
34 25   0.00337684
34 26   0.00337684
34 27   0.00337684
34 28   0.00337684
34 29   0.00337684
34 30   0.00337684
34 31   0.00337684
34 32   0.00337684
34 33   0.00337684
34 34   0.00337684
34 35   0.00337684
34 36   0.00337684
34 37   0.00337684
34 38   0.00337684
34 39   0.00337684
34 40   0.00337684
35 1   -0.00782586
35 2   -0.00782586
35 3   -0.00782586
35 4   -0.00782586
35 5   -0.00782586
35 6   -0.00782586
35 7   -0.00782586
35 8   -0.00782586
35 9   -0.00782586
35 10   -0.00782586
35 11   -0.00782586
35 12   -0.00782586
35 13   -0.00782586
35 14   -0.00782586
35 15   -0.00782586
35 16   -0.00782586
35 17   -0.00782586
35 18   -0.00782586
35 19   -0.00782586
35 20   -0.00782586
35 21   -0.00782586
35 22   -0.00782586
35 23   -0.00782586
35 24   -0.00782586
35 25   -0.00782586
35 26   -0.00782586
35 27   -0.00782586
35 28   -0.00782586
35 29   -0.00782586
35 30   -0.00782586
35 31   -0.00782586
35 32   -0.00782586
35 33   -0.00782586
35 34   -0.00782586
35 35   -0.00782586
35 36   -0.00782586
35 37   -0.00782586
35 38   -0.00782586
35 39   -0.00782586
35 40   -0.00782586
36 1   -0.0127284
36 2   -0.0127284
36 3   -0.0127284
36 4   -0.0127284
36 5   -0.0127284
36 6   -0.0127284
36 7   -0.0127284
36 8   -0.0127284
36 9   -0.0127284
36 10   -0.0127284
36 11   -0.0127284
36 12   -0.0127284
36 13   -0.0127284
36 14   -0.0127284
36 15   -0.0127284
36 16   -0.0127284
36 17   -0.0127284
36 18   -0.0127284
36 19   -0.0127284
36 20   -0.0127284
36 21   -0.0127284
36 22   -0.0127284
36 23   -0.0127284
36 24   -0.0127284
36 25   -0.0127284
36 26   -0.0127284
36 27   -0.0127284
36 28   -0.0127284
36 29   -0.0127284
36 30   -0.0127284
36 31   -0.0127284
36 32   -0.0127284
36 33   -0.0127284
36 34   -0.0127284
36 35   -0.0127284
36 36   -0.0127284
36 37   -0.0127284
36 38   -0.0127284
36 39   -0.0127284
36 40   -0.0127284
37 1   -0.0103563
37 2   -0.0103563
37 3   -0.0103563
37 4   -0.0103563
37 5   -0.0103563
37 6   -0.0103563
37 7   -0.0103563
37 8   -0.0103563
37 9   -0.0103563
37 10   -0.0103563
37 11   -0.0103563
37 12   -0.0103563
37 13   -0.0103563
37 14   -0.0103563
37 15   -0.0103563
37 16   -0.0103563
37 17   -0.0103563
37 18   -0.0103563
37 19   -0.0103563
37 20   -0.0103563
37 21   -0.0103563
37 22   -0.0103563
37 23   -0.0103563
37 24   -0.0103563
37 25   -0.0103563
37 26   -0.0103563
37 27   -0.0103563
37 28   -0.0103563
37 29   -0.0103563
37 30   -0.0103563
37 31   -0.0103563
37 32   -0.0103563
37 33   -0.0103563
37 34   -0.0103563
37 35   -0.0103563
37 36   -0.0103563
37 37   -0.0103563
37 38   -0.0103563
37 39   -0.0103563
37 40   -0.0103563
38 1   -0.00256946
38 2   -0.00256946
38 3   -0.00256946
38 4   -0.00256946
38 5   -0.00256946
38 6   -0.00256946
38 7   -0.00256946
38 8   -0.00256946
38 9   -0.00256946
38 10   -0.00256946
38 11   -0.00256946
38 12   -0.00256946
38 13   -0.00256946
38 14   -0.00256946
38 15   -0.00256946
38 16   -0.00256946
38 17   -0.00256946
38 18   -0.00256946
38 19   -0.00256946
38 20   -0.00256946
38 21   -0.00256946
38 22   -0.00256946
38 23   -0.00256946
38 24   -0.00256946
38 25   -0.00256946
38 26   -0.00256946
38 27   -0.00256946
38 28   -0.00256946
38 29   -0.00256946
38 30   -0.00256946
38 31   -0.00256946
38 32   -0.00256946
38 33   -0.00256946
38 34   -0.00256946
38 35   -0.00256946
38 36   -0.00256946
38 37   -0.00256946
38 38   -0.00256946
38 39   -0.00256946
38 40   -0.00256946
39 1   0.00658271
39 2   0.00658271
39 3   0.00658271
39 4   0.00658271
39 5   0.00658271
39 6   0.00658271
39 7   0.00658271
39 8   0.00658271
39 9   0.00658271
39 10   0.00658271
39 11   0.00658271
39 12   0.00658271
39 13   0.00658271
39 14   0.00658271
39 15   0.00658271
39 16   0.00658271
39 17   0.00658271
39 18   0.00658271
39 19   0.00658271
39 20   0.00658271
39 21   0.00658271
39 22   0.00658271
39 23   0.00658271
39 24   0.00658271
39 25   0.00658271
39 26   0.00658271
39 27   0.00658271
39 28   0.00658271
39 29   0.00658271
39 30   0.00658271
39 31   0.00658271
39 32   0.00658271
39 33   0.00658271
39 34   0.00658271
39 35   0.00658271
39 36   0.00658271
39 37   0.00658271
39 38   0.00658271
39 39   0.00658271
39 40   0.00658271
40 1   0.0126117
40 2   0.0126117
40 3   0.0126117
40 4   0.0126117
40 5   0.0126117
40 6   0.0126117
40 7   0.0126117
40 8   0.0126117
40 9   0.0126117
40 10   0.0126117
40 11   0.0126117
40 12   0.0126117
40 13   0.0126117
40 14   0.0126117
40 15   0.0126117
40 16   0.0126117
40 17   0.0126117
40 18   0.0126117
40 19   0.0126117
40 20   0.0126117
40 21   0.0126117
40 22   0.0126117
40 23   0.0126117
40 24   0.0126117
40 25   0.0126117
40 26   0.0126117
40 27   0.0126117
40 28   0.0126117
40 29   0.0126117
40 30   0.0126117
40 31   0.0126117
40 32   0.0126117
40 33   0.0126117
40 34   0.0126117
40 35   0.0126117
40 36   0.0126117
40 37   0.0126117
40 38   0.0126117
40 39   0.0126117
40 40   0.0126117
