1 1   0.037029
1 2   0.037029
1 3   0.037029
1 4   0.037029
1 5   0.037029
1 6   0.037029
1 7   0.037029
1 8   0.037029
1 9   0.037029
1 10   0.037029
1 11   0.037029
1 12   0.037029
1 13   0.037029
1 14   0.037029
1 15   0.037029
1 16   0.037029
1 17   0.037029
1 18   0.037029
1 19   0.037029
1 20   0.037029
1 21   0.037029
1 22   0.037029
1 23   0.037029
1 24   0.037029
1 25   0.037029
1 26   0.037029
1 27   0.037029
1 28   0.037029
1 29   0.037029
1 30   0.037029
1 31   0.037029
1 32   0.037029
1 33   0.037029
1 34   0.037029
1 35   0.037029
1 36   0.037029
1 37   0.037029
1 38   0.037029
1 39   0.037029
1 40   0.037029
2 1   0.056051
2 2   0.056051
2 3   0.056051
2 4   0.056051
2 5   0.056051
2 6   0.056051
2 7   0.056051
2 8   0.056051
2 9   0.056051
2 10   0.056051
2 11   0.056051
2 12   0.056051
2 13   0.056051
2 14   0.056051
2 15   0.056051
2 16   0.056051
2 17   0.056051
2 18   0.056051
2 19   0.056051
2 20   0.056051
2 21   0.056051
2 22   0.056051
2 23   0.056051
2 24   0.056051
2 25   0.056051
2 26   0.056051
2 27   0.056051
2 28   0.056051
2 29   0.056051
2 30   0.056051
2 31   0.056051
2 32   0.056051
2 33   0.056051
2 34   0.056051
2 35   0.056051
2 36   0.056051
2 37   0.056051
2 38   0.056051
2 39   0.056051
2 40   0.056051
3 1   0.122487
3 2   0.122487
3 3   0.122487
3 4   0.122487
3 5   0.122487
3 6   0.122487
3 7   0.122487
3 8   0.122487
3 9   0.122487
3 10   0.122487
3 11   0.122487
3 12   0.122487
3 13   0.122487
3 14   0.122487
3 15   0.122487
3 16   0.122487
3 17   0.122487
3 18   0.122487
3 19   0.122487
3 20   0.122487
3 21   0.122487
3 22   0.122487
3 23   0.122487
3 24   0.122487
3 25   0.122487
3 26   0.122487
3 27   0.122487
3 28   0.122487
3 29   0.122487
3 30   0.122487
3 31   0.122487
3 32   0.122487
3 33   0.122487
3 34   0.122487
3 35   0.122487
3 36   0.122487
3 37   0.122487
3 38   0.122487
3 39   0.122487
3 40   0.122487
4 1   0.203768
4 2   0.203768
4 3   0.203768
4 4   0.203768
4 5   0.203768
4 6   0.203768
4 7   0.203768
4 8   0.203768
4 9   0.203768
4 10   0.203768
4 11   0.203768
4 12   0.203768
4 13   0.203768
4 14   0.203768
4 15   0.203768
4 16   0.203768
4 17   0.203768
4 18   0.203768
4 19   0.203768
4 20   0.203768
4 21   0.203768
4 22   0.203768
4 23   0.203768
4 24   0.203768
4 25   0.203768
4 26   0.203768
4 27   0.203768
4 28   0.203768
4 29   0.203768
4 30   0.203768
4 31   0.203768
4 32   0.203768
4 33   0.203768
4 34   0.203768
4 35   0.203768
4 36   0.203768
4 37   0.203768
4 38   0.203768
4 39   0.203768
4 40   0.203768
5 1   0.337164
5 2   0.337164
5 3   0.337164
5 4   0.337164
5 5   0.337164
5 6   0.337164
5 7   0.337164
5 8   0.337164
5 9   0.337164
5 10   0.337164
5 11   0.337164
5 12   0.337164
5 13   0.337164
5 14   0.337164
5 15   0.337164
5 16   0.337164
5 17   0.337164
5 18   0.337164
5 19   0.337164
5 20   0.337164
5 21   0.337164
5 22   0.337164
5 23   0.337164
5 24   0.337164
5 25   0.337164
5 26   0.337164
5 27   0.337164
5 28   0.337164
5 29   0.337164
5 30   0.337164
5 31   0.337164
5 32   0.337164
5 33   0.337164
5 34   0.337164
5 35   0.337164
5 36   0.337164
5 37   0.337164
5 38   0.337164
5 39   0.337164
5 40   0.337164
6 1   0.468208
6 2   0.468208
6 3   0.468208
6 4   0.468208
6 5   0.468208
6 6   0.468208
6 7   0.468208
6 8   0.468208
6 9   0.468208
6 10   0.468208
6 11   0.468208
6 12   0.468208
6 13   0.468208
6 14   0.468208
6 15   0.468208
6 16   0.468208
6 17   0.468208
6 18   0.468208
6 19   0.468208
6 20   0.468208
6 21   0.468208
6 22   0.468208
6 23   0.468208
6 24   0.468208
6 25   0.468208
6 26   0.468208
6 27   0.468208
6 28   0.468208
6 29   0.468208
6 30   0.468208
6 31   0.468208
6 32   0.468208
6 33   0.468208
6 34   0.468208
6 35   0.468208
6 36   0.468208
6 37   0.468208
6 38   0.468208
6 39   0.468208
6 40   0.468208
7 1   0.563591
7 2   0.563591
7 3   0.563591
7 4   0.563591
7 5   0.563591
7 6   0.563591
7 7   0.563591
7 8   0.563591
7 9   0.563591
7 10   0.563591
7 11   0.563591
7 12   0.563591
7 13   0.563591
7 14   0.563591
7 15   0.563591
7 16   0.563591
7 17   0.563591
7 18   0.563591
7 19   0.563591
7 20   0.563591
7 21   0.563591
7 22   0.563591
7 23   0.563591
7 24   0.563591
7 25   0.563591
7 26   0.563591
7 27   0.563591
7 28   0.563591
7 29   0.563591
7 30   0.563591
7 31   0.563591
7 32   0.563591
7 33   0.563591
7 34   0.563591
7 35   0.563591
7 36   0.563591
7 37   0.563591
7 38   0.563591
7 39   0.563591
7 40   0.563591
8 1   0.595149
8 2   0.595149
8 3   0.595149
8 4   0.595149
8 5   0.595149
8 6   0.595149
8 7   0.595149
8 8   0.595149
8 9   0.595149
8 10   0.595149
8 11   0.595149
8 12   0.595149
8 13   0.595149
8 14   0.595149
8 15   0.595149
8 16   0.595149
8 17   0.595149
8 18   0.595149
8 19   0.595149
8 20   0.595149
8 21   0.595149
8 22   0.595149
8 23   0.595149
8 24   0.595149
8 25   0.595149
8 26   0.595149
8 27   0.595149
8 28   0.595149
8 29   0.595149
8 30   0.595149
8 31   0.595149
8 32   0.595149
8 33   0.595149
8 34   0.595149
8 35   0.595149
8 36   0.595149
8 37   0.595149
8 38   0.595149
8 39   0.595149
8 40   0.595149
9 1   0.539383
9 2   0.539383
9 3   0.539383
9 4   0.539383
9 5   0.539383
9 6   0.539383
9 7   0.539383
9 8   0.539383
9 9   0.539383
9 10   0.539383
9 11   0.539383
9 12   0.539383
9 13   0.539383
9 14   0.539383
9 15   0.539383
9 16   0.539383
9 17   0.539383
9 18   0.539383
9 19   0.539383
9 20   0.539383
9 21   0.539383
9 22   0.539383
9 23   0.539383
9 24   0.539383
9 25   0.539383
9 26   0.539383
9 27   0.539383
9 28   0.539383
9 29   0.539383
9 30   0.539383
9 31   0.539383
9 32   0.539383
9 33   0.539383
9 34   0.539383
9 35   0.539383
9 36   0.539383
9 37   0.539383
9 38   0.539383
9 39   0.539383
9 40   0.539383
10 1   0.469042
10 2   0.469042
10 3   0.469042
10 4   0.469042
10 5   0.469042
10 6   0.469042
10 7   0.469042
10 8   0.469042
10 9   0.469042
10 10   0.469042
10 11   0.469042
10 12   0.469042
10 13   0.469042
10 14   0.469042
10 15   0.469042
10 16   0.469042
10 17   0.469042
10 18   0.469042
10 19   0.469042
10 20   0.469042
10 21   0.469042
10 22   0.469042
10 23   0.469042
10 24   0.469042
10 25   0.469042
10 26   0.469042
10 27   0.469042
10 28   0.469042
10 29   0.469042
10 30   0.469042
10 31   0.469042
10 32   0.469042
10 33   0.469042
10 34   0.469042
10 35   0.469042
10 36   0.469042
10 37   0.469042
10 38   0.469042
10 39   0.469042
10 40   0.469042
11 1   0.453418
11 2   0.453418
11 3   0.453418
11 4   0.453418
11 5   0.453418
11 6   0.453418
11 7   0.453418
11 8   0.453418
11 9   0.453418
11 10   0.453418
11 11   0.453418
11 12   0.453418
11 13   0.453418
11 14   0.453418
11 15   0.453418
11 16   0.453418
11 17   0.453418
11 18   0.453418
11 19   0.453418
11 20   0.453418
11 21   0.453418
11 22   0.453418
11 23   0.453418
11 24   0.453418
11 25   0.453418
11 26   0.453418
11 27   0.453418
11 28   0.453418
11 29   0.453418
11 30   0.453418
11 31   0.453418
11 32   0.453418
11 33   0.453418
11 34   0.453418
11 35   0.453418
11 36   0.453418
11 37   0.453418
11 38   0.453418
11 39   0.453418
11 40   0.453418
12 1   0.488935
12 2   0.488935
12 3   0.488935
12 4   0.488935
12 5   0.488935
12 6   0.488935
12 7   0.488935
12 8   0.488935
12 9   0.488935
12 10   0.488935
12 11   0.488935
12 12   0.488935
12 13   0.488935
12 14   0.488935
12 15   0.488935
12 16   0.488935
12 17   0.488935
12 18   0.488935
12 19   0.488935
12 20   0.488935
12 21   0.488935
12 22   0.488935
12 23   0.488935
12 24   0.488935
12 25   0.488935
12 26   0.488935
12 27   0.488935
12 28   0.488935
12 29   0.488935
12 30   0.488935
12 31   0.488935
12 32   0.488935
12 33   0.488935
12 34   0.488935
12 35   0.488935
12 36   0.488935
12 37   0.488935
12 38   0.488935
12 39   0.488935
12 40   0.488935
13 1   0.529265
13 2   0.529265
13 3   0.529265
13 4   0.529265
13 5   0.529265
13 6   0.529265
13 7   0.529265
13 8   0.529265
13 9   0.529265
13 10   0.529265
13 11   0.529265
13 12   0.529265
13 13   0.529265
13 14   0.529265
13 15   0.529265
13 16   0.529265
13 17   0.529265
13 18   0.529265
13 19   0.529265
13 20   0.529265
13 21   0.529265
13 22   0.529265
13 23   0.529265
13 24   0.529265
13 25   0.529265
13 26   0.529265
13 27   0.529265
13 28   0.529265
13 29   0.529265
13 30   0.529265
13 31   0.529265
13 32   0.529265
13 33   0.529265
13 34   0.529265
13 35   0.529265
13 36   0.529265
13 37   0.529265
13 38   0.529265
13 39   0.529265
13 40   0.529265
14 1   0.527865
14 2   0.527865
14 3   0.527865
14 4   0.527865
14 5   0.527865
14 6   0.527865
14 7   0.527865
14 8   0.527865
14 9   0.527865
14 10   0.527865
14 11   0.527865
14 12   0.527865
14 13   0.527865
14 14   0.527865
14 15   0.527865
14 16   0.527865
14 17   0.527865
14 18   0.527865
14 19   0.527865
14 20   0.527865
14 21   0.527865
14 22   0.527865
14 23   0.527865
14 24   0.527865
14 25   0.527865
14 26   0.527865
14 27   0.527865
14 28   0.527865
14 29   0.527865
14 30   0.527865
14 31   0.527865
14 32   0.527865
14 33   0.527865
14 34   0.527865
14 35   0.527865
14 36   0.527865
14 37   0.527865
14 38   0.527865
14 39   0.527865
14 40   0.527865
15 1   0.472767
15 2   0.472767
15 3   0.472767
15 4   0.472767
15 5   0.472767
15 6   0.472767
15 7   0.472767
15 8   0.472767
15 9   0.472767
15 10   0.472767
15 11   0.472767
15 12   0.472767
15 13   0.472767
15 14   0.472767
15 15   0.472767
15 16   0.472767
15 17   0.472767
15 18   0.472767
15 19   0.472767
15 20   0.472767
15 21   0.472767
15 22   0.472767
15 23   0.472767
15 24   0.472767
15 25   0.472767
15 26   0.472767
15 27   0.472767
15 28   0.472767
15 29   0.472767
15 30   0.472767
15 31   0.472767
15 32   0.472767
15 33   0.472767
15 34   0.472767
15 35   0.472767
15 36   0.472767
15 37   0.472767
15 38   0.472767
15 39   0.472767
15 40   0.472767
16 1   0.482581
16 2   0.482581
16 3   0.482581
16 4   0.482581
16 5   0.482581
16 6   0.482581
16 7   0.482581
16 8   0.482581
16 9   0.482581
16 10   0.482581
16 11   0.482581
16 12   0.482581
16 13   0.482581
16 14   0.482581
16 15   0.482581
16 16   0.482581
16 17   0.482581
16 18   0.482581
16 19   0.482581
16 20   0.482581
16 21   0.482581
16 22   0.482581
16 23   0.482581
16 24   0.482581
16 25   0.482581
16 26   0.482581
16 27   0.482581
16 28   0.482581
16 29   0.482581
16 30   0.482581
16 31   0.482581
16 32   0.482581
16 33   0.482581
16 34   0.482581
16 35   0.482581
16 36   0.482581
16 37   0.482581
16 38   0.482581
16 39   0.482581
16 40   0.482581
17 1   0.520099
17 2   0.520099
17 3   0.520099
17 4   0.520099
17 5   0.520099
17 6   0.520099
17 7   0.520099
17 8   0.520099
17 9   0.520099
17 10   0.520099
17 11   0.520099
17 12   0.520099
17 13   0.520099
17 14   0.520099
17 15   0.520099
17 16   0.520099
17 17   0.520099
17 18   0.520099
17 19   0.520099
17 20   0.520099
17 21   0.520099
17 22   0.520099
17 23   0.520099
17 24   0.520099
17 25   0.520099
17 26   0.520099
17 27   0.520099
17 28   0.520099
17 29   0.520099
17 30   0.520099
17 31   0.520099
17 32   0.520099
17 33   0.520099
17 34   0.520099
17 35   0.520099
17 36   0.520099
17 37   0.520099
17 38   0.520099
17 39   0.520099
17 40   0.520099
18 1   0.509878
18 2   0.509878
18 3   0.509878
18 4   0.509878
18 5   0.509878
18 6   0.509878
18 7   0.509878
18 8   0.509878
18 9   0.509878
18 10   0.509878
18 11   0.509878
18 12   0.509878
18 13   0.509878
18 14   0.509878
18 15   0.509878
18 16   0.509878
18 17   0.509878
18 18   0.509878
18 19   0.509878
18 20   0.509878
18 21   0.509878
18 22   0.509878
18 23   0.509878
18 24   0.509878
18 25   0.509878
18 26   0.509878
18 27   0.509878
18 28   0.509878
18 29   0.509878
18 30   0.509878
18 31   0.509878
18 32   0.509878
18 33   0.509878
18 34   0.509878
18 35   0.509878
18 36   0.509878
18 37   0.509878
18 38   0.509878
18 39   0.509878
18 40   0.509878
19 1   0.480448
19 2   0.480448
19 3   0.480448
19 4   0.480448
19 5   0.480448
19 6   0.480448
19 7   0.480448
19 8   0.480448
19 9   0.480448
19 10   0.480448
19 11   0.480448
19 12   0.480448
19 13   0.480448
19 14   0.480448
19 15   0.480448
19 16   0.480448
19 17   0.480448
19 18   0.480448
19 19   0.480448
19 20   0.480448
19 21   0.480448
19 22   0.480448
19 23   0.480448
19 24   0.480448
19 25   0.480448
19 26   0.480448
19 27   0.480448
19 28   0.480448
19 29   0.480448
19 30   0.480448
19 31   0.480448
19 32   0.480448
19 33   0.480448
19 34   0.480448
19 35   0.480448
19 36   0.480448
19 37   0.480448
19 38   0.480448
19 39   0.480448
19 40   0.480448
20 1   0.504963
20 2   0.504963
20 3   0.504963
20 4   0.504963
20 5   0.504963
20 6   0.504963
20 7   0.504963
20 8   0.504963
20 9   0.504963
20 10   0.504963
20 11   0.504963
20 12   0.504963
20 13   0.504963
20 14   0.504963
20 15   0.504963
20 16   0.504963
20 17   0.504963
20 18   0.504963
20 19   0.504963
20 20   0.504963
20 21   0.504963
20 22   0.504963
20 23   0.504963
20 24   0.504963
20 25   0.504963
20 26   0.504963
20 27   0.504963
20 28   0.504963
20 29   0.504963
20 30   0.504963
20 31   0.504963
20 32   0.504963
20 33   0.504963
20 34   0.504963
20 35   0.504963
20 36   0.504963
20 37   0.504963
20 38   0.504963
20 39   0.504963
20 40   0.504963
21 1   0.509135
21 2   0.509135
21 3   0.509135
21 4   0.509135
21 5   0.509135
21 6   0.509135
21 7   0.509135
21 8   0.509135
21 9   0.509135
21 10   0.509135
21 11   0.509135
21 12   0.509135
21 13   0.509135
21 14   0.509135
21 15   0.509135
21 16   0.509135
21 17   0.509135
21 18   0.509135
21 19   0.509135
21 20   0.509135
21 21   0.509135
21 22   0.509135
21 23   0.509135
21 24   0.509135
21 25   0.509135
21 26   0.509135
21 27   0.509135
21 28   0.509135
21 29   0.509135
21 30   0.509135
21 31   0.509135
21 32   0.509135
21 33   0.509135
21 34   0.509135
21 35   0.509135
21 36   0.509135
21 37   0.509135
21 38   0.509135
21 39   0.509135
21 40   0.509135
22 1   0.490997
22 2   0.490997
22 3   0.490997
22 4   0.490997
22 5   0.490997
22 6   0.490997
22 7   0.490997
22 8   0.490997
22 9   0.490997
22 10   0.490997
22 11   0.490997
22 12   0.490997
22 13   0.490997
22 14   0.490997
22 15   0.490997
22 16   0.490997
22 17   0.490997
22 18   0.490997
22 19   0.490997
22 20   0.490997
22 21   0.490997
22 22   0.490997
22 23   0.490997
22 24   0.490997
22 25   0.490997
22 26   0.490997
22 27   0.490997
22 28   0.490997
22 29   0.490997
22 30   0.490997
22 31   0.490997
22 32   0.490997
22 33   0.490997
22 34   0.490997
22 35   0.490997
22 36   0.490997
22 37   0.490997
22 38   0.490997
22 39   0.490997
22 40   0.490997
23 1   0.495049
23 2   0.495049
23 3   0.495049
23 4   0.495049
23 5   0.495049
23 6   0.495049
23 7   0.495049
23 8   0.495049
23 9   0.495049
23 10   0.495049
23 11   0.495049
23 12   0.495049
23 13   0.495049
23 14   0.495049
23 15   0.495049
23 16   0.495049
23 17   0.495049
23 18   0.495049
23 19   0.495049
23 20   0.495049
23 21   0.495049
23 22   0.495049
23 23   0.495049
23 24   0.495049
23 25   0.495049
23 26   0.495049
23 27   0.495049
23 28   0.495049
23 29   0.495049
23 30   0.495049
23 31   0.495049
23 32   0.495049
23 33   0.495049
23 34   0.495049
23 35   0.495049
23 36   0.495049
23 37   0.495049
23 38   0.495049
23 39   0.495049
23 40   0.495049
24 1   0.519768
24 2   0.519768
24 3   0.519768
24 4   0.519768
24 5   0.519768
24 6   0.519768
24 7   0.519768
24 8   0.519768
24 9   0.519768
24 10   0.519768
24 11   0.519768
24 12   0.519768
24 13   0.519768
24 14   0.519768
24 15   0.519768
24 16   0.519768
24 17   0.519768
24 18   0.519768
24 19   0.519768
24 20   0.519768
24 21   0.519768
24 22   0.519768
24 23   0.519768
24 24   0.519768
24 25   0.519768
24 26   0.519768
24 27   0.519768
24 28   0.519768
24 29   0.519768
24 30   0.519768
24 31   0.519768
24 32   0.519768
24 33   0.519768
24 34   0.519768
24 35   0.519768
24 36   0.519768
24 37   0.519768
24 38   0.519768
24 39   0.519768
24 40   0.519768
25 1   0.490127
25 2   0.490127
25 3   0.490127
25 4   0.490127
25 5   0.490127
25 6   0.490127
25 7   0.490127
25 8   0.490127
25 9   0.490127
25 10   0.490127
25 11   0.490127
25 12   0.490127
25 13   0.490127
25 14   0.490127
25 15   0.490127
25 16   0.490127
25 17   0.490127
25 18   0.490127
25 19   0.490127
25 20   0.490127
25 21   0.490127
25 22   0.490127
25 23   0.490127
25 24   0.490127
25 25   0.490127
25 26   0.490127
25 27   0.490127
25 28   0.490127
25 29   0.490127
25 30   0.490127
25 31   0.490127
25 32   0.490127
25 33   0.490127
25 34   0.490127
25 35   0.490127
25 36   0.490127
25 37   0.490127
25 38   0.490127
25 39   0.490127
25 40   0.490127
26 1   0.480002
26 2   0.480002
26 3   0.480002
26 4   0.480002
26 5   0.480002
26 6   0.480002
26 7   0.480002
26 8   0.480002
26 9   0.480002
26 10   0.480002
26 11   0.480002
26 12   0.480002
26 13   0.480002
26 14   0.480002
26 15   0.480002
26 16   0.480002
26 17   0.480002
26 18   0.480002
26 19   0.480002
26 20   0.480002
26 21   0.480002
26 22   0.480002
26 23   0.480002
26 24   0.480002
26 25   0.480002
26 26   0.480002
26 27   0.480002
26 28   0.480002
26 29   0.480002
26 30   0.480002
26 31   0.480002
26 32   0.480002
26 33   0.480002
26 34   0.480002
26 35   0.480002
26 36   0.480002
26 37   0.480002
26 38   0.480002
26 39   0.480002
26 40   0.480002
27 1   0.517707
27 2   0.517707
27 3   0.517707
27 4   0.517707
27 5   0.517707
27 6   0.517707
27 7   0.517707
27 8   0.517707
27 9   0.517707
27 10   0.517707
27 11   0.517707
27 12   0.517707
27 13   0.517707
27 14   0.517707
27 15   0.517707
27 16   0.517707
27 17   0.517707
27 18   0.517707
27 19   0.517707
27 20   0.517707
27 21   0.517707
27 22   0.517707
27 23   0.517707
27 24   0.517707
27 25   0.517707
27 26   0.517707
27 27   0.517707
27 28   0.517707
27 29   0.517707
27 30   0.517707
27 31   0.517707
27 32   0.517707
27 33   0.517707
27 34   0.517707
27 35   0.517707
27 36   0.517707
27 37   0.517707
27 38   0.517707
27 39   0.517707
27 40   0.517707
28 1   0.526845
28 2   0.526845
28 3   0.526845
28 4   0.526845
28 5   0.526845
28 6   0.526845
28 7   0.526845
28 8   0.526845
28 9   0.526845
28 10   0.526845
28 11   0.526845
28 12   0.526845
28 13   0.526845
28 14   0.526845
28 15   0.526845
28 16   0.526845
28 17   0.526845
28 18   0.526845
28 19   0.526845
28 20   0.526845
28 21   0.526845
28 22   0.526845
28 23   0.526845
28 24   0.526845
28 25   0.526845
28 26   0.526845
28 27   0.526845
28 28   0.526845
28 29   0.526845
28 30   0.526845
28 31   0.526845
28 32   0.526845
28 33   0.526845
28 34   0.526845
28 35   0.526845
28 36   0.526845
28 37   0.526845
28 38   0.526845
28 39   0.526845
28 40   0.526845
29 1   0.473141
29 2   0.473141
29 3   0.473141
29 4   0.473141
29 5   0.473141
29 6   0.473141
29 7   0.473141
29 8   0.473141
29 9   0.473141
29 10   0.473141
29 11   0.473141
29 12   0.473141
29 13   0.473141
29 14   0.473141
29 15   0.473141
29 16   0.473141
29 17   0.473141
29 18   0.473141
29 19   0.473141
29 20   0.473141
29 21   0.473141
29 22   0.473141
29 23   0.473141
29 24   0.473141
29 25   0.473141
29 26   0.473141
29 27   0.473141
29 28   0.473141
29 29   0.473141
29 30   0.473141
29 31   0.473141
29 32   0.473141
29 33   0.473141
29 34   0.473141
29 35   0.473141
29 36   0.473141
29 37   0.473141
29 38   0.473141
29 39   0.473141
29 40   0.473141
30 1   0.469407
30 2   0.469407
30 3   0.469407
30 4   0.469407
30 5   0.469407
30 6   0.469407
30 7   0.469407
30 8   0.469407
30 9   0.469407
30 10   0.469407
30 11   0.469407
30 12   0.469407
30 13   0.469407
30 14   0.469407
30 15   0.469407
30 16   0.469407
30 17   0.469407
30 18   0.469407
30 19   0.469407
30 20   0.469407
30 21   0.469407
30 22   0.469407
30 23   0.469407
30 24   0.469407
30 25   0.469407
30 26   0.469407
30 27   0.469407
30 28   0.469407
30 29   0.469407
30 30   0.469407
30 31   0.469407
30 32   0.469407
30 33   0.469407
30 34   0.469407
30 35   0.469407
30 36   0.469407
30 37   0.469407
30 38   0.469407
30 39   0.469407
30 40   0.469407
31 1   0.513173
31 2   0.513173
31 3   0.513173
31 4   0.513173
31 5   0.513173
31 6   0.513173
31 7   0.513173
31 8   0.513173
31 9   0.513173
31 10   0.513173
31 11   0.513173
31 12   0.513173
31 13   0.513173
31 14   0.513173
31 15   0.513173
31 16   0.513173
31 17   0.513173
31 18   0.513173
31 19   0.513173
31 20   0.513173
31 21   0.513173
31 22   0.513173
31 23   0.513173
31 24   0.513173
31 25   0.513173
31 26   0.513173
31 27   0.513173
31 28   0.513173
31 29   0.513173
31 30   0.513173
31 31   0.513173
31 32   0.513173
31 33   0.513173
31 34   0.513173
31 35   0.513173
31 36   0.513173
31 37   0.513173
31 38   0.513173
31 39   0.513173
31 40   0.513173
32 1   0.54411
32 2   0.54411
32 3   0.54411
32 4   0.54411
32 5   0.54411
32 6   0.54411
32 7   0.54411
32 8   0.54411
32 9   0.54411
32 10   0.54411
32 11   0.54411
32 12   0.54411
32 13   0.54411
32 14   0.54411
32 15   0.54411
32 16   0.54411
32 17   0.54411
32 18   0.54411
32 19   0.54411
32 20   0.54411
32 21   0.54411
32 22   0.54411
32 23   0.54411
32 24   0.54411
32 25   0.54411
32 26   0.54411
32 27   0.54411
32 28   0.54411
32 29   0.54411
32 30   0.54411
32 31   0.54411
32 32   0.54411
32 33   0.54411
32 34   0.54411
32 35   0.54411
32 36   0.54411
32 37   0.54411
32 38   0.54411
32 39   0.54411
32 40   0.54411
33 1   0.533996
33 2   0.533996
33 3   0.533996
33 4   0.533996
33 5   0.533996
33 6   0.533996
33 7   0.533996
33 8   0.533996
33 9   0.533996
33 10   0.533996
33 11   0.533996
33 12   0.533996
33 13   0.533996
33 14   0.533996
33 15   0.533996
33 16   0.533996
33 17   0.533996
33 18   0.533996
33 19   0.533996
33 20   0.533996
33 21   0.533996
33 22   0.533996
33 23   0.533996
33 24   0.533996
33 25   0.533996
33 26   0.533996
33 27   0.533996
33 28   0.533996
33 29   0.533996
33 30   0.533996
33 31   0.533996
33 32   0.533996
33 33   0.533996
33 34   0.533996
33 35   0.533996
33 36   0.533996
33 37   0.533996
33 38   0.533996
33 39   0.533996
33 40   0.533996
34 1   0.457568
34 2   0.457568
34 3   0.457568
34 4   0.457568
34 5   0.457568
34 6   0.457568
34 7   0.457568
34 8   0.457568
34 9   0.457568
34 10   0.457568
34 11   0.457568
34 12   0.457568
34 13   0.457568
34 14   0.457568
34 15   0.457568
34 16   0.457568
34 17   0.457568
34 18   0.457568
34 19   0.457568
34 20   0.457568
34 21   0.457568
34 22   0.457568
34 23   0.457568
34 24   0.457568
34 25   0.457568
34 26   0.457568
34 27   0.457568
34 28   0.457568
34 29   0.457568
34 30   0.457568
34 31   0.457568
34 32   0.457568
34 33   0.457568
34 34   0.457568
34 35   0.457568
34 36   0.457568
34 37   0.457568
34 38   0.457568
34 39   0.457568
34 40   0.457568
35 1   0.407203
35 2   0.407203
35 3   0.407203
35 4   0.407203
35 5   0.407203
35 6   0.407203
35 7   0.407203
35 8   0.407203
35 9   0.407203
35 10   0.407203
35 11   0.407203
35 12   0.407203
35 13   0.407203
35 14   0.407203
35 15   0.407203
35 16   0.407203
35 17   0.407203
35 18   0.407203
35 19   0.407203
35 20   0.407203
35 21   0.407203
35 22   0.407203
35 23   0.407203
35 24   0.407203
35 25   0.407203
35 26   0.407203
35 27   0.407203
35 28   0.407203
35 29   0.407203
35 30   0.407203
35 31   0.407203
35 32   0.407203
35 33   0.407203
35 34   0.407203
35 35   0.407203
35 36   0.407203
35 37   0.407203
35 38   0.407203
35 39   0.407203
35 40   0.407203
36 1   0.433705
36 2   0.433705
36 3   0.433705
36 4   0.433705
36 5   0.433705
36 6   0.433705
36 7   0.433705
36 8   0.433705
36 9   0.433705
36 10   0.433705
36 11   0.433705
36 12   0.433705
36 13   0.433705
36 14   0.433705
36 15   0.433705
36 16   0.433705
36 17   0.433705
36 18   0.433705
36 19   0.433705
36 20   0.433705
36 21   0.433705
36 22   0.433705
36 23   0.433705
36 24   0.433705
36 25   0.433705
36 26   0.433705
36 27   0.433705
36 28   0.433705
36 29   0.433705
36 30   0.433705
36 31   0.433705
36 32   0.433705
36 33   0.433705
36 34   0.433705
36 35   0.433705
36 36   0.433705
36 37   0.433705
36 38   0.433705
36 39   0.433705
36 40   0.433705
37 1   0.528164
37 2   0.528164
37 3   0.528164
37 4   0.528164
37 5   0.528164
37 6   0.528164
37 7   0.528164
37 8   0.528164
37 9   0.528164
37 10   0.528164
37 11   0.528164
37 12   0.528164
37 13   0.528164
37 14   0.528164
37 15   0.528164
37 16   0.528164
37 17   0.528164
37 18   0.528164
37 19   0.528164
37 20   0.528164
37 21   0.528164
37 22   0.528164
37 23   0.528164
37 24   0.528164
37 25   0.528164
37 26   0.528164
37 27   0.528164
37 28   0.528164
37 29   0.528164
37 30   0.528164
37 31   0.528164
37 32   0.528164
37 33   0.528164
37 34   0.528164
37 35   0.528164
37 36   0.528164
37 37   0.528164
37 38   0.528164
37 39   0.528164
37 40   0.528164
38 1   0.655091
38 2   0.655091
38 3   0.655091
38 4   0.655091
38 5   0.655091
38 6   0.655091
38 7   0.655091
38 8   0.655091
38 9   0.655091
38 10   0.655091
38 11   0.655091
38 12   0.655091
38 13   0.655091
38 14   0.655091
38 15   0.655091
38 16   0.655091
38 17   0.655091
38 18   0.655091
38 19   0.655091
38 20   0.655091
38 21   0.655091
38 22   0.655091
38 23   0.655091
38 24   0.655091
38 25   0.655091
38 26   0.655091
38 27   0.655091
38 28   0.655091
38 29   0.655091
38 30   0.655091
38 31   0.655091
38 32   0.655091
38 33   0.655091
38 34   0.655091
38 35   0.655091
38 36   0.655091
38 37   0.655091
38 38   0.655091
38 39   0.655091
38 40   0.655091
39 1   0.767414
39 2   0.767414
39 3   0.767414
39 4   0.767414
39 5   0.767414
39 6   0.767414
39 7   0.767414
39 8   0.767414
39 9   0.767414
39 10   0.767414
39 11   0.767414
39 12   0.767414
39 13   0.767414
39 14   0.767414
39 15   0.767414
39 16   0.767414
39 17   0.767414
39 18   0.767414
39 19   0.767414
39 20   0.767414
39 21   0.767414
39 22   0.767414
39 23   0.767414
39 24   0.767414
39 25   0.767414
39 26   0.767414
39 27   0.767414
39 28   0.767414
39 29   0.767414
39 30   0.767414
39 31   0.767414
39 32   0.767414
39 33   0.767414
39 34   0.767414
39 35   0.767414
39 36   0.767414
39 37   0.767414
39 38   0.767414
39 39   0.767414
39 40   0.767414
40 1   0.827406
40 2   0.827406
40 3   0.827406
40 4   0.827406
40 5   0.827406
40 6   0.827406
40 7   0.827406
40 8   0.827406
40 9   0.827406
40 10   0.827406
40 11   0.827406
40 12   0.827406
40 13   0.827406
40 14   0.827406
40 15   0.827406
40 16   0.827406
40 17   0.827406
40 18   0.827406
40 19   0.827406
40 20   0.827406
40 21   0.827406
40 22   0.827406
40 23   0.827406
40 24   0.827406
40 25   0.827406
40 26   0.827406
40 27   0.827406
40 28   0.827406
40 29   0.827406
40 30   0.827406
40 31   0.827406
40 32   0.827406
40 33   0.827406
40 34   0.827406
40 35   0.827406
40 36   0.827406
40 37   0.827406
40 38   0.827406
40 39   0.827406
40 40   0.827406
