1 1   0.0506965
1 2   0.0506965
1 3   0.0506965
1 4   0.0506965
1 5   0.0506965
1 6   0.0506965
1 7   0.0506965
1 8   0.0506965
1 9   0.0506965
1 10   0.0506965
1 11   0.0506965
1 12   0.0506965
1 13   0.0506965
1 14   0.0506965
1 15   0.0506965
1 16   0.0506965
1 17   0.0506965
1 18   0.0506965
1 19   0.0506965
1 20   0.0506965
1 21   0.0506965
1 22   0.0506965
1 23   0.0506965
1 24   0.0506965
1 25   0.0506965
1 26   0.0506965
1 27   0.0506965
1 28   0.0506965
1 29   0.0506965
1 30   0.0506965
1 31   0.0506965
1 32   0.0506965
1 33   0.0506965
1 34   0.0506965
1 35   0.0506965
1 36   0.0506965
1 37   0.0506965
1 38   0.0506965
1 39   0.0506965
1 40   0.0506965
2 1   0.0273998
2 2   0.0273998
2 3   0.0273998
2 4   0.0273998
2 5   0.0273998
2 6   0.0273998
2 7   0.0273998
2 8   0.0273998
2 9   0.0273998
2 10   0.0273998
2 11   0.0273998
2 12   0.0273998
2 13   0.0273998
2 14   0.0273998
2 15   0.0273998
2 16   0.0273998
2 17   0.0273998
2 18   0.0273998
2 19   0.0273998
2 20   0.0273998
2 21   0.0273998
2 22   0.0273998
2 23   0.0273998
2 24   0.0273998
2 25   0.0273998
2 26   0.0273998
2 27   0.0273998
2 28   0.0273998
2 29   0.0273998
2 30   0.0273998
2 31   0.0273998
2 32   0.0273998
2 33   0.0273998
2 34   0.0273998
2 35   0.0273998
2 36   0.0273998
2 37   0.0273998
2 38   0.0273998
2 39   0.0273998
2 40   0.0273998
3 1   -0.0110708
3 2   -0.0110708
3 3   -0.0110708
3 4   -0.0110708
3 5   -0.0110708
3 6   -0.0110708
3 7   -0.0110708
3 8   -0.0110708
3 9   -0.0110708
3 10   -0.0110708
3 11   -0.0110708
3 12   -0.0110708
3 13   -0.0110708
3 14   -0.0110708
3 15   -0.0110708
3 16   -0.0110708
3 17   -0.0110708
3 18   -0.0110708
3 19   -0.0110708
3 20   -0.0110708
3 21   -0.0110708
3 22   -0.0110708
3 23   -0.0110708
3 24   -0.0110708
3 25   -0.0110708
3 26   -0.0110708
3 27   -0.0110708
3 28   -0.0110708
3 29   -0.0110708
3 30   -0.0110708
3 31   -0.0110708
3 32   -0.0110708
3 33   -0.0110708
3 34   -0.0110708
3 35   -0.0110708
3 36   -0.0110708
3 37   -0.0110708
3 38   -0.0110708
3 39   -0.0110708
3 40   -0.0110708
4 1   -0.0505556
4 2   -0.0505556
4 3   -0.0505556
4 4   -0.0505556
4 5   -0.0505556
4 6   -0.0505556
4 7   -0.0505556
4 8   -0.0505556
4 9   -0.0505556
4 10   -0.0505556
4 11   -0.0505556
4 12   -0.0505556
4 13   -0.0505556
4 14   -0.0505556
4 15   -0.0505556
4 16   -0.0505556
4 17   -0.0505556
4 18   -0.0505556
4 19   -0.0505556
4 20   -0.0505556
4 21   -0.0505556
4 22   -0.0505556
4 23   -0.0505556
4 24   -0.0505556
4 25   -0.0505556
4 26   -0.0505556
4 27   -0.0505556
4 28   -0.0505556
4 29   -0.0505556
4 30   -0.0505556
4 31   -0.0505556
4 32   -0.0505556
4 33   -0.0505556
4 34   -0.0505556
4 35   -0.0505556
4 36   -0.0505556
4 37   -0.0505556
4 38   -0.0505556
4 39   -0.0505556
4 40   -0.0505556
5 1   -0.0755307
5 2   -0.0755307
5 3   -0.0755307
5 4   -0.0755307
5 5   -0.0755307
5 6   -0.0755307
5 7   -0.0755307
5 8   -0.0755307
5 9   -0.0755307
5 10   -0.0755307
5 11   -0.0755307
5 12   -0.0755307
5 13   -0.0755307
5 14   -0.0755307
5 15   -0.0755307
5 16   -0.0755307
5 17   -0.0755307
5 18   -0.0755307
5 19   -0.0755307
5 20   -0.0755307
5 21   -0.0755307
5 22   -0.0755307
5 23   -0.0755307
5 24   -0.0755307
5 25   -0.0755307
5 26   -0.0755307
5 27   -0.0755307
5 28   -0.0755307
5 29   -0.0755307
5 30   -0.0755307
5 31   -0.0755307
5 32   -0.0755307
5 33   -0.0755307
5 34   -0.0755307
5 35   -0.0755307
5 36   -0.0755307
5 37   -0.0755307
5 38   -0.0755307
5 39   -0.0755307
5 40   -0.0755307
6 1   -0.0753726
6 2   -0.0753726
6 3   -0.0753726
6 4   -0.0753726
6 5   -0.0753726
6 6   -0.0753726
6 7   -0.0753726
6 8   -0.0753726
6 9   -0.0753726
6 10   -0.0753726
6 11   -0.0753726
6 12   -0.0753726
6 13   -0.0753726
6 14   -0.0753726
6 15   -0.0753726
6 16   -0.0753726
6 17   -0.0753726
6 18   -0.0753726
6 19   -0.0753726
6 20   -0.0753726
6 21   -0.0753726
6 22   -0.0753726
6 23   -0.0753726
6 24   -0.0753726
6 25   -0.0753726
6 26   -0.0753726
6 27   -0.0753726
6 28   -0.0753726
6 29   -0.0753726
6 30   -0.0753726
6 31   -0.0753726
6 32   -0.0753726
6 33   -0.0753726
6 34   -0.0753726
6 35   -0.0753726
6 36   -0.0753726
6 37   -0.0753726
6 38   -0.0753726
6 39   -0.0753726
6 40   -0.0753726
7 1   -0.048737
7 2   -0.048737
7 3   -0.048737
7 4   -0.048737
7 5   -0.048737
7 6   -0.048737
7 7   -0.048737
7 8   -0.048737
7 9   -0.048737
7 10   -0.048737
7 11   -0.048737
7 12   -0.048737
7 13   -0.048737
7 14   -0.048737
7 15   -0.048737
7 16   -0.048737
7 17   -0.048737
7 18   -0.048737
7 19   -0.048737
7 20   -0.048737
7 21   -0.048737
7 22   -0.048737
7 23   -0.048737
7 24   -0.048737
7 25   -0.048737
7 26   -0.048737
7 27   -0.048737
7 28   -0.048737
7 29   -0.048737
7 30   -0.048737
7 31   -0.048737
7 32   -0.048737
7 33   -0.048737
7 34   -0.048737
7 35   -0.048737
7 36   -0.048737
7 37   -0.048737
7 38   -0.048737
7 39   -0.048737
7 40   -0.048737
8 1   -0.00260583
8 2   -0.00260583
8 3   -0.00260583
8 4   -0.00260583
8 5   -0.00260583
8 6   -0.00260583
8 7   -0.00260583
8 8   -0.00260583
8 9   -0.00260583
8 10   -0.00260583
8 11   -0.00260583
8 12   -0.00260583
8 13   -0.00260583
8 14   -0.00260583
8 15   -0.00260583
8 16   -0.00260583
8 17   -0.00260583
8 18   -0.00260583
8 19   -0.00260583
8 20   -0.00260583
8 21   -0.00260583
8 22   -0.00260583
8 23   -0.00260583
8 24   -0.00260583
8 25   -0.00260583
8 26   -0.00260583
8 27   -0.00260583
8 28   -0.00260583
8 29   -0.00260583
8 30   -0.00260583
8 31   -0.00260583
8 32   -0.00260583
8 33   -0.00260583
8 34   -0.00260583
8 35   -0.00260583
8 36   -0.00260583
8 37   -0.00260583
8 38   -0.00260583
8 39   -0.00260583
8 40   -0.00260583
9 1   0.0533983
9 2   0.0533983
9 3   0.0533983
9 4   0.0533983
9 5   0.0533983
9 6   0.0533983
9 7   0.0533983
9 8   0.0533983
9 9   0.0533983
9 10   0.0533983
9 11   0.0533983
9 12   0.0533983
9 13   0.0533983
9 14   0.0533983
9 15   0.0533983
9 16   0.0533983
9 17   0.0533983
9 18   0.0533983
9 19   0.0533983
9 20   0.0533983
9 21   0.0533983
9 22   0.0533983
9 23   0.0533983
9 24   0.0533983
9 25   0.0533983
9 26   0.0533983
9 27   0.0533983
9 28   0.0533983
9 29   0.0533983
9 30   0.0533983
9 31   0.0533983
9 32   0.0533983
9 33   0.0533983
9 34   0.0533983
9 35   0.0533983
9 36   0.0533983
9 37   0.0533983
9 38   0.0533983
9 39   0.0533983
9 40   0.0533983
10 1   0.112631
10 2   0.112631
10 3   0.112631
10 4   0.112631
10 5   0.112631
10 6   0.112631
10 7   0.112631
10 8   0.112631
10 9   0.112631
10 10   0.112631
10 11   0.112631
10 12   0.112631
10 13   0.112631
10 14   0.112631
10 15   0.112631
10 16   0.112631
10 17   0.112631
10 18   0.112631
10 19   0.112631
10 20   0.112631
10 21   0.112631
10 22   0.112631
10 23   0.112631
10 24   0.112631
10 25   0.112631
10 26   0.112631
10 27   0.112631
10 28   0.112631
10 29   0.112631
10 30   0.112631
10 31   0.112631
10 32   0.112631
10 33   0.112631
10 34   0.112631
10 35   0.112631
10 36   0.112631
10 37   0.112631
10 38   0.112631
10 39   0.112631
10 40   0.112631
11 1   0.172777
11 2   0.172777
11 3   0.172777
11 4   0.172777
11 5   0.172777
11 6   0.172777
11 7   0.172777
11 8   0.172777
11 9   0.172777
11 10   0.172777
11 11   0.172777
11 12   0.172777
11 13   0.172777
11 14   0.172777
11 15   0.172777
11 16   0.172777
11 17   0.172777
11 18   0.172777
11 19   0.172777
11 20   0.172777
11 21   0.172777
11 22   0.172777
11 23   0.172777
11 24   0.172777
11 25   0.172777
11 26   0.172777
11 27   0.172777
11 28   0.172777
11 29   0.172777
11 30   0.172777
11 31   0.172777
11 32   0.172777
11 33   0.172777
11 34   0.172777
11 35   0.172777
11 36   0.172777
11 37   0.172777
11 38   0.172777
11 39   0.172777
11 40   0.172777
12 1   0.233332
12 2   0.233332
12 3   0.233332
12 4   0.233332
12 5   0.233332
12 6   0.233332
12 7   0.233332
12 8   0.233332
12 9   0.233332
12 10   0.233332
12 11   0.233332
12 12   0.233332
12 13   0.233332
12 14   0.233332
12 15   0.233332
12 16   0.233332
12 17   0.233332
12 18   0.233332
12 19   0.233332
12 20   0.233332
12 21   0.233332
12 22   0.233332
12 23   0.233332
12 24   0.233332
12 25   0.233332
12 26   0.233332
12 27   0.233332
12 28   0.233332
12 29   0.233332
12 30   0.233332
12 31   0.233332
12 32   0.233332
12 33   0.233332
12 34   0.233332
12 35   0.233332
12 36   0.233332
12 37   0.233332
12 38   0.233332
12 39   0.233332
12 40   0.233332
13 1   0.292654
13 2   0.292654
13 3   0.292654
13 4   0.292654
13 5   0.292654
13 6   0.292654
13 7   0.292654
13 8   0.292654
13 9   0.292654
13 10   0.292654
13 11   0.292654
13 12   0.292654
13 13   0.292654
13 14   0.292654
13 15   0.292654
13 16   0.292654
13 17   0.292654
13 18   0.292654
13 19   0.292654
13 20   0.292654
13 21   0.292654
13 22   0.292654
13 23   0.292654
13 24   0.292654
13 25   0.292654
13 26   0.292654
13 27   0.292654
13 28   0.292654
13 29   0.292654
13 30   0.292654
13 31   0.292654
13 32   0.292654
13 33   0.292654
13 34   0.292654
13 35   0.292654
13 36   0.292654
13 37   0.292654
13 38   0.292654
13 39   0.292654
13 40   0.292654
14 1   0.347085
14 2   0.347085
14 3   0.347085
14 4   0.347085
14 5   0.347085
14 6   0.347085
14 7   0.347085
14 8   0.347085
14 9   0.347085
14 10   0.347085
14 11   0.347085
14 12   0.347085
14 13   0.347085
14 14   0.347085
14 15   0.347085
14 16   0.347085
14 17   0.347085
14 18   0.347085
14 19   0.347085
14 20   0.347085
14 21   0.347085
14 22   0.347085
14 23   0.347085
14 24   0.347085
14 25   0.347085
14 26   0.347085
14 27   0.347085
14 28   0.347085
14 29   0.347085
14 30   0.347085
14 31   0.347085
14 32   0.347085
14 33   0.347085
14 34   0.347085
14 35   0.347085
14 36   0.347085
14 37   0.347085
14 38   0.347085
14 39   0.347085
14 40   0.347085
15 1   0.392372
15 2   0.392372
15 3   0.392372
15 4   0.392372
15 5   0.392372
15 6   0.392372
15 7   0.392372
15 8   0.392372
15 9   0.392372
15 10   0.392372
15 11   0.392372
15 12   0.392372
15 13   0.392372
15 14   0.392372
15 15   0.392372
15 16   0.392372
15 17   0.392372
15 18   0.392372
15 19   0.392372
15 20   0.392372
15 21   0.392372
15 22   0.392372
15 23   0.392372
15 24   0.392372
15 25   0.392372
15 26   0.392372
15 27   0.392372
15 28   0.392372
15 29   0.392372
15 30   0.392372
15 31   0.392372
15 32   0.392372
15 33   0.392372
15 34   0.392372
15 35   0.392372
15 36   0.392372
15 37   0.392372
15 38   0.392372
15 39   0.392372
15 40   0.392372
16 1   0.426157
16 2   0.426157
16 3   0.426157
16 4   0.426157
16 5   0.426157
16 6   0.426157
16 7   0.426157
16 8   0.426157
16 9   0.426157
16 10   0.426157
16 11   0.426157
16 12   0.426157
16 13   0.426157
16 14   0.426157
16 15   0.426157
16 16   0.426157
16 17   0.426157
16 18   0.426157
16 19   0.426157
16 20   0.426157
16 21   0.426157
16 22   0.426157
16 23   0.426157
16 24   0.426157
16 25   0.426157
16 26   0.426157
16 27   0.426157
16 28   0.426157
16 29   0.426157
16 30   0.426157
16 31   0.426157
16 32   0.426157
16 33   0.426157
16 34   0.426157
16 35   0.426157
16 36   0.426157
16 37   0.426157
16 38   0.426157
16 39   0.426157
16 40   0.426157
17 1   0.449545
17 2   0.449545
17 3   0.449545
17 4   0.449545
17 5   0.449545
17 6   0.449545
17 7   0.449545
17 8   0.449545
17 9   0.449545
17 10   0.449545
17 11   0.449545
17 12   0.449545
17 13   0.449545
17 14   0.449545
17 15   0.449545
17 16   0.449545
17 17   0.449545
17 18   0.449545
17 19   0.449545
17 20   0.449545
17 21   0.449545
17 22   0.449545
17 23   0.449545
17 24   0.449545
17 25   0.449545
17 26   0.449545
17 27   0.449545
17 28   0.449545
17 29   0.449545
17 30   0.449545
17 31   0.449545
17 32   0.449545
17 33   0.449545
17 34   0.449545
17 35   0.449545
17 36   0.449545
17 37   0.449545
17 38   0.449545
17 39   0.449545
17 40   0.449545
18 1   0.466141
18 2   0.466141
18 3   0.466141
18 4   0.466141
18 5   0.466141
18 6   0.466141
18 7   0.466141
18 8   0.466141
18 9   0.466141
18 10   0.466141
18 11   0.466141
18 12   0.466141
18 13   0.466141
18 14   0.466141
18 15   0.466141
18 16   0.466141
18 17   0.466141
18 18   0.466141
18 19   0.466141
18 20   0.466141
18 21   0.466141
18 22   0.466141
18 23   0.466141
18 24   0.466141
18 25   0.466141
18 26   0.466141
18 27   0.466141
18 28   0.466141
18 29   0.466141
18 30   0.466141
18 31   0.466141
18 32   0.466141
18 33   0.466141
18 34   0.466141
18 35   0.466141
18 36   0.466141
18 37   0.466141
18 38   0.466141
18 39   0.466141
18 40   0.466141
19 1   0.479187
19 2   0.479187
19 3   0.479187
19 4   0.479187
19 5   0.479187
19 6   0.479187
19 7   0.479187
19 8   0.479187
19 9   0.479187
19 10   0.479187
19 11   0.479187
19 12   0.479187
19 13   0.479187
19 14   0.479187
19 15   0.479187
19 16   0.479187
19 17   0.479187
19 18   0.479187
19 19   0.479187
19 20   0.479187
19 21   0.479187
19 22   0.479187
19 23   0.479187
19 24   0.479187
19 25   0.479187
19 26   0.479187
19 27   0.479187
19 28   0.479187
19 29   0.479187
19 30   0.479187
19 31   0.479187
19 32   0.479187
19 33   0.479187
19 34   0.479187
19 35   0.479187
19 36   0.479187
19 37   0.479187
19 38   0.479187
19 39   0.479187
19 40   0.479187
20 1   0.489636
20 2   0.489636
20 3   0.489636
20 4   0.489636
20 5   0.489636
20 6   0.489636
20 7   0.489636
20 8   0.489636
20 9   0.489636
20 10   0.489636
20 11   0.489636
20 12   0.489636
20 13   0.489636
20 14   0.489636
20 15   0.489636
20 16   0.489636
20 17   0.489636
20 18   0.489636
20 19   0.489636
20 20   0.489636
20 21   0.489636
20 22   0.489636
20 23   0.489636
20 24   0.489636
20 25   0.489636
20 26   0.489636
20 27   0.489636
20 28   0.489636
20 29   0.489636
20 30   0.489636
20 31   0.489636
20 32   0.489636
20 33   0.489636
20 34   0.489636
20 35   0.489636
20 36   0.489636
20 37   0.489636
20 38   0.489636
20 39   0.489636
20 40   0.489636
21 1   0.49711
21 2   0.49711
21 3   0.49711
21 4   0.49711
21 5   0.49711
21 6   0.49711
21 7   0.49711
21 8   0.49711
21 9   0.49711
21 10   0.49711
21 11   0.49711
21 12   0.49711
21 13   0.49711
21 14   0.49711
21 15   0.49711
21 16   0.49711
21 17   0.49711
21 18   0.49711
21 19   0.49711
21 20   0.49711
21 21   0.49711
21 22   0.49711
21 23   0.49711
21 24   0.49711
21 25   0.49711
21 26   0.49711
21 27   0.49711
21 28   0.49711
21 29   0.49711
21 30   0.49711
21 31   0.49711
21 32   0.49711
21 33   0.49711
21 34   0.49711
21 35   0.49711
21 36   0.49711
21 37   0.49711
21 38   0.49711
21 39   0.49711
21 40   0.49711
22 1   0.502402
22 2   0.502402
22 3   0.502402
22 4   0.502402
22 5   0.502402
22 6   0.502402
22 7   0.502402
22 8   0.502402
22 9   0.502402
22 10   0.502402
22 11   0.502402
22 12   0.502402
22 13   0.502402
22 14   0.502402
22 15   0.502402
22 16   0.502402
22 17   0.502402
22 18   0.502402
22 19   0.502402
22 20   0.502402
22 21   0.502402
22 22   0.502402
22 23   0.502402
22 24   0.502402
22 25   0.502402
22 26   0.502402
22 27   0.502402
22 28   0.502402
22 29   0.502402
22 30   0.502402
22 31   0.502402
22 32   0.502402
22 33   0.502402
22 34   0.502402
22 35   0.502402
22 36   0.502402
22 37   0.502402
22 38   0.502402
22 39   0.502402
22 40   0.502402
23 1   0.508481
23 2   0.508481
23 3   0.508481
23 4   0.508481
23 5   0.508481
23 6   0.508481
23 7   0.508481
23 8   0.508481
23 9   0.508481
23 10   0.508481
23 11   0.508481
23 12   0.508481
23 13   0.508481
23 14   0.508481
23 15   0.508481
23 16   0.508481
23 17   0.508481
23 18   0.508481
23 19   0.508481
23 20   0.508481
23 21   0.508481
23 22   0.508481
23 23   0.508481
23 24   0.508481
23 25   0.508481
23 26   0.508481
23 27   0.508481
23 28   0.508481
23 29   0.508481
23 30   0.508481
23 31   0.508481
23 32   0.508481
23 33   0.508481
23 34   0.508481
23 35   0.508481
23 36   0.508481
23 37   0.508481
23 38   0.508481
23 39   0.508481
23 40   0.508481
24 1   0.518839
24 2   0.518839
24 3   0.518839
24 4   0.518839
24 5   0.518839
24 6   0.518839
24 7   0.518839
24 8   0.518839
24 9   0.518839
24 10   0.518839
24 11   0.518839
24 12   0.518839
24 13   0.518839
24 14   0.518839
24 15   0.518839
24 16   0.518839
24 17   0.518839
24 18   0.518839
24 19   0.518839
24 20   0.518839
24 21   0.518839
24 22   0.518839
24 23   0.518839
24 24   0.518839
24 25   0.518839
24 26   0.518839
24 27   0.518839
24 28   0.518839
24 29   0.518839
24 30   0.518839
24 31   0.518839
24 32   0.518839
24 33   0.518839
24 34   0.518839
24 35   0.518839
24 36   0.518839
24 37   0.518839
24 38   0.518839
24 39   0.518839
24 40   0.518839
25 1   0.535093
25 2   0.535093
25 3   0.535093
25 4   0.535093
25 5   0.535093
25 6   0.535093
25 7   0.535093
25 8   0.535093
25 9   0.535093
25 10   0.535093
25 11   0.535093
25 12   0.535093
25 13   0.535093
25 14   0.535093
25 15   0.535093
25 16   0.535093
25 17   0.535093
25 18   0.535093
25 19   0.535093
25 20   0.535093
25 21   0.535093
25 22   0.535093
25 23   0.535093
25 24   0.535093
25 25   0.535093
25 26   0.535093
25 27   0.535093
25 28   0.535093
25 29   0.535093
25 30   0.535093
25 31   0.535093
25 32   0.535093
25 33   0.535093
25 34   0.535093
25 35   0.535093
25 36   0.535093
25 37   0.535093
25 38   0.535093
25 39   0.535093
25 40   0.535093
26 1   0.556367
26 2   0.556367
26 3   0.556367
26 4   0.556367
26 5   0.556367
26 6   0.556367
26 7   0.556367
26 8   0.556367
26 9   0.556367
26 10   0.556367
26 11   0.556367
26 12   0.556367
26 13   0.556367
26 14   0.556367
26 15   0.556367
26 16   0.556367
26 17   0.556367
26 18   0.556367
26 19   0.556367
26 20   0.556367
26 21   0.556367
26 22   0.556367
26 23   0.556367
26 24   0.556367
26 25   0.556367
26 26   0.556367
26 27   0.556367
26 28   0.556367
26 29   0.556367
26 30   0.556367
26 31   0.556367
26 32   0.556367
26 33   0.556367
26 34   0.556367
26 35   0.556367
26 36   0.556367
26 37   0.556367
26 38   0.556367
26 39   0.556367
26 40   0.556367
27 1   0.581022
27 2   0.581022
27 3   0.581022
27 4   0.581022
27 5   0.581022
27 6   0.581022
27 7   0.581022
27 8   0.581022
27 9   0.581022
27 10   0.581022
27 11   0.581022
27 12   0.581022
27 13   0.581022
27 14   0.581022
27 15   0.581022
27 16   0.581022
27 17   0.581022
27 18   0.581022
27 19   0.581022
27 20   0.581022
27 21   0.581022
27 22   0.581022
27 23   0.581022
27 24   0.581022
27 25   0.581022
27 26   0.581022
27 27   0.581022
27 28   0.581022
27 29   0.581022
27 30   0.581022
27 31   0.581022
27 32   0.581022
27 33   0.581022
27 34   0.581022
27 35   0.581022
27 36   0.581022
27 37   0.581022
27 38   0.581022
27 39   0.581022
27 40   0.581022
28 1   0.60931
28 2   0.60931
28 3   0.60931
28 4   0.60931
28 5   0.60931
28 6   0.60931
28 7   0.60931
28 8   0.60931
28 9   0.60931
28 10   0.60931
28 11   0.60931
28 12   0.60931
28 13   0.60931
28 14   0.60931
28 15   0.60931
28 16   0.60931
28 17   0.60931
28 18   0.60931
28 19   0.60931
28 20   0.60931
28 21   0.60931
28 22   0.60931
28 23   0.60931
28 24   0.60931
28 25   0.60931
28 26   0.60931
28 27   0.60931
28 28   0.60931
28 29   0.60931
28 30   0.60931
28 31   0.60931
28 32   0.60931
28 33   0.60931
28 34   0.60931
28 35   0.60931
28 36   0.60931
28 37   0.60931
28 38   0.60931
28 39   0.60931
28 40   0.60931
29 1   0.644828
29 2   0.644828
29 3   0.644828
29 4   0.644828
29 5   0.644828
29 6   0.644828
29 7   0.644828
29 8   0.644828
29 9   0.644828
29 10   0.644828
29 11   0.644828
29 12   0.644828
29 13   0.644828
29 14   0.644828
29 15   0.644828
29 16   0.644828
29 17   0.644828
29 18   0.644828
29 19   0.644828
29 20   0.644828
29 21   0.644828
29 22   0.644828
29 23   0.644828
29 24   0.644828
29 25   0.644828
29 26   0.644828
29 27   0.644828
29 28   0.644828
29 29   0.644828
29 30   0.644828
29 31   0.644828
29 32   0.644828
29 33   0.644828
29 34   0.644828
29 35   0.644828
29 36   0.644828
29 37   0.644828
29 38   0.644828
29 39   0.644828
29 40   0.644828
30 1   0.693001
30 2   0.693001
30 3   0.693001
30 4   0.693001
30 5   0.693001
30 6   0.693001
30 7   0.693001
30 8   0.693001
30 9   0.693001
30 10   0.693001
30 11   0.693001
30 12   0.693001
30 13   0.693001
30 14   0.693001
30 15   0.693001
30 16   0.693001
30 17   0.693001
30 18   0.693001
30 19   0.693001
30 20   0.693001
30 21   0.693001
30 22   0.693001
30 23   0.693001
30 24   0.693001
30 25   0.693001
30 26   0.693001
30 27   0.693001
30 28   0.693001
30 29   0.693001
30 30   0.693001
30 31   0.693001
30 32   0.693001
30 33   0.693001
30 34   0.693001
30 35   0.693001
30 36   0.693001
30 37   0.693001
30 38   0.693001
30 39   0.693001
30 40   0.693001
31 1   0.756646
31 2   0.756646
31 3   0.756646
31 4   0.756646
31 5   0.756646
31 6   0.756646
31 7   0.756646
31 8   0.756646
31 9   0.756646
31 10   0.756646
31 11   0.756646
31 12   0.756646
31 13   0.756646
31 14   0.756646
31 15   0.756646
31 16   0.756646
31 17   0.756646
31 18   0.756646
31 19   0.756646
31 20   0.756646
31 21   0.756646
31 22   0.756646
31 23   0.756646
31 24   0.756646
31 25   0.756646
31 26   0.756646
31 27   0.756646
31 28   0.756646
31 29   0.756646
31 30   0.756646
31 31   0.756646
31 32   0.756646
31 33   0.756646
31 34   0.756646
31 35   0.756646
31 36   0.756646
31 37   0.756646
31 38   0.756646
31 39   0.756646
31 40   0.756646
32 1   0.831741
32 2   0.831741
32 3   0.831741
32 4   0.831741
32 5   0.831741
32 6   0.831741
32 7   0.831741
32 8   0.831741
32 9   0.831741
32 10   0.831741
32 11   0.831741
32 12   0.831741
32 13   0.831741
32 14   0.831741
32 15   0.831741
32 16   0.831741
32 17   0.831741
32 18   0.831741
32 19   0.831741
32 20   0.831741
32 21   0.831741
32 22   0.831741
32 23   0.831741
32 24   0.831741
32 25   0.831741
32 26   0.831741
32 27   0.831741
32 28   0.831741
32 29   0.831741
32 30   0.831741
32 31   0.831741
32 32   0.831741
32 33   0.831741
32 34   0.831741
32 35   0.831741
32 36   0.831741
32 37   0.831741
32 38   0.831741
32 39   0.831741
32 40   0.831741
33 1   0.907571
33 2   0.907571
33 3   0.907571
33 4   0.907571
33 5   0.907571
33 6   0.907571
33 7   0.907571
33 8   0.907571
33 9   0.907571
33 10   0.907571
33 11   0.907571
33 12   0.907571
33 13   0.907571
33 14   0.907571
33 15   0.907571
33 16   0.907571
33 17   0.907571
33 18   0.907571
33 19   0.907571
33 20   0.907571
33 21   0.907571
33 22   0.907571
33 23   0.907571
33 24   0.907571
33 25   0.907571
33 26   0.907571
33 27   0.907571
33 28   0.907571
33 29   0.907571
33 30   0.907571
33 31   0.907571
33 32   0.907571
33 33   0.907571
33 34   0.907571
33 35   0.907571
33 36   0.907571
33 37   0.907571
33 38   0.907571
33 39   0.907571
33 40   0.907571
34 1   0.971776
34 2   0.971776
34 3   0.971776
34 4   0.971776
34 5   0.971776
34 6   0.971776
34 7   0.971776
34 8   0.971776
34 9   0.971776
34 10   0.971776
34 11   0.971776
34 12   0.971776
34 13   0.971776
34 14   0.971776
34 15   0.971776
34 16   0.971776
34 17   0.971776
34 18   0.971776
34 19   0.971776
34 20   0.971776
34 21   0.971776
34 22   0.971776
34 23   0.971776
34 24   0.971776
34 25   0.971776
34 26   0.971776
34 27   0.971776
34 28   0.971776
34 29   0.971776
34 30   0.971776
34 31   0.971776
34 32   0.971776
34 33   0.971776
34 34   0.971776
34 35   0.971776
34 36   0.971776
34 37   0.971776
34 38   0.971776
34 39   0.971776
34 40   0.971776
35 1   1.01608
35 2   1.01608
35 3   1.01608
35 4   1.01608
35 5   1.01608
35 6   1.01608
35 7   1.01608
35 8   1.01608
35 9   1.01608
35 10   1.01608
35 11   1.01608
35 12   1.01608
35 13   1.01608
35 14   1.01608
35 15   1.01608
35 16   1.01608
35 17   1.01608
35 18   1.01608
35 19   1.01608
35 20   1.01608
35 21   1.01608
35 22   1.01608
35 23   1.01608
35 24   1.01608
35 25   1.01608
35 26   1.01608
35 27   1.01608
35 28   1.01608
35 29   1.01608
35 30   1.01608
35 31   1.01608
35 32   1.01608
35 33   1.01608
35 34   1.01608
35 35   1.01608
35 36   1.01608
35 37   1.01608
35 38   1.01608
35 39   1.01608
35 40   1.01608
36 1   1.03848
36 2   1.03848
36 3   1.03848
36 4   1.03848
36 5   1.03848
36 6   1.03848
36 7   1.03848
36 8   1.03848
36 9   1.03848
36 10   1.03848
36 11   1.03848
36 12   1.03848
36 13   1.03848
36 14   1.03848
36 15   1.03848
36 16   1.03848
36 17   1.03848
36 18   1.03848
36 19   1.03848
36 20   1.03848
36 21   1.03848
36 22   1.03848
36 23   1.03848
36 24   1.03848
36 25   1.03848
36 26   1.03848
36 27   1.03848
36 28   1.03848
36 29   1.03848
36 30   1.03848
36 31   1.03848
36 32   1.03848
36 33   1.03848
36 34   1.03848
36 35   1.03848
36 36   1.03848
36 37   1.03848
36 38   1.03848
36 39   1.03848
36 40   1.03848
37 1   1.042
37 2   1.042
37 3   1.042
37 4   1.042
37 5   1.042
37 6   1.042
37 7   1.042
37 8   1.042
37 9   1.042
37 10   1.042
37 11   1.042
37 12   1.042
37 13   1.042
37 14   1.042
37 15   1.042
37 16   1.042
37 17   1.042
37 18   1.042
37 19   1.042
37 20   1.042
37 21   1.042
37 22   1.042
37 23   1.042
37 24   1.042
37 25   1.042
37 26   1.042
37 27   1.042
37 28   1.042
37 29   1.042
37 30   1.042
37 31   1.042
37 32   1.042
37 33   1.042
37 34   1.042
37 35   1.042
37 36   1.042
37 37   1.042
37 38   1.042
37 39   1.042
37 40   1.042
38 1   1.03288
38 2   1.03288
38 3   1.03288
38 4   1.03288
38 5   1.03288
38 6   1.03288
38 7   1.03288
38 8   1.03288
38 9   1.03288
38 10   1.03288
38 11   1.03288
38 12   1.03288
38 13   1.03288
38 14   1.03288
38 15   1.03288
38 16   1.03288
38 17   1.03288
38 18   1.03288
38 19   1.03288
38 20   1.03288
38 21   1.03288
38 22   1.03288
38 23   1.03288
38 24   1.03288
38 25   1.03288
38 26   1.03288
38 27   1.03288
38 28   1.03288
38 29   1.03288
38 30   1.03288
38 31   1.03288
38 32   1.03288
38 33   1.03288
38 34   1.03288
38 35   1.03288
38 36   1.03288
38 37   1.03288
38 38   1.03288
38 39   1.03288
38 40   1.03288
39 1   1.0194
39 2   1.0194
39 3   1.0194
39 4   1.0194
39 5   1.0194
39 6   1.0194
39 7   1.0194
39 8   1.0194
39 9   1.0194
39 10   1.0194
39 11   1.0194
39 12   1.0194
39 13   1.0194
39 14   1.0194
39 15   1.0194
39 16   1.0194
39 17   1.0194
39 18   1.0194
39 19   1.0194
39 20   1.0194
39 21   1.0194
39 22   1.0194
39 23   1.0194
39 24   1.0194
39 25   1.0194
39 26   1.0194
39 27   1.0194
39 28   1.0194
39 29   1.0194
39 30   1.0194
39 31   1.0194
39 32   1.0194
39 33   1.0194
39 34   1.0194
39 35   1.0194
39 36   1.0194
39 37   1.0194
39 38   1.0194
39 39   1.0194
39 40   1.0194
40 1   1.00993
40 2   1.00993
40 3   1.00993
40 4   1.00993
40 5   1.00993
40 6   1.00993
40 7   1.00993
40 8   1.00993
40 9   1.00993
40 10   1.00993
40 11   1.00993
40 12   1.00993
40 13   1.00993
40 14   1.00993
40 15   1.00993
40 16   1.00993
40 17   1.00993
40 18   1.00993
40 19   1.00993
40 20   1.00993
40 21   1.00993
40 22   1.00993
40 23   1.00993
40 24   1.00993
40 25   1.00993
40 26   1.00993
40 27   1.00993
40 28   1.00993
40 29   1.00993
40 30   1.00993
40 31   1.00993
40 32   1.00993
40 33   1.00993
40 34   1.00993
40 35   1.00993
40 36   1.00993
40 37   1.00993
40 38   1.00993
40 39   1.00993
40 40   1.00993
