1 1   1.02815
1 2   1.02815
1 3   1.02815
1 4   1.02815
1 5   1.02815
1 6   1.02815
1 7   1.02815
1 8   1.02815
1 9   1.02815
1 10   1.02815
1 11   1.02815
1 12   1.02815
1 13   1.02815
1 14   1.02815
1 15   1.02815
1 16   1.02815
1 17   1.02815
1 18   1.02815
1 19   1.02815
1 20   1.02815
1 21   1.02815
1 22   1.02815
1 23   1.02815
1 24   1.02815
1 25   1.02815
1 26   1.02815
1 27   1.02815
1 28   1.02815
1 29   1.02815
1 30   1.02815
1 31   1.02815
1 32   1.02815
1 33   1.02815
1 34   1.02815
1 35   1.02815
1 36   1.02815
1 37   1.02815
1 38   1.02815
1 39   1.02815
1 40   1.02815
2 1   1.00457
2 2   1.00457
2 3   1.00457
2 4   1.00457
2 5   1.00457
2 6   1.00457
2 7   1.00457
2 8   1.00457
2 9   1.00457
2 10   1.00457
2 11   1.00457
2 12   1.00457
2 13   1.00457
2 14   1.00457
2 15   1.00457
2 16   1.00457
2 17   1.00457
2 18   1.00457
2 19   1.00457
2 20   1.00457
2 21   1.00457
2 22   1.00457
2 23   1.00457
2 24   1.00457
2 25   1.00457
2 26   1.00457
2 27   1.00457
2 28   1.00457
2 29   1.00457
2 30   1.00457
2 31   1.00457
2 32   1.00457
2 33   1.00457
2 34   1.00457
2 35   1.00457
2 36   1.00457
2 37   1.00457
2 38   1.00457
2 39   1.00457
2 40   1.00457
3 1   0.95984
3 2   0.95984
3 3   0.95984
3 4   0.95984
3 5   0.95984
3 6   0.95984
3 7   0.95984
3 8   0.95984
3 9   0.95984
3 10   0.95984
3 11   0.95984
3 12   0.95984
3 13   0.95984
3 14   0.95984
3 15   0.95984
3 16   0.95984
3 17   0.95984
3 18   0.95984
3 19   0.95984
3 20   0.95984
3 21   0.95984
3 22   0.95984
3 23   0.95984
3 24   0.95984
3 25   0.95984
3 26   0.95984
3 27   0.95984
3 28   0.95984
3 29   0.95984
3 30   0.95984
3 31   0.95984
3 32   0.95984
3 33   0.95984
3 34   0.95984
3 35   0.95984
3 36   0.95984
3 37   0.95984
3 38   0.95984
3 39   0.95984
3 40   0.95984
4 1   0.898746
4 2   0.898746
4 3   0.898746
4 4   0.898746
4 5   0.898746
4 6   0.898746
4 7   0.898746
4 8   0.898746
4 9   0.898746
4 10   0.898746
4 11   0.898746
4 12   0.898746
4 13   0.898746
4 14   0.898746
4 15   0.898746
4 16   0.898746
4 17   0.898746
4 18   0.898746
4 19   0.898746
4 20   0.898746
4 21   0.898746
4 22   0.898746
4 23   0.898746
4 24   0.898746
4 25   0.898746
4 26   0.898746
4 27   0.898746
4 28   0.898746
4 29   0.898746
4 30   0.898746
4 31   0.898746
4 32   0.898746
4 33   0.898746
4 34   0.898746
4 35   0.898746
4 36   0.898746
4 37   0.898746
4 38   0.898746
4 39   0.898746
4 40   0.898746
5 1   0.828115
5 2   0.828115
5 3   0.828115
5 4   0.828115
5 5   0.828115
5 6   0.828115
5 7   0.828115
5 8   0.828115
5 9   0.828115
5 10   0.828115
5 11   0.828115
5 12   0.828115
5 13   0.828115
5 14   0.828115
5 15   0.828115
5 16   0.828115
5 17   0.828115
5 18   0.828115
5 19   0.828115
5 20   0.828115
5 21   0.828115
5 22   0.828115
5 23   0.828115
5 24   0.828115
5 25   0.828115
5 26   0.828115
5 27   0.828115
5 28   0.828115
5 29   0.828115
5 30   0.828115
5 31   0.828115
5 32   0.828115
5 33   0.828115
5 34   0.828115
5 35   0.828115
5 36   0.828115
5 37   0.828115
5 38   0.828115
5 39   0.828115
5 40   0.828115
6 1   0.755863
6 2   0.755863
6 3   0.755863
6 4   0.755863
6 5   0.755863
6 6   0.755863
6 7   0.755863
6 8   0.755863
6 9   0.755863
6 10   0.755863
6 11   0.755863
6 12   0.755863
6 13   0.755863
6 14   0.755863
6 15   0.755863
6 16   0.755863
6 17   0.755863
6 18   0.755863
6 19   0.755863
6 20   0.755863
6 21   0.755863
6 22   0.755863
6 23   0.755863
6 24   0.755863
6 25   0.755863
6 26   0.755863
6 27   0.755863
6 28   0.755863
6 29   0.755863
6 30   0.755863
6 31   0.755863
6 32   0.755863
6 33   0.755863
6 34   0.755863
6 35   0.755863
6 36   0.755863
6 37   0.755863
6 38   0.755863
6 39   0.755863
6 40   0.755863
7 1   0.689475
7 2   0.689475
7 3   0.689475
7 4   0.689475
7 5   0.689475
7 6   0.689475
7 7   0.689475
7 8   0.689475
7 9   0.689475
7 10   0.689475
7 11   0.689475
7 12   0.689475
7 13   0.689475
7 14   0.689475
7 15   0.689475
7 16   0.689475
7 17   0.689475
7 18   0.689475
7 19   0.689475
7 20   0.689475
7 21   0.689475
7 22   0.689475
7 23   0.689475
7 24   0.689475
7 25   0.689475
7 26   0.689475
7 27   0.689475
7 28   0.689475
7 29   0.689475
7 30   0.689475
7 31   0.689475
7 32   0.689475
7 33   0.689475
7 34   0.689475
7 35   0.689475
7 36   0.689475
7 37   0.689475
7 38   0.689475
7 39   0.689475
7 40   0.689475
8 1   0.634411
8 2   0.634411
8 3   0.634411
8 4   0.634411
8 5   0.634411
8 6   0.634411
8 7   0.634411
8 8   0.634411
8 9   0.634411
8 10   0.634411
8 11   0.634411
8 12   0.634411
8 13   0.634411
8 14   0.634411
8 15   0.634411
8 16   0.634411
8 17   0.634411
8 18   0.634411
8 19   0.634411
8 20   0.634411
8 21   0.634411
8 22   0.634411
8 23   0.634411
8 24   0.634411
8 25   0.634411
8 26   0.634411
8 27   0.634411
8 28   0.634411
8 29   0.634411
8 30   0.634411
8 31   0.634411
8 32   0.634411
8 33   0.634411
8 34   0.634411
8 35   0.634411
8 36   0.634411
8 37   0.634411
8 38   0.634411
8 39   0.634411
8 40   0.634411
9 1   0.593163
9 2   0.593163
9 3   0.593163
9 4   0.593163
9 5   0.593163
9 6   0.593163
9 7   0.593163
9 8   0.593163
9 9   0.593163
9 10   0.593163
9 11   0.593163
9 12   0.593163
9 13   0.593163
9 14   0.593163
9 15   0.593163
9 16   0.593163
9 17   0.593163
9 18   0.593163
9 19   0.593163
9 20   0.593163
9 21   0.593163
9 22   0.593163
9 23   0.593163
9 24   0.593163
9 25   0.593163
9 26   0.593163
9 27   0.593163
9 28   0.593163
9 29   0.593163
9 30   0.593163
9 31   0.593163
9 32   0.593163
9 33   0.593163
9 34   0.593163
9 35   0.593163
9 36   0.593163
9 37   0.593163
9 38   0.593163
9 39   0.593163
9 40   0.593163
10 1   0.565384
10 2   0.565384
10 3   0.565384
10 4   0.565384
10 5   0.565384
10 6   0.565384
10 7   0.565384
10 8   0.565384
10 9   0.565384
10 10   0.565384
10 11   0.565384
10 12   0.565384
10 13   0.565384
10 14   0.565384
10 15   0.565384
10 16   0.565384
10 17   0.565384
10 18   0.565384
10 19   0.565384
10 20   0.565384
10 21   0.565384
10 22   0.565384
10 23   0.565384
10 24   0.565384
10 25   0.565384
10 26   0.565384
10 27   0.565384
10 28   0.565384
10 29   0.565384
10 30   0.565384
10 31   0.565384
10 32   0.565384
10 33   0.565384
10 34   0.565384
10 35   0.565384
10 36   0.565384
10 37   0.565384
10 38   0.565384
10 39   0.565384
10 40   0.565384
11 1   0.54878
11 2   0.54878
11 3   0.54878
11 4   0.54878
11 5   0.54878
11 6   0.54878
11 7   0.54878
11 8   0.54878
11 9   0.54878
11 10   0.54878
11 11   0.54878
11 12   0.54878
11 13   0.54878
11 14   0.54878
11 15   0.54878
11 16   0.54878
11 17   0.54878
11 18   0.54878
11 19   0.54878
11 20   0.54878
11 21   0.54878
11 22   0.54878
11 23   0.54878
11 24   0.54878
11 25   0.54878
11 26   0.54878
11 27   0.54878
11 28   0.54878
11 29   0.54878
11 30   0.54878
11 31   0.54878
11 32   0.54878
11 33   0.54878
11 34   0.54878
11 35   0.54878
11 36   0.54878
11 37   0.54878
11 38   0.54878
11 39   0.54878
11 40   0.54878
12 1   0.540071
12 2   0.540071
12 3   0.540071
12 4   0.540071
12 5   0.540071
12 6   0.540071
12 7   0.540071
12 8   0.540071
12 9   0.540071
12 10   0.540071
12 11   0.540071
12 12   0.540071
12 13   0.540071
12 14   0.540071
12 15   0.540071
12 16   0.540071
12 17   0.540071
12 18   0.540071
12 19   0.540071
12 20   0.540071
12 21   0.540071
12 22   0.540071
12 23   0.540071
12 24   0.540071
12 25   0.540071
12 26   0.540071
12 27   0.540071
12 28   0.540071
12 29   0.540071
12 30   0.540071
12 31   0.540071
12 32   0.540071
12 33   0.540071
12 34   0.540071
12 35   0.540071
12 36   0.540071
12 37   0.540071
12 38   0.540071
12 39   0.540071
12 40   0.540071
13 1   0.535621
13 2   0.535621
13 3   0.535621
13 4   0.535621
13 5   0.535621
13 6   0.535621
13 7   0.535621
13 8   0.535621
13 9   0.535621
13 10   0.535621
13 11   0.535621
13 12   0.535621
13 13   0.535621
13 14   0.535621
13 15   0.535621
13 16   0.535621
13 17   0.535621
13 18   0.535621
13 19   0.535621
13 20   0.535621
13 21   0.535621
13 22   0.535621
13 23   0.535621
13 24   0.535621
13 25   0.535621
13 26   0.535621
13 27   0.535621
13 28   0.535621
13 29   0.535621
13 30   0.535621
13 31   0.535621
13 32   0.535621
13 33   0.535621
13 34   0.535621
13 35   0.535621
13 36   0.535621
13 37   0.535621
13 38   0.535621
13 39   0.535621
13 40   0.535621
14 1   0.531905
14 2   0.531905
14 3   0.531905
14 4   0.531905
14 5   0.531905
14 6   0.531905
14 7   0.531905
14 8   0.531905
14 9   0.531905
14 10   0.531905
14 11   0.531905
14 12   0.531905
14 13   0.531905
14 14   0.531905
14 15   0.531905
14 16   0.531905
14 17   0.531905
14 18   0.531905
14 19   0.531905
14 20   0.531905
14 21   0.531905
14 22   0.531905
14 23   0.531905
14 24   0.531905
14 25   0.531905
14 26   0.531905
14 27   0.531905
14 28   0.531905
14 29   0.531905
14 30   0.531905
14 31   0.531905
14 32   0.531905
14 33   0.531905
14 34   0.531905
14 35   0.531905
14 36   0.531905
14 37   0.531905
14 38   0.531905
14 39   0.531905
14 40   0.531905
15 1   0.526207
15 2   0.526207
15 3   0.526207
15 4   0.526207
15 5   0.526207
15 6   0.526207
15 7   0.526207
15 8   0.526207
15 9   0.526207
15 10   0.526207
15 11   0.526207
15 12   0.526207
15 13   0.526207
15 14   0.526207
15 15   0.526207
15 16   0.526207
15 17   0.526207
15 18   0.526207
15 19   0.526207
15 20   0.526207
15 21   0.526207
15 22   0.526207
15 23   0.526207
15 24   0.526207
15 25   0.526207
15 26   0.526207
15 27   0.526207
15 28   0.526207
15 29   0.526207
15 30   0.526207
15 31   0.526207
15 32   0.526207
15 33   0.526207
15 34   0.526207
15 35   0.526207
15 36   0.526207
15 37   0.526207
15 38   0.526207
15 39   0.526207
15 40   0.526207
16 1   0.517503
16 2   0.517503
16 3   0.517503
16 4   0.517503
16 5   0.517503
16 6   0.517503
16 7   0.517503
16 8   0.517503
16 9   0.517503
16 10   0.517503
16 11   0.517503
16 12   0.517503
16 13   0.517503
16 14   0.517503
16 15   0.517503
16 16   0.517503
16 17   0.517503
16 18   0.517503
16 19   0.517503
16 20   0.517503
16 21   0.517503
16 22   0.517503
16 23   0.517503
16 24   0.517503
16 25   0.517503
16 26   0.517503
16 27   0.517503
16 28   0.517503
16 29   0.517503
16 30   0.517503
16 31   0.517503
16 32   0.517503
16 33   0.517503
16 34   0.517503
16 35   0.517503
16 36   0.517503
16 37   0.517503
16 38   0.517503
16 39   0.517503
16 40   0.517503
17 1   0.506921
17 2   0.506921
17 3   0.506921
17 4   0.506921
17 5   0.506921
17 6   0.506921
17 7   0.506921
17 8   0.506921
17 9   0.506921
17 10   0.506921
17 11   0.506921
17 12   0.506921
17 13   0.506921
17 14   0.506921
17 15   0.506921
17 16   0.506921
17 17   0.506921
17 18   0.506921
17 19   0.506921
17 20   0.506921
17 21   0.506921
17 22   0.506921
17 23   0.506921
17 24   0.506921
17 25   0.506921
17 26   0.506921
17 27   0.506921
17 28   0.506921
17 29   0.506921
17 30   0.506921
17 31   0.506921
17 32   0.506921
17 33   0.506921
17 34   0.506921
17 35   0.506921
17 36   0.506921
17 37   0.506921
17 38   0.506921
17 39   0.506921
17 40   0.506921
18 1   0.497209
18 2   0.497209
18 3   0.497209
18 4   0.497209
18 5   0.497209
18 6   0.497209
18 7   0.497209
18 8   0.497209
18 9   0.497209
18 10   0.497209
18 11   0.497209
18 12   0.497209
18 13   0.497209
18 14   0.497209
18 15   0.497209
18 16   0.497209
18 17   0.497209
18 18   0.497209
18 19   0.497209
18 20   0.497209
18 21   0.497209
18 22   0.497209
18 23   0.497209
18 24   0.497209
18 25   0.497209
18 26   0.497209
18 27   0.497209
18 28   0.497209
18 29   0.497209
18 30   0.497209
18 31   0.497209
18 32   0.497209
18 33   0.497209
18 34   0.497209
18 35   0.497209
18 36   0.497209
18 37   0.497209
18 38   0.497209
18 39   0.497209
18 40   0.497209
19 1   0.491249
19 2   0.491249
19 3   0.491249
19 4   0.491249
19 5   0.491249
19 6   0.491249
19 7   0.491249
19 8   0.491249
19 9   0.491249
19 10   0.491249
19 11   0.491249
19 12   0.491249
19 13   0.491249
19 14   0.491249
19 15   0.491249
19 16   0.491249
19 17   0.491249
19 18   0.491249
19 19   0.491249
19 20   0.491249
19 21   0.491249
19 22   0.491249
19 23   0.491249
19 24   0.491249
19 25   0.491249
19 26   0.491249
19 27   0.491249
19 28   0.491249
19 29   0.491249
19 30   0.491249
19 31   0.491249
19 32   0.491249
19 33   0.491249
19 34   0.491249
19 35   0.491249
19 36   0.491249
19 37   0.491249
19 38   0.491249
19 39   0.491249
19 40   0.491249
20 1   0.490423
20 2   0.490423
20 3   0.490423
20 4   0.490423
20 5   0.490423
20 6   0.490423
20 7   0.490423
20 8   0.490423
20 9   0.490423
20 10   0.490423
20 11   0.490423
20 12   0.490423
20 13   0.490423
20 14   0.490423
20 15   0.490423
20 16   0.490423
20 17   0.490423
20 18   0.490423
20 19   0.490423
20 20   0.490423
20 21   0.490423
20 22   0.490423
20 23   0.490423
20 24   0.490423
20 25   0.490423
20 26   0.490423
20 27   0.490423
20 28   0.490423
20 29   0.490423
20 30   0.490423
20 31   0.490423
20 32   0.490423
20 33   0.490423
20 34   0.490423
20 35   0.490423
20 36   0.490423
20 37   0.490423
20 38   0.490423
20 39   0.490423
20 40   0.490423
21 1   0.49373
21 2   0.49373
21 3   0.49373
21 4   0.49373
21 5   0.49373
21 6   0.49373
21 7   0.49373
21 8   0.49373
21 9   0.49373
21 10   0.49373
21 11   0.49373
21 12   0.49373
21 13   0.49373
21 14   0.49373
21 15   0.49373
21 16   0.49373
21 17   0.49373
21 18   0.49373
21 19   0.49373
21 20   0.49373
21 21   0.49373
21 22   0.49373
21 23   0.49373
21 24   0.49373
21 25   0.49373
21 26   0.49373
21 27   0.49373
21 28   0.49373
21 29   0.49373
21 30   0.49373
21 31   0.49373
21 32   0.49373
21 33   0.49373
21 34   0.49373
21 35   0.49373
21 36   0.49373
21 37   0.49373
21 38   0.49373
21 39   0.49373
21 40   0.49373
22 1   0.498133
22 2   0.498133
22 3   0.498133
22 4   0.498133
22 5   0.498133
22 6   0.498133
22 7   0.498133
22 8   0.498133
22 9   0.498133
22 10   0.498133
22 11   0.498133
22 12   0.498133
22 13   0.498133
22 14   0.498133
22 15   0.498133
22 16   0.498133
22 17   0.498133
22 18   0.498133
22 19   0.498133
22 20   0.498133
22 21   0.498133
22 22   0.498133
22 23   0.498133
22 24   0.498133
22 25   0.498133
22 26   0.498133
22 27   0.498133
22 28   0.498133
22 29   0.498133
22 30   0.498133
22 31   0.498133
22 32   0.498133
22 33   0.498133
22 34   0.498133
22 35   0.498133
22 36   0.498133
22 37   0.498133
22 38   0.498133
22 39   0.498133
22 40   0.498133
23 1   0.499841
23 2   0.499841
23 3   0.499841
23 4   0.499841
23 5   0.499841
23 6   0.499841
23 7   0.499841
23 8   0.499841
23 9   0.499841
23 10   0.499841
23 11   0.499841
23 12   0.499841
23 13   0.499841
23 14   0.499841
23 15   0.499841
23 16   0.499841
23 17   0.499841
23 18   0.499841
23 19   0.499841
23 20   0.499841
23 21   0.499841
23 22   0.499841
23 23   0.499841
23 24   0.499841
23 25   0.499841
23 26   0.499841
23 27   0.499841
23 28   0.499841
23 29   0.499841
23 30   0.499841
23 31   0.499841
23 32   0.499841
23 33   0.499841
23 34   0.499841
23 35   0.499841
23 36   0.499841
23 37   0.499841
23 38   0.499841
23 39   0.499841
23 40   0.499841
24 1   0.495846
24 2   0.495846
24 3   0.495846
24 4   0.495846
24 5   0.495846
24 6   0.495846
24 7   0.495846
24 8   0.495846
24 9   0.495846
24 10   0.495846
24 11   0.495846
24 12   0.495846
24 13   0.495846
24 14   0.495846
24 15   0.495846
24 16   0.495846
24 17   0.495846
24 18   0.495846
24 19   0.495846
24 20   0.495846
24 21   0.495846
24 22   0.495846
24 23   0.495846
24 24   0.495846
24 25   0.495846
24 26   0.495846
24 27   0.495846
24 28   0.495846
24 29   0.495846
24 30   0.495846
24 31   0.495846
24 32   0.495846
24 33   0.495846
24 34   0.495846
24 35   0.495846
24 36   0.495846
24 37   0.495846
24 38   0.495846
24 39   0.495846
24 40   0.495846
25 1   0.484983
25 2   0.484983
25 3   0.484983
25 4   0.484983
25 5   0.484983
25 6   0.484983
25 7   0.484983
25 8   0.484983
25 9   0.484983
25 10   0.484983
25 11   0.484983
25 12   0.484983
25 13   0.484983
25 14   0.484983
25 15   0.484983
25 16   0.484983
25 17   0.484983
25 18   0.484983
25 19   0.484983
25 20   0.484983
25 21   0.484983
25 22   0.484983
25 23   0.484983
25 24   0.484983
25 25   0.484983
25 26   0.484983
25 27   0.484983
25 28   0.484983
25 29   0.484983
25 30   0.484983
25 31   0.484983
25 32   0.484983
25 33   0.484983
25 34   0.484983
25 35   0.484983
25 36   0.484983
25 37   0.484983
25 38   0.484983
25 39   0.484983
25 40   0.484983
26 1   0.468146
26 2   0.468146
26 3   0.468146
26 4   0.468146
26 5   0.468146
26 6   0.468146
26 7   0.468146
26 8   0.468146
26 9   0.468146
26 10   0.468146
26 11   0.468146
26 12   0.468146
26 13   0.468146
26 14   0.468146
26 15   0.468146
26 16   0.468146
26 17   0.468146
26 18   0.468146
26 19   0.468146
26 20   0.468146
26 21   0.468146
26 22   0.468146
26 23   0.468146
26 24   0.468146
26 25   0.468146
26 26   0.468146
26 27   0.468146
26 28   0.468146
26 29   0.468146
26 30   0.468146
26 31   0.468146
26 32   0.468146
26 33   0.468146
26 34   0.468146
26 35   0.468146
26 36   0.468146
26 37   0.468146
26 38   0.468146
26 39   0.468146
26 40   0.468146
27 1   0.447622
27 2   0.447622
27 3   0.447622
27 4   0.447622
27 5   0.447622
27 6   0.447622
27 7   0.447622
27 8   0.447622
27 9   0.447622
27 10   0.447622
27 11   0.447622
27 12   0.447622
27 13   0.447622
27 14   0.447622
27 15   0.447622
27 16   0.447622
27 17   0.447622
27 18   0.447622
27 19   0.447622
27 20   0.447622
27 21   0.447622
27 22   0.447622
27 23   0.447622
27 24   0.447622
27 25   0.447622
27 26   0.447622
27 27   0.447622
27 28   0.447622
27 29   0.447622
27 30   0.447622
27 31   0.447622
27 32   0.447622
27 33   0.447622
27 34   0.447622
27 35   0.447622
27 36   0.447622
27 37   0.447622
27 38   0.447622
27 39   0.447622
27 40   0.447622
28 1   0.425792
28 2   0.425792
28 3   0.425792
28 4   0.425792
28 5   0.425792
28 6   0.425792
28 7   0.425792
28 8   0.425792
28 9   0.425792
28 10   0.425792
28 11   0.425792
28 12   0.425792
28 13   0.425792
28 14   0.425792
28 15   0.425792
28 16   0.425792
28 17   0.425792
28 18   0.425792
28 19   0.425792
28 20   0.425792
28 21   0.425792
28 22   0.425792
28 23   0.425792
28 24   0.425792
28 25   0.425792
28 26   0.425792
28 27   0.425792
28 28   0.425792
28 29   0.425792
28 30   0.425792
28 31   0.425792
28 32   0.425792
28 33   0.425792
28 34   0.425792
28 35   0.425792
28 36   0.425792
28 37   0.425792
28 38   0.425792
28 39   0.425792
28 40   0.425792
29 1   0.403772
29 2   0.403772
29 3   0.403772
29 4   0.403772
29 5   0.403772
29 6   0.403772
29 7   0.403772
29 8   0.403772
29 9   0.403772
29 10   0.403772
29 11   0.403772
29 12   0.403772
29 13   0.403772
29 14   0.403772
29 15   0.403772
29 16   0.403772
29 17   0.403772
29 18   0.403772
29 19   0.403772
29 20   0.403772
29 21   0.403772
29 22   0.403772
29 23   0.403772
29 24   0.403772
29 25   0.403772
29 26   0.403772
29 27   0.403772
29 28   0.403772
29 29   0.403772
29 30   0.403772
29 31   0.403772
29 32   0.403772
29 33   0.403772
29 34   0.403772
29 35   0.403772
29 36   0.403772
29 37   0.403772
29 38   0.403772
29 39   0.403772
29 40   0.403772
30 1   0.380697
30 2   0.380697
30 3   0.380697
30 4   0.380697
30 5   0.380697
30 6   0.380697
30 7   0.380697
30 8   0.380697
30 9   0.380697
30 10   0.380697
30 11   0.380697
30 12   0.380697
30 13   0.380697
30 14   0.380697
30 15   0.380697
30 16   0.380697
30 17   0.380697
30 18   0.380697
30 19   0.380697
30 20   0.380697
30 21   0.380697
30 22   0.380697
30 23   0.380697
30 24   0.380697
30 25   0.380697
30 26   0.380697
30 27   0.380697
30 28   0.380697
30 29   0.380697
30 30   0.380697
30 31   0.380697
30 32   0.380697
30 33   0.380697
30 34   0.380697
30 35   0.380697
30 36   0.380697
30 37   0.380697
30 38   0.380697
30 39   0.380697
30 40   0.380697
31 1   0.354044
31 2   0.354044
31 3   0.354044
31 4   0.354044
31 5   0.354044
31 6   0.354044
31 7   0.354044
31 8   0.354044
31 9   0.354044
31 10   0.354044
31 11   0.354044
31 12   0.354044
31 13   0.354044
31 14   0.354044
31 15   0.354044
31 16   0.354044
31 17   0.354044
31 18   0.354044
31 19   0.354044
31 20   0.354044
31 21   0.354044
31 22   0.354044
31 23   0.354044
31 24   0.354044
31 25   0.354044
31 26   0.354044
31 27   0.354044
31 28   0.354044
31 29   0.354044
31 30   0.354044
31 31   0.354044
31 32   0.354044
31 33   0.354044
31 34   0.354044
31 35   0.354044
31 36   0.354044
31 37   0.354044
31 38   0.354044
31 39   0.354044
31 40   0.354044
32 1   0.320784
32 2   0.320784
32 3   0.320784
32 4   0.320784
32 5   0.320784
32 6   0.320784
32 7   0.320784
32 8   0.320784
32 9   0.320784
32 10   0.320784
32 11   0.320784
32 12   0.320784
32 13   0.320784
32 14   0.320784
32 15   0.320784
32 16   0.320784
32 17   0.320784
32 18   0.320784
32 19   0.320784
32 20   0.320784
32 21   0.320784
32 22   0.320784
32 23   0.320784
32 24   0.320784
32 25   0.320784
32 26   0.320784
32 27   0.320784
32 28   0.320784
32 29   0.320784
32 30   0.320784
32 31   0.320784
32 32   0.320784
32 33   0.320784
32 34   0.320784
32 35   0.320784
32 36   0.320784
32 37   0.320784
32 38   0.320784
32 39   0.320784
32 40   0.320784
33 1   0.278616
33 2   0.278616
33 3   0.278616
33 4   0.278616
33 5   0.278616
33 6   0.278616
33 7   0.278616
33 8   0.278616
33 9   0.278616
33 10   0.278616
33 11   0.278616
33 12   0.278616
33 13   0.278616
33 14   0.278616
33 15   0.278616
33 16   0.278616
33 17   0.278616
33 18   0.278616
33 19   0.278616
33 20   0.278616
33 21   0.278616
33 22   0.278616
33 23   0.278616
33 24   0.278616
33 25   0.278616
33 26   0.278616
33 27   0.278616
33 28   0.278616
33 29   0.278616
33 30   0.278616
33 31   0.278616
33 32   0.278616
33 33   0.278616
33 34   0.278616
33 35   0.278616
33 36   0.278616
33 37   0.278616
33 38   0.278616
33 39   0.278616
33 40   0.278616
34 1   0.226697
34 2   0.226697
34 3   0.226697
34 4   0.226697
34 5   0.226697
34 6   0.226697
34 7   0.226697
34 8   0.226697
34 9   0.226697
34 10   0.226697
34 11   0.226697
34 12   0.226697
34 13   0.226697
34 14   0.226697
34 15   0.226697
34 16   0.226697
34 17   0.226697
34 18   0.226697
34 19   0.226697
34 20   0.226697
34 21   0.226697
34 22   0.226697
34 23   0.226697
34 24   0.226697
34 25   0.226697
34 26   0.226697
34 27   0.226697
34 28   0.226697
34 29   0.226697
34 30   0.226697
34 31   0.226697
34 32   0.226697
34 33   0.226697
34 34   0.226697
34 35   0.226697
34 36   0.226697
34 37   0.226697
34 38   0.226697
34 39   0.226697
34 40   0.226697
35 1   0.165903
35 2   0.165903
35 3   0.165903
35 4   0.165903
35 5   0.165903
35 6   0.165903
35 7   0.165903
35 8   0.165903
35 9   0.165903
35 10   0.165903
35 11   0.165903
35 12   0.165903
35 13   0.165903
35 14   0.165903
35 15   0.165903
35 16   0.165903
35 17   0.165903
35 18   0.165903
35 19   0.165903
35 20   0.165903
35 21   0.165903
35 22   0.165903
35 23   0.165903
35 24   0.165903
35 25   0.165903
35 26   0.165903
35 27   0.165903
35 28   0.165903
35 29   0.165903
35 30   0.165903
35 31   0.165903
35 32   0.165903
35 33   0.165903
35 34   0.165903
35 35   0.165903
35 36   0.165903
35 37   0.165903
35 38   0.165903
35 39   0.165903
35 40   0.165903
36 1   0.0989991
36 2   0.0989991
36 3   0.0989991
36 4   0.0989991
36 5   0.0989991
36 6   0.0989991
36 7   0.0989991
36 8   0.0989991
36 9   0.0989991
36 10   0.0989991
36 11   0.0989991
36 12   0.0989991
36 13   0.0989991
36 14   0.0989991
36 15   0.0989991
36 16   0.0989991
36 17   0.0989991
36 18   0.0989991
36 19   0.0989991
36 20   0.0989991
36 21   0.0989991
36 22   0.0989991
36 23   0.0989991
36 24   0.0989991
36 25   0.0989991
36 26   0.0989991
36 27   0.0989991
36 28   0.0989991
36 29   0.0989991
36 30   0.0989991
36 31   0.0989991
36 32   0.0989991
36 33   0.0989991
36 34   0.0989991
36 35   0.0989991
36 36   0.0989991
36 37   0.0989991
36 38   0.0989991
36 39   0.0989991
36 40   0.0989991
37 1   0.0309239
37 2   0.0309239
37 3   0.0309239
37 4   0.0309239
37 5   0.0309239
37 6   0.0309239
37 7   0.0309239
37 8   0.0309239
37 9   0.0309239
37 10   0.0309239
37 11   0.0309239
37 12   0.0309239
37 13   0.0309239
37 14   0.0309239
37 15   0.0309239
37 16   0.0309239
37 17   0.0309239
37 18   0.0309239
37 19   0.0309239
37 20   0.0309239
37 21   0.0309239
37 22   0.0309239
37 23   0.0309239
37 24   0.0309239
37 25   0.0309239
37 26   0.0309239
37 27   0.0309239
37 28   0.0309239
37 29   0.0309239
37 30   0.0309239
37 31   0.0309239
37 32   0.0309239
37 33   0.0309239
37 34   0.0309239
37 35   0.0309239
37 36   0.0309239
37 37   0.0309239
37 38   0.0309239
37 39   0.0309239
37 40   0.0309239
38 1   -0.0312531
38 2   -0.0312531
38 3   -0.0312531
38 4   -0.0312531
38 5   -0.0312531
38 6   -0.0312531
38 7   -0.0312531
38 8   -0.0312531
38 9   -0.0312531
38 10   -0.0312531
38 11   -0.0312531
38 12   -0.0312531
38 13   -0.0312531
38 14   -0.0312531
38 15   -0.0312531
38 16   -0.0312531
38 17   -0.0312531
38 18   -0.0312531
38 19   -0.0312531
38 20   -0.0312531
38 21   -0.0312531
38 22   -0.0312531
38 23   -0.0312531
38 24   -0.0312531
38 25   -0.0312531
38 26   -0.0312531
38 27   -0.0312531
38 28   -0.0312531
38 29   -0.0312531
38 30   -0.0312531
38 31   -0.0312531
38 32   -0.0312531
38 33   -0.0312531
38 34   -0.0312531
38 35   -0.0312531
38 36   -0.0312531
38 37   -0.0312531
38 38   -0.0312531
38 39   -0.0312531
38 40   -0.0312531
39 1   -0.0792545
39 2   -0.0792545
39 3   -0.0792545
39 4   -0.0792545
39 5   -0.0792545
39 6   -0.0792545
39 7   -0.0792545
39 8   -0.0792545
39 9   -0.0792545
39 10   -0.0792545
39 11   -0.0792545
39 12   -0.0792545
39 13   -0.0792545
39 14   -0.0792545
39 15   -0.0792545
39 16   -0.0792545
39 17   -0.0792545
39 18   -0.0792545
39 19   -0.0792545
39 20   -0.0792545
39 21   -0.0792545
39 22   -0.0792545
39 23   -0.0792545
39 24   -0.0792545
39 25   -0.0792545
39 26   -0.0792545
39 27   -0.0792545
39 28   -0.0792545
39 29   -0.0792545
39 30   -0.0792545
39 31   -0.0792545
39 32   -0.0792545
39 33   -0.0792545
39 34   -0.0792545
39 35   -0.0792545
39 36   -0.0792545
39 37   -0.0792545
39 38   -0.0792545
39 39   -0.0792545
39 40   -0.0792545
40 1   -0.105529
40 2   -0.105529
40 3   -0.105529
40 4   -0.105529
40 5   -0.105529
40 6   -0.105529
40 7   -0.105529
40 8   -0.105529
40 9   -0.105529
40 10   -0.105529
40 11   -0.105529
40 12   -0.105529
40 13   -0.105529
40 14   -0.105529
40 15   -0.105529
40 16   -0.105529
40 17   -0.105529
40 18   -0.105529
40 19   -0.105529
40 20   -0.105529
40 21   -0.105529
40 22   -0.105529
40 23   -0.105529
40 24   -0.105529
40 25   -0.105529
40 26   -0.105529
40 27   -0.105529
40 28   -0.105529
40 29   -0.105529
40 30   -0.105529
40 31   -0.105529
40 32   -0.105529
40 33   -0.105529
40 34   -0.105529
40 35   -0.105529
40 36   -0.105529
40 37   -0.105529
40 38   -0.105529
40 39   -0.105529
40 40   -0.105529
