1 1   -0.0120617
1 2   -0.0120617
1 3   -0.0120617
1 4   -0.0120617
1 5   -0.0120617
1 6   -0.0120617
1 7   -0.0120617
1 8   -0.0120617
1 9   -0.0120617
1 10   -0.0120617
1 11   -0.0120617
1 12   -0.0120617
1 13   -0.0120617
1 14   -0.0120617
1 15   -0.0120617
1 16   -0.0120617
1 17   -0.0120617
1 18   -0.0120617
1 19   -0.0120617
1 20   -0.0120617
1 21   -0.0120617
1 22   -0.0120617
1 23   -0.0120617
1 24   -0.0120617
1 25   -0.0120617
1 26   -0.0120617
1 27   -0.0120617
1 28   -0.0120617
1 29   -0.0120617
1 30   -0.0120617
1 31   -0.0120617
1 32   -0.0120617
1 33   -0.0120617
1 34   -0.0120617
1 35   -0.0120617
1 36   -0.0120617
1 37   -0.0120617
1 38   -0.0120617
1 39   -0.0120617
1 40   -0.0120617
2 1   0.0281141
2 2   0.0281141
2 3   0.0281141
2 4   0.0281141
2 5   0.0281141
2 6   0.0281141
2 7   0.0281141
2 8   0.0281141
2 9   0.0281141
2 10   0.0281141
2 11   0.0281141
2 12   0.0281141
2 13   0.0281141
2 14   0.0281141
2 15   0.0281141
2 16   0.0281141
2 17   0.0281141
2 18   0.0281141
2 19   0.0281141
2 20   0.0281141
2 21   0.0281141
2 22   0.0281141
2 23   0.0281141
2 24   0.0281141
2 25   0.0281141
2 26   0.0281141
2 27   0.0281141
2 28   0.0281141
2 29   0.0281141
2 30   0.0281141
2 31   0.0281141
2 32   0.0281141
2 33   0.0281141
2 34   0.0281141
2 35   0.0281141
2 36   0.0281141
2 37   0.0281141
2 38   0.0281141
2 39   0.0281141
2 40   0.0281141
3 1   -0.0225651
3 2   -0.0225651
3 3   -0.0225651
3 4   -0.0225651
3 5   -0.0225651
3 6   -0.0225651
3 7   -0.0225651
3 8   -0.0225651
3 9   -0.0225651
3 10   -0.0225651
3 11   -0.0225651
3 12   -0.0225651
3 13   -0.0225651
3 14   -0.0225651
3 15   -0.0225651
3 16   -0.0225651
3 17   -0.0225651
3 18   -0.0225651
3 19   -0.0225651
3 20   -0.0225651
3 21   -0.0225651
3 22   -0.0225651
3 23   -0.0225651
3 24   -0.0225651
3 25   -0.0225651
3 26   -0.0225651
3 27   -0.0225651
3 28   -0.0225651
3 29   -0.0225651
3 30   -0.0225651
3 31   -0.0225651
3 32   -0.0225651
3 33   -0.0225651
3 34   -0.0225651
3 35   -0.0225651
3 36   -0.0225651
3 37   -0.0225651
3 38   -0.0225651
3 39   -0.0225651
3 40   -0.0225651
4 1   -0.00252807
4 2   -0.00252807
4 3   -0.00252807
4 4   -0.00252807
4 5   -0.00252807
4 6   -0.00252807
4 7   -0.00252807
4 8   -0.00252807
4 9   -0.00252807
4 10   -0.00252807
4 11   -0.00252807
4 12   -0.00252807
4 13   -0.00252807
4 14   -0.00252807
4 15   -0.00252807
4 16   -0.00252807
4 17   -0.00252807
4 18   -0.00252807
4 19   -0.00252807
4 20   -0.00252807
4 21   -0.00252807
4 22   -0.00252807
4 23   -0.00252807
4 24   -0.00252807
4 25   -0.00252807
4 26   -0.00252807
4 27   -0.00252807
4 28   -0.00252807
4 29   -0.00252807
4 30   -0.00252807
4 31   -0.00252807
4 32   -0.00252807
4 33   -0.00252807
4 34   -0.00252807
4 35   -0.00252807
4 36   -0.00252807
4 37   -0.00252807
4 38   -0.00252807
4 39   -0.00252807
4 40   -0.00252807
5 1   0.0268165
5 2   0.0268165
5 3   0.0268165
5 4   0.0268165
5 5   0.0268165
5 6   0.0268165
5 7   0.0268165
5 8   0.0268165
5 9   0.0268165
5 10   0.0268165
5 11   0.0268165
5 12   0.0268165
5 13   0.0268165
5 14   0.0268165
5 15   0.0268165
5 16   0.0268165
5 17   0.0268165
5 18   0.0268165
5 19   0.0268165
5 20   0.0268165
5 21   0.0268165
5 22   0.0268165
5 23   0.0268165
5 24   0.0268165
5 25   0.0268165
5 26   0.0268165
5 27   0.0268165
5 28   0.0268165
5 29   0.0268165
5 30   0.0268165
5 31   0.0268165
5 32   0.0268165
5 33   0.0268165
5 34   0.0268165
5 35   0.0268165
5 36   0.0268165
5 37   0.0268165
5 38   0.0268165
5 39   0.0268165
5 40   0.0268165
6 1   -0.0224011
6 2   -0.0224011
6 3   -0.0224011
6 4   -0.0224011
6 5   -0.0224011
6 6   -0.0224011
6 7   -0.0224011
6 8   -0.0224011
6 9   -0.0224011
6 10   -0.0224011
6 11   -0.0224011
6 12   -0.0224011
6 13   -0.0224011
6 14   -0.0224011
6 15   -0.0224011
6 16   -0.0224011
6 17   -0.0224011
6 18   -0.0224011
6 19   -0.0224011
6 20   -0.0224011
6 21   -0.0224011
6 22   -0.0224011
6 23   -0.0224011
6 24   -0.0224011
6 25   -0.0224011
6 26   -0.0224011
6 27   -0.0224011
6 28   -0.0224011
6 29   -0.0224011
6 30   -0.0224011
6 31   -0.0224011
6 32   -0.0224011
6 33   -0.0224011
6 34   -0.0224011
6 35   -0.0224011
6 36   -0.0224011
6 37   -0.0224011
6 38   -0.0224011
6 39   -0.0224011
6 40   -0.0224011
7 1   -0.00791558
7 2   -0.00791558
7 3   -0.00791558
7 4   -0.00791558
7 5   -0.00791558
7 6   -0.00791558
7 7   -0.00791558
7 8   -0.00791558
7 9   -0.00791558
7 10   -0.00791558
7 11   -0.00791558
7 12   -0.00791558
7 13   -0.00791558
7 14   -0.00791558
7 15   -0.00791558
7 16   -0.00791558
7 17   -0.00791558
7 18   -0.00791558
7 19   -0.00791558
7 20   -0.00791558
7 21   -0.00791558
7 22   -0.00791558
7 23   -0.00791558
7 24   -0.00791558
7 25   -0.00791558
7 26   -0.00791558
7 27   -0.00791558
7 28   -0.00791558
7 29   -0.00791558
7 30   -0.00791558
7 31   -0.00791558
7 32   -0.00791558
7 33   -0.00791558
7 34   -0.00791558
7 35   -0.00791558
7 36   -0.00791558
7 37   -0.00791558
7 38   -0.00791558
7 39   -0.00791558
7 40   -0.00791558
8 1   0.0205029
8 2   0.0205029
8 3   0.0205029
8 4   0.0205029
8 5   0.0205029
8 6   0.0205029
8 7   0.0205029
8 8   0.0205029
8 9   0.0205029
8 10   0.0205029
8 11   0.0205029
8 12   0.0205029
8 13   0.0205029
8 14   0.0205029
8 15   0.0205029
8 16   0.0205029
8 17   0.0205029
8 18   0.0205029
8 19   0.0205029
8 20   0.0205029
8 21   0.0205029
8 22   0.0205029
8 23   0.0205029
8 24   0.0205029
8 25   0.0205029
8 26   0.0205029
8 27   0.0205029
8 28   0.0205029
8 29   0.0205029
8 30   0.0205029
8 31   0.0205029
8 32   0.0205029
8 33   0.0205029
8 34   0.0205029
8 35   0.0205029
8 36   0.0205029
8 37   0.0205029
8 38   0.0205029
8 39   0.0205029
8 40   0.0205029
9 1   0.0140447
9 2   0.0140447
9 3   0.0140447
9 4   0.0140447
9 5   0.0140447
9 6   0.0140447
9 7   0.0140447
9 8   0.0140447
9 9   0.0140447
9 10   0.0140447
9 11   0.0140447
9 12   0.0140447
9 13   0.0140447
9 14   0.0140447
9 15   0.0140447
9 16   0.0140447
9 17   0.0140447
9 18   0.0140447
9 19   0.0140447
9 20   0.0140447
9 21   0.0140447
9 22   0.0140447
9 23   0.0140447
9 24   0.0140447
9 25   0.0140447
9 26   0.0140447
9 27   0.0140447
9 28   0.0140447
9 29   0.0140447
9 30   0.0140447
9 31   0.0140447
9 32   0.0140447
9 33   0.0140447
9 34   0.0140447
9 35   0.0140447
9 36   0.0140447
9 37   0.0140447
9 38   0.0140447
9 39   0.0140447
9 40   0.0140447
10 1   -0.0368531
10 2   -0.0368531
10 3   -0.0368531
10 4   -0.0368531
10 5   -0.0368531
10 6   -0.0368531
10 7   -0.0368531
10 8   -0.0368531
10 9   -0.0368531
10 10   -0.0368531
10 11   -0.0368531
10 12   -0.0368531
10 13   -0.0368531
10 14   -0.0368531
10 15   -0.0368531
10 16   -0.0368531
10 17   -0.0368531
10 18   -0.0368531
10 19   -0.0368531
10 20   -0.0368531
10 21   -0.0368531
10 22   -0.0368531
10 23   -0.0368531
10 24   -0.0368531
10 25   -0.0368531
10 26   -0.0368531
10 27   -0.0368531
10 28   -0.0368531
10 29   -0.0368531
10 30   -0.0368531
10 31   -0.0368531
10 32   -0.0368531
10 33   -0.0368531
10 34   -0.0368531
10 35   -0.0368531
10 36   -0.0368531
10 37   -0.0368531
10 38   -0.0368531
10 39   -0.0368531
10 40   -0.0368531
11 1   -0.0177904
11 2   -0.0177904
11 3   -0.0177904
11 4   -0.0177904
11 5   -0.0177904
11 6   -0.0177904
11 7   -0.0177904
11 8   -0.0177904
11 9   -0.0177904
11 10   -0.0177904
11 11   -0.0177904
11 12   -0.0177904
11 13   -0.0177904
11 14   -0.0177904
11 15   -0.0177904
11 16   -0.0177904
11 17   -0.0177904
11 18   -0.0177904
11 19   -0.0177904
11 20   -0.0177904
11 21   -0.0177904
11 22   -0.0177904
11 23   -0.0177904
11 24   -0.0177904
11 25   -0.0177904
11 26   -0.0177904
11 27   -0.0177904
11 28   -0.0177904
11 29   -0.0177904
11 30   -0.0177904
11 31   -0.0177904
11 32   -0.0177904
11 33   -0.0177904
11 34   -0.0177904
11 35   -0.0177904
11 36   -0.0177904
11 37   -0.0177904
11 38   -0.0177904
11 39   -0.0177904
11 40   -0.0177904
12 1   0.0570184
12 2   0.0570184
12 3   0.0570184
12 4   0.0570184
12 5   0.0570184
12 6   0.0570184
12 7   0.0570184
12 8   0.0570184
12 9   0.0570184
12 10   0.0570184
12 11   0.0570184
12 12   0.0570184
12 13   0.0570184
12 14   0.0570184
12 15   0.0570184
12 16   0.0570184
12 17   0.0570184
12 18   0.0570184
12 19   0.0570184
12 20   0.0570184
12 21   0.0570184
12 22   0.0570184
12 23   0.0570184
12 24   0.0570184
12 25   0.0570184
12 26   0.0570184
12 27   0.0570184
12 28   0.0570184
12 29   0.0570184
12 30   0.0570184
12 31   0.0570184
12 32   0.0570184
12 33   0.0570184
12 34   0.0570184
12 35   0.0570184
12 36   0.0570184
12 37   0.0570184
12 38   0.0570184
12 39   0.0570184
12 40   0.0570184
13 1   0.0306942
13 2   0.0306942
13 3   0.0306942
13 4   0.0306942
13 5   0.0306942
13 6   0.0306942
13 7   0.0306942
13 8   0.0306942
13 9   0.0306942
13 10   0.0306942
13 11   0.0306942
13 12   0.0306942
13 13   0.0306942
13 14   0.0306942
13 15   0.0306942
13 16   0.0306942
13 17   0.0306942
13 18   0.0306942
13 19   0.0306942
13 20   0.0306942
13 21   0.0306942
13 22   0.0306942
13 23   0.0306942
13 24   0.0306942
13 25   0.0306942
13 26   0.0306942
13 27   0.0306942
13 28   0.0306942
13 29   0.0306942
13 30   0.0306942
13 31   0.0306942
13 32   0.0306942
13 33   0.0306942
13 34   0.0306942
13 35   0.0306942
13 36   0.0306942
13 37   0.0306942
13 38   0.0306942
13 39   0.0306942
13 40   0.0306942
14 1   -0.0420848
14 2   -0.0420848
14 3   -0.0420848
14 4   -0.0420848
14 5   -0.0420848
14 6   -0.0420848
14 7   -0.0420848
14 8   -0.0420848
14 9   -0.0420848
14 10   -0.0420848
14 11   -0.0420848
14 12   -0.0420848
14 13   -0.0420848
14 14   -0.0420848
14 15   -0.0420848
14 16   -0.0420848
14 17   -0.0420848
14 18   -0.0420848
14 19   -0.0420848
14 20   -0.0420848
14 21   -0.0420848
14 22   -0.0420848
14 23   -0.0420848
14 24   -0.0420848
14 25   -0.0420848
14 26   -0.0420848
14 27   -0.0420848
14 28   -0.0420848
14 29   -0.0420848
14 30   -0.0420848
14 31   -0.0420848
14 32   -0.0420848
14 33   -0.0420848
14 34   -0.0420848
14 35   -0.0420848
14 36   -0.0420848
14 37   -0.0420848
14 38   -0.0420848
14 39   -0.0420848
14 40   -0.0420848
15 1   -0.107133
15 2   -0.107133
15 3   -0.107133
15 4   -0.107133
15 5   -0.107133
15 6   -0.107133
15 7   -0.107133
15 8   -0.107133
15 9   -0.107133
15 10   -0.107133
15 11   -0.107133
15 12   -0.107133
15 13   -0.107133
15 14   -0.107133
15 15   -0.107133
15 16   -0.107133
15 17   -0.107133
15 18   -0.107133
15 19   -0.107133
15 20   -0.107133
15 21   -0.107133
15 22   -0.107133
15 23   -0.107133
15 24   -0.107133
15 25   -0.107133
15 26   -0.107133
15 27   -0.107133
15 28   -0.107133
15 29   -0.107133
15 30   -0.107133
15 31   -0.107133
15 32   -0.107133
15 33   -0.107133
15 34   -0.107133
15 35   -0.107133
15 36   -0.107133
15 37   -0.107133
15 38   -0.107133
15 39   -0.107133
15 40   -0.107133
16 1   -0.0324177
16 2   -0.0324177
16 3   -0.0324177
16 4   -0.0324177
16 5   -0.0324177
16 6   -0.0324177
16 7   -0.0324177
16 8   -0.0324177
16 9   -0.0324177
16 10   -0.0324177
16 11   -0.0324177
16 12   -0.0324177
16 13   -0.0324177
16 14   -0.0324177
16 15   -0.0324177
16 16   -0.0324177
16 17   -0.0324177
16 18   -0.0324177
16 19   -0.0324177
16 20   -0.0324177
16 21   -0.0324177
16 22   -0.0324177
16 23   -0.0324177
16 24   -0.0324177
16 25   -0.0324177
16 26   -0.0324177
16 27   -0.0324177
16 28   -0.0324177
16 29   -0.0324177
16 30   -0.0324177
16 31   -0.0324177
16 32   -0.0324177
16 33   -0.0324177
16 34   -0.0324177
16 35   -0.0324177
16 36   -0.0324177
16 37   -0.0324177
16 38   -0.0324177
16 39   -0.0324177
16 40   -0.0324177
17 1   0.0984478
17 2   0.0984478
17 3   0.0984478
17 4   0.0984478
17 5   0.0984478
17 6   0.0984478
17 7   0.0984478
17 8   0.0984478
17 9   0.0984478
17 10   0.0984478
17 11   0.0984478
17 12   0.0984478
17 13   0.0984478
17 14   0.0984478
17 15   0.0984478
17 16   0.0984478
17 17   0.0984478
17 18   0.0984478
17 19   0.0984478
17 20   0.0984478
17 21   0.0984478
17 22   0.0984478
17 23   0.0984478
17 24   0.0984478
17 25   0.0984478
17 26   0.0984478
17 27   0.0984478
17 28   0.0984478
17 29   0.0984478
17 30   0.0984478
17 31   0.0984478
17 32   0.0984478
17 33   0.0984478
17 34   0.0984478
17 35   0.0984478
17 36   0.0984478
17 37   0.0984478
17 38   0.0984478
17 39   0.0984478
17 40   0.0984478
18 1   0.266681
18 2   0.266681
18 3   0.266681
18 4   0.266681
18 5   0.266681
18 6   0.266681
18 7   0.266681
18 8   0.266681
18 9   0.266681
18 10   0.266681
18 11   0.266681
18 12   0.266681
18 13   0.266681
18 14   0.266681
18 15   0.266681
18 16   0.266681
18 17   0.266681
18 18   0.266681
18 19   0.266681
18 20   0.266681
18 21   0.266681
18 22   0.266681
18 23   0.266681
18 24   0.266681
18 25   0.266681
18 26   0.266681
18 27   0.266681
18 28   0.266681
18 29   0.266681
18 30   0.266681
18 31   0.266681
18 32   0.266681
18 33   0.266681
18 34   0.266681
18 35   0.266681
18 36   0.266681
18 37   0.266681
18 38   0.266681
18 39   0.266681
18 40   0.266681
19 1   0.372376
19 2   0.372376
19 3   0.372376
19 4   0.372376
19 5   0.372376
19 6   0.372376
19 7   0.372376
19 8   0.372376
19 9   0.372376
19 10   0.372376
19 11   0.372376
19 12   0.372376
19 13   0.372376
19 14   0.372376
19 15   0.372376
19 16   0.372376
19 17   0.372376
19 18   0.372376
19 19   0.372376
19 20   0.372376
19 21   0.372376
19 22   0.372376
19 23   0.372376
19 24   0.372376
19 25   0.372376
19 26   0.372376
19 27   0.372376
19 28   0.372376
19 29   0.372376
19 30   0.372376
19 31   0.372376
19 32   0.372376
19 33   0.372376
19 34   0.372376
19 35   0.372376
19 36   0.372376
19 37   0.372376
19 38   0.372376
19 39   0.372376
19 40   0.372376
20 1   0.454531
20 2   0.454531
20 3   0.454531
20 4   0.454531
20 5   0.454531
20 6   0.454531
20 7   0.454531
20 8   0.454531
20 9   0.454531
20 10   0.454531
20 11   0.454531
20 12   0.454531
20 13   0.454531
20 14   0.454531
20 15   0.454531
20 16   0.454531
20 17   0.454531
20 18   0.454531
20 19   0.454531
20 20   0.454531
20 21   0.454531
20 22   0.454531
20 23   0.454531
20 24   0.454531
20 25   0.454531
20 26   0.454531
20 27   0.454531
20 28   0.454531
20 29   0.454531
20 30   0.454531
20 31   0.454531
20 32   0.454531
20 33   0.454531
20 34   0.454531
20 35   0.454531
20 36   0.454531
20 37   0.454531
20 38   0.454531
20 39   0.454531
20 40   0.454531
21 1   0.480473
21 2   0.480473
21 3   0.480473
21 4   0.480473
21 5   0.480473
21 6   0.480473
21 7   0.480473
21 8   0.480473
21 9   0.480473
21 10   0.480473
21 11   0.480473
21 12   0.480473
21 13   0.480473
21 14   0.480473
21 15   0.480473
21 16   0.480473
21 17   0.480473
21 18   0.480473
21 19   0.480473
21 20   0.480473
21 21   0.480473
21 22   0.480473
21 23   0.480473
21 24   0.480473
21 25   0.480473
21 26   0.480473
21 27   0.480473
21 28   0.480473
21 29   0.480473
21 30   0.480473
21 31   0.480473
21 32   0.480473
21 33   0.480473
21 34   0.480473
21 35   0.480473
21 36   0.480473
21 37   0.480473
21 38   0.480473
21 39   0.480473
21 40   0.480473
22 1   0.519978
22 2   0.519978
22 3   0.519978
22 4   0.519978
22 5   0.519978
22 6   0.519978
22 7   0.519978
22 8   0.519978
22 9   0.519978
22 10   0.519978
22 11   0.519978
22 12   0.519978
22 13   0.519978
22 14   0.519978
22 15   0.519978
22 16   0.519978
22 17   0.519978
22 18   0.519978
22 19   0.519978
22 20   0.519978
22 21   0.519978
22 22   0.519978
22 23   0.519978
22 24   0.519978
22 25   0.519978
22 26   0.519978
22 27   0.519978
22 28   0.519978
22 29   0.519978
22 30   0.519978
22 31   0.519978
22 32   0.519978
22 33   0.519978
22 34   0.519978
22 35   0.519978
22 36   0.519978
22 37   0.519978
22 38   0.519978
22 39   0.519978
22 40   0.519978
23 1   0.544585
23 2   0.544585
23 3   0.544585
23 4   0.544585
23 5   0.544585
23 6   0.544585
23 7   0.544585
23 8   0.544585
23 9   0.544585
23 10   0.544585
23 11   0.544585
23 12   0.544585
23 13   0.544585
23 14   0.544585
23 15   0.544585
23 16   0.544585
23 17   0.544585
23 18   0.544585
23 19   0.544585
23 20   0.544585
23 21   0.544585
23 22   0.544585
23 23   0.544585
23 24   0.544585
23 25   0.544585
23 26   0.544585
23 27   0.544585
23 28   0.544585
23 29   0.544585
23 30   0.544585
23 31   0.544585
23 32   0.544585
23 33   0.544585
23 34   0.544585
23 35   0.544585
23 36   0.544585
23 37   0.544585
23 38   0.544585
23 39   0.544585
23 40   0.544585
24 1   0.629124
24 2   0.629124
24 3   0.629124
24 4   0.629124
24 5   0.629124
24 6   0.629124
24 7   0.629124
24 8   0.629124
24 9   0.629124
24 10   0.629124
24 11   0.629124
24 12   0.629124
24 13   0.629124
24 14   0.629124
24 15   0.629124
24 16   0.629124
24 17   0.629124
24 18   0.629124
24 19   0.629124
24 20   0.629124
24 21   0.629124
24 22   0.629124
24 23   0.629124
24 24   0.629124
24 25   0.629124
24 26   0.629124
24 27   0.629124
24 28   0.629124
24 29   0.629124
24 30   0.629124
24 31   0.629124
24 32   0.629124
24 33   0.629124
24 34   0.629124
24 35   0.629124
24 36   0.629124
24 37   0.629124
24 38   0.629124
24 39   0.629124
24 40   0.629124
25 1   0.732
25 2   0.732
25 3   0.732
25 4   0.732
25 5   0.732
25 6   0.732
25 7   0.732
25 8   0.732
25 9   0.732
25 10   0.732
25 11   0.732
25 12   0.732
25 13   0.732
25 14   0.732
25 15   0.732
25 16   0.732
25 17   0.732
25 18   0.732
25 19   0.732
25 20   0.732
25 21   0.732
25 22   0.732
25 23   0.732
25 24   0.732
25 25   0.732
25 26   0.732
25 27   0.732
25 28   0.732
25 29   0.732
25 30   0.732
25 31   0.732
25 32   0.732
25 33   0.732
25 34   0.732
25 35   0.732
25 36   0.732
25 37   0.732
25 38   0.732
25 39   0.732
25 40   0.732
26 1   0.902484
26 2   0.902484
26 3   0.902484
26 4   0.902484
26 5   0.902484
26 6   0.902484
26 7   0.902484
26 8   0.902484
26 9   0.902484
26 10   0.902484
26 11   0.902484
26 12   0.902484
26 13   0.902484
26 14   0.902484
26 15   0.902484
26 16   0.902484
26 17   0.902484
26 18   0.902484
26 19   0.902484
26 20   0.902484
26 21   0.902484
26 22   0.902484
26 23   0.902484
26 24   0.902484
26 25   0.902484
26 26   0.902484
26 27   0.902484
26 28   0.902484
26 29   0.902484
26 30   0.902484
26 31   0.902484
26 32   0.902484
26 33   0.902484
26 34   0.902484
26 35   0.902484
26 36   0.902484
26 37   0.902484
26 38   0.902484
26 39   0.902484
26 40   0.902484
27 1   1.03309
27 2   1.03309
27 3   1.03309
27 4   1.03309
27 5   1.03309
27 6   1.03309
27 7   1.03309
27 8   1.03309
27 9   1.03309
27 10   1.03309
27 11   1.03309
27 12   1.03309
27 13   1.03309
27 14   1.03309
27 15   1.03309
27 16   1.03309
27 17   1.03309
27 18   1.03309
27 19   1.03309
27 20   1.03309
27 21   1.03309
27 22   1.03309
27 23   1.03309
27 24   1.03309
27 25   1.03309
27 26   1.03309
27 27   1.03309
27 28   1.03309
27 29   1.03309
27 30   1.03309
27 31   1.03309
27 32   1.03309
27 33   1.03309
27 34   1.03309
27 35   1.03309
27 36   1.03309
27 37   1.03309
27 38   1.03309
27 39   1.03309
27 40   1.03309
28 1   1.10432
28 2   1.10432
28 3   1.10432
28 4   1.10432
28 5   1.10432
28 6   1.10432
28 7   1.10432
28 8   1.10432
28 9   1.10432
28 10   1.10432
28 11   1.10432
28 12   1.10432
28 13   1.10432
28 14   1.10432
28 15   1.10432
28 16   1.10432
28 17   1.10432
28 18   1.10432
28 19   1.10432
28 20   1.10432
28 21   1.10432
28 22   1.10432
28 23   1.10432
28 24   1.10432
28 25   1.10432
28 26   1.10432
28 27   1.10432
28 28   1.10432
28 29   1.10432
28 30   1.10432
28 31   1.10432
28 32   1.10432
28 33   1.10432
28 34   1.10432
28 35   1.10432
28 36   1.10432
28 37   1.10432
28 38   1.10432
28 39   1.10432
28 40   1.10432
29 1   1.0483
29 2   1.0483
29 3   1.0483
29 4   1.0483
29 5   1.0483
29 6   1.0483
29 7   1.0483
29 8   1.0483
29 9   1.0483
29 10   1.0483
29 11   1.0483
29 12   1.0483
29 13   1.0483
29 14   1.0483
29 15   1.0483
29 16   1.0483
29 17   1.0483
29 18   1.0483
29 19   1.0483
29 20   1.0483
29 21   1.0483
29 22   1.0483
29 23   1.0483
29 24   1.0483
29 25   1.0483
29 26   1.0483
29 27   1.0483
29 28   1.0483
29 29   1.0483
29 30   1.0483
29 31   1.0483
29 32   1.0483
29 33   1.0483
29 34   1.0483
29 35   1.0483
29 36   1.0483
29 37   1.0483
29 38   1.0483
29 39   1.0483
29 40   1.0483
30 1   0.959691
30 2   0.959691
30 3   0.959691
30 4   0.959691
30 5   0.959691
30 6   0.959691
30 7   0.959691
30 8   0.959691
30 9   0.959691
30 10   0.959691
30 11   0.959691
30 12   0.959691
30 13   0.959691
30 14   0.959691
30 15   0.959691
30 16   0.959691
30 17   0.959691
30 18   0.959691
30 19   0.959691
30 20   0.959691
30 21   0.959691
30 22   0.959691
30 23   0.959691
30 24   0.959691
30 25   0.959691
30 26   0.959691
30 27   0.959691
30 28   0.959691
30 29   0.959691
30 30   0.959691
30 31   0.959691
30 32   0.959691
30 33   0.959691
30 34   0.959691
30 35   0.959691
30 36   0.959691
30 37   0.959691
30 38   0.959691
30 39   0.959691
30 40   0.959691
31 1   0.955803
31 2   0.955803
31 3   0.955803
31 4   0.955803
31 5   0.955803
31 6   0.955803
31 7   0.955803
31 8   0.955803
31 9   0.955803
31 10   0.955803
31 11   0.955803
31 12   0.955803
31 13   0.955803
31 14   0.955803
31 15   0.955803
31 16   0.955803
31 17   0.955803
31 18   0.955803
31 19   0.955803
31 20   0.955803
31 21   0.955803
31 22   0.955803
31 23   0.955803
31 24   0.955803
31 25   0.955803
31 26   0.955803
31 27   0.955803
31 28   0.955803
31 29   0.955803
31 30   0.955803
31 31   0.955803
31 32   0.955803
31 33   0.955803
31 34   0.955803
31 35   0.955803
31 36   0.955803
31 37   0.955803
31 38   0.955803
31 39   0.955803
31 40   0.955803
32 1   1.00426
32 2   1.00426
32 3   1.00426
32 4   1.00426
32 5   1.00426
32 6   1.00426
32 7   1.00426
32 8   1.00426
32 9   1.00426
32 10   1.00426
32 11   1.00426
32 12   1.00426
32 13   1.00426
32 14   1.00426
32 15   1.00426
32 16   1.00426
32 17   1.00426
32 18   1.00426
32 19   1.00426
32 20   1.00426
32 21   1.00426
32 22   1.00426
32 23   1.00426
32 24   1.00426
32 25   1.00426
32 26   1.00426
32 27   1.00426
32 28   1.00426
32 29   1.00426
32 30   1.00426
32 31   1.00426
32 32   1.00426
32 33   1.00426
32 34   1.00426
32 35   1.00426
32 36   1.00426
32 37   1.00426
32 38   1.00426
32 39   1.00426
32 40   1.00426
33 1   1.04777
33 2   1.04777
33 3   1.04777
33 4   1.04777
33 5   1.04777
33 6   1.04777
33 7   1.04777
33 8   1.04777
33 9   1.04777
33 10   1.04777
33 11   1.04777
33 12   1.04777
33 13   1.04777
33 14   1.04777
33 15   1.04777
33 16   1.04777
33 17   1.04777
33 18   1.04777
33 19   1.04777
33 20   1.04777
33 21   1.04777
33 22   1.04777
33 23   1.04777
33 24   1.04777
33 25   1.04777
33 26   1.04777
33 27   1.04777
33 28   1.04777
33 29   1.04777
33 30   1.04777
33 31   1.04777
33 32   1.04777
33 33   1.04777
33 34   1.04777
33 35   1.04777
33 36   1.04777
33 37   1.04777
33 38   1.04777
33 39   1.04777
33 40   1.04777
34 1   0.982705
34 2   0.982705
34 3   0.982705
34 4   0.982705
34 5   0.982705
34 6   0.982705
34 7   0.982705
34 8   0.982705
34 9   0.982705
34 10   0.982705
34 11   0.982705
34 12   0.982705
34 13   0.982705
34 14   0.982705
34 15   0.982705
34 16   0.982705
34 17   0.982705
34 18   0.982705
34 19   0.982705
34 20   0.982705
34 21   0.982705
34 22   0.982705
34 23   0.982705
34 24   0.982705
34 25   0.982705
34 26   0.982705
34 27   0.982705
34 28   0.982705
34 29   0.982705
34 30   0.982705
34 31   0.982705
34 32   0.982705
34 33   0.982705
34 34   0.982705
34 35   0.982705
34 36   0.982705
34 37   0.982705
34 38   0.982705
34 39   0.982705
34 40   0.982705
35 1   0.971909
35 2   0.971909
35 3   0.971909
35 4   0.971909
35 5   0.971909
35 6   0.971909
35 7   0.971909
35 8   0.971909
35 9   0.971909
35 10   0.971909
35 11   0.971909
35 12   0.971909
35 13   0.971909
35 14   0.971909
35 15   0.971909
35 16   0.971909
35 17   0.971909
35 18   0.971909
35 19   0.971909
35 20   0.971909
35 21   0.971909
35 22   0.971909
35 23   0.971909
35 24   0.971909
35 25   0.971909
35 26   0.971909
35 27   0.971909
35 28   0.971909
35 29   0.971909
35 30   0.971909
35 31   0.971909
35 32   0.971909
35 33   0.971909
35 34   0.971909
35 35   0.971909
35 36   0.971909
35 37   0.971909
35 38   0.971909
35 39   0.971909
35 40   0.971909
36 1   1.02632
36 2   1.02632
36 3   1.02632
36 4   1.02632
36 5   1.02632
36 6   1.02632
36 7   1.02632
36 8   1.02632
36 9   1.02632
36 10   1.02632
36 11   1.02632
36 12   1.02632
36 13   1.02632
36 14   1.02632
36 15   1.02632
36 16   1.02632
36 17   1.02632
36 18   1.02632
36 19   1.02632
36 20   1.02632
36 21   1.02632
36 22   1.02632
36 23   1.02632
36 24   1.02632
36 25   1.02632
36 26   1.02632
36 27   1.02632
36 28   1.02632
36 29   1.02632
36 30   1.02632
36 31   1.02632
36 32   1.02632
36 33   1.02632
36 34   1.02632
36 35   1.02632
36 36   1.02632
36 37   1.02632
36 38   1.02632
36 39   1.02632
36 40   1.02632
37 1   1.00032
37 2   1.00032
37 3   1.00032
37 4   1.00032
37 5   1.00032
37 6   1.00032
37 7   1.00032
37 8   1.00032
37 9   1.00032
37 10   1.00032
37 11   1.00032
37 12   1.00032
37 13   1.00032
37 14   1.00032
37 15   1.00032
37 16   1.00032
37 17   1.00032
37 18   1.00032
37 19   1.00032
37 20   1.00032
37 21   1.00032
37 22   1.00032
37 23   1.00032
37 24   1.00032
37 25   1.00032
37 26   1.00032
37 27   1.00032
37 28   1.00032
37 29   1.00032
37 30   1.00032
37 31   1.00032
37 32   1.00032
37 33   1.00032
37 34   1.00032
37 35   1.00032
37 36   1.00032
37 37   1.00032
37 38   1.00032
37 39   1.00032
37 40   1.00032
38 1   0.987229
38 2   0.987229
38 3   0.987229
38 4   0.987229
38 5   0.987229
38 6   0.987229
38 7   0.987229
38 8   0.987229
38 9   0.987229
38 10   0.987229
38 11   0.987229
38 12   0.987229
38 13   0.987229
38 14   0.987229
38 15   0.987229
38 16   0.987229
38 17   0.987229
38 18   0.987229
38 19   0.987229
38 20   0.987229
38 21   0.987229
38 22   0.987229
38 23   0.987229
38 24   0.987229
38 25   0.987229
38 26   0.987229
38 27   0.987229
38 28   0.987229
38 29   0.987229
38 30   0.987229
38 31   0.987229
38 32   0.987229
38 33   0.987229
38 34   0.987229
38 35   0.987229
38 36   0.987229
38 37   0.987229
38 38   0.987229
38 39   0.987229
38 40   0.987229
39 1   1.00792
39 2   1.00792
39 3   1.00792
39 4   1.00792
39 5   1.00792
39 6   1.00792
39 7   1.00792
39 8   1.00792
39 9   1.00792
39 10   1.00792
39 11   1.00792
39 12   1.00792
39 13   1.00792
39 14   1.00792
39 15   1.00792
39 16   1.00792
39 17   1.00792
39 18   1.00792
39 19   1.00792
39 20   1.00792
39 21   1.00792
39 22   1.00792
39 23   1.00792
39 24   1.00792
39 25   1.00792
39 26   1.00792
39 27   1.00792
39 28   1.00792
39 29   1.00792
39 30   1.00792
39 31   1.00792
39 32   1.00792
39 33   1.00792
39 34   1.00792
39 35   1.00792
39 36   1.00792
39 37   1.00792
39 38   1.00792
39 39   1.00792
39 40   1.00792
40 1   0.998348
40 2   0.998348
40 3   0.998348
40 4   0.998348
40 5   0.998348
40 6   0.998348
40 7   0.998348
40 8   0.998348
40 9   0.998348
40 10   0.998348
40 11   0.998348
40 12   0.998348
40 13   0.998348
40 14   0.998348
40 15   0.998348
40 16   0.998348
40 17   0.998348
40 18   0.998348
40 19   0.998348
40 20   0.998348
40 21   0.998348
40 22   0.998348
40 23   0.998348
40 24   0.998348
40 25   0.998348
40 26   0.998348
40 27   0.998348
40 28   0.998348
40 29   0.998348
40 30   0.998348
40 31   0.998348
40 32   0.998348
40 33   0.998348
40 34   0.998348
40 35   0.998348
40 36   0.998348
40 37   0.998348
40 38   0.998348
40 39   0.998348
40 40   0.998348
