1 1   0.996197
1 2   0.996197
1 3   0.996197
1 4   0.996197
1 5   0.996197
1 6   0.996197
1 7   0.996197
1 8   0.996197
1 9   0.996197
1 10   0.996197
1 11   0.996197
1 12   0.996197
1 13   0.996197
1 14   0.996197
1 15   0.996197
1 16   0.996197
1 17   0.996197
1 18   0.996197
1 19   0.996197
1 20   0.996197
1 21   0.996197
1 22   0.996197
1 23   0.996197
1 24   0.996197
1 25   0.996197
1 26   0.996197
1 27   0.996197
1 28   0.996197
1 29   0.996197
1 30   0.996197
1 31   0.996197
1 32   0.996197
1 33   0.996197
1 34   0.996197
1 35   0.996197
1 36   0.996197
1 37   0.996197
1 38   0.996197
1 39   0.996197
1 40   0.996197
2 1   0.99627
2 2   0.99627
2 3   0.99627
2 4   0.99627
2 5   0.99627
2 6   0.99627
2 7   0.99627
2 8   0.99627
2 9   0.99627
2 10   0.99627
2 11   0.99627
2 12   0.99627
2 13   0.99627
2 14   0.99627
2 15   0.99627
2 16   0.99627
2 17   0.99627
2 18   0.99627
2 19   0.99627
2 20   0.99627
2 21   0.99627
2 22   0.99627
2 23   0.99627
2 24   0.99627
2 25   0.99627
2 26   0.99627
2 27   0.99627
2 28   0.99627
2 29   0.99627
2 30   0.99627
2 31   0.99627
2 32   0.99627
2 33   0.99627
2 34   0.99627
2 35   0.99627
2 36   0.99627
2 37   0.99627
2 38   0.99627
2 39   0.99627
2 40   0.99627
3 1   0.997965
3 2   0.997965
3 3   0.997965
3 4   0.997965
3 5   0.997965
3 6   0.997965
3 7   0.997965
3 8   0.997965
3 9   0.997965
3 10   0.997965
3 11   0.997965
3 12   0.997965
3 13   0.997965
3 14   0.997965
3 15   0.997965
3 16   0.997965
3 17   0.997965
3 18   0.997965
3 19   0.997965
3 20   0.997965
3 21   0.997965
3 22   0.997965
3 23   0.997965
3 24   0.997965
3 25   0.997965
3 26   0.997965
3 27   0.997965
3 28   0.997965
3 29   0.997965
3 30   0.997965
3 31   0.997965
3 32   0.997965
3 33   0.997965
3 34   0.997965
3 35   0.997965
3 36   0.997965
3 37   0.997965
3 38   0.997965
3 39   0.997965
3 40   0.997965
4 1   1.0033
4 2   1.0033
4 3   1.0033
4 4   1.0033
4 5   1.0033
4 6   1.0033
4 7   1.0033
4 8   1.0033
4 9   1.0033
4 10   1.0033
4 11   1.0033
4 12   1.0033
4 13   1.0033
4 14   1.0033
4 15   1.0033
4 16   1.0033
4 17   1.0033
4 18   1.0033
4 19   1.0033
4 20   1.0033
4 21   1.0033
4 22   1.0033
4 23   1.0033
4 24   1.0033
4 25   1.0033
4 26   1.0033
4 27   1.0033
4 28   1.0033
4 29   1.0033
4 30   1.0033
4 31   1.0033
4 32   1.0033
4 33   1.0033
4 34   1.0033
4 35   1.0033
4 36   1.0033
4 37   1.0033
4 38   1.0033
4 39   1.0033
4 40   1.0033
5 1   1.01093
5 2   1.01093
5 3   1.01093
5 4   1.01093
5 5   1.01093
5 6   1.01093
5 7   1.01093
5 8   1.01093
5 9   1.01093
5 10   1.01093
5 11   1.01093
5 12   1.01093
5 13   1.01093
5 14   1.01093
5 15   1.01093
5 16   1.01093
5 17   1.01093
5 18   1.01093
5 19   1.01093
5 20   1.01093
5 21   1.01093
5 22   1.01093
5 23   1.01093
5 24   1.01093
5 25   1.01093
5 26   1.01093
5 27   1.01093
5 28   1.01093
5 29   1.01093
5 30   1.01093
5 31   1.01093
5 32   1.01093
5 33   1.01093
5 34   1.01093
5 35   1.01093
5 36   1.01093
5 37   1.01093
5 38   1.01093
5 39   1.01093
5 40   1.01093
6 1   1.01406
6 2   1.01406
6 3   1.01406
6 4   1.01406
6 5   1.01406
6 6   1.01406
6 7   1.01406
6 8   1.01406
6 9   1.01406
6 10   1.01406
6 11   1.01406
6 12   1.01406
6 13   1.01406
6 14   1.01406
6 15   1.01406
6 16   1.01406
6 17   1.01406
6 18   1.01406
6 19   1.01406
6 20   1.01406
6 21   1.01406
6 22   1.01406
6 23   1.01406
6 24   1.01406
6 25   1.01406
6 26   1.01406
6 27   1.01406
6 28   1.01406
6 29   1.01406
6 30   1.01406
6 31   1.01406
6 32   1.01406
6 33   1.01406
6 34   1.01406
6 35   1.01406
6 36   1.01406
6 37   1.01406
6 38   1.01406
6 39   1.01406
6 40   1.01406
7 1   1.00582
7 2   1.00582
7 3   1.00582
7 4   1.00582
7 5   1.00582
7 6   1.00582
7 7   1.00582
7 8   1.00582
7 9   1.00582
7 10   1.00582
7 11   1.00582
7 12   1.00582
7 13   1.00582
7 14   1.00582
7 15   1.00582
7 16   1.00582
7 17   1.00582
7 18   1.00582
7 19   1.00582
7 20   1.00582
7 21   1.00582
7 22   1.00582
7 23   1.00582
7 24   1.00582
7 25   1.00582
7 26   1.00582
7 27   1.00582
7 28   1.00582
7 29   1.00582
7 30   1.00582
7 31   1.00582
7 32   1.00582
7 33   1.00582
7 34   1.00582
7 35   1.00582
7 36   1.00582
7 37   1.00582
7 38   1.00582
7 39   1.00582
7 40   1.00582
8 1   0.987381
8 2   0.987381
8 3   0.987381
8 4   0.987381
8 5   0.987381
8 6   0.987381
8 7   0.987381
8 8   0.987381
8 9   0.987381
8 10   0.987381
8 11   0.987381
8 12   0.987381
8 13   0.987381
8 14   0.987381
8 15   0.987381
8 16   0.987381
8 17   0.987381
8 18   0.987381
8 19   0.987381
8 20   0.987381
8 21   0.987381
8 22   0.987381
8 23   0.987381
8 24   0.987381
8 25   0.987381
8 26   0.987381
8 27   0.987381
8 28   0.987381
8 29   0.987381
8 30   0.987381
8 31   0.987381
8 32   0.987381
8 33   0.987381
8 34   0.987381
8 35   0.987381
8 36   0.987381
8 37   0.987381
8 38   0.987381
8 39   0.987381
8 40   0.987381
9 1   0.969236
9 2   0.969236
9 3   0.969236
9 4   0.969236
9 5   0.969236
9 6   0.969236
9 7   0.969236
9 8   0.969236
9 9   0.969236
9 10   0.969236
9 11   0.969236
9 12   0.969236
9 13   0.969236
9 14   0.969236
9 15   0.969236
9 16   0.969236
9 17   0.969236
9 18   0.969236
9 19   0.969236
9 20   0.969236
9 21   0.969236
9 22   0.969236
9 23   0.969236
9 24   0.969236
9 25   0.969236
9 26   0.969236
9 27   0.969236
9 28   0.969236
9 29   0.969236
9 30   0.969236
9 31   0.969236
9 32   0.969236
9 33   0.969236
9 34   0.969236
9 35   0.969236
9 36   0.969236
9 37   0.969236
9 38   0.969236
9 39   0.969236
9 40   0.969236
10 1   0.964353
10 2   0.964353
10 3   0.964353
10 4   0.964353
10 5   0.964353
10 6   0.964353
10 7   0.964353
10 8   0.964353
10 9   0.964353
10 10   0.964353
10 11   0.964353
10 12   0.964353
10 13   0.964353
10 14   0.964353
10 15   0.964353
10 16   0.964353
10 17   0.964353
10 18   0.964353
10 19   0.964353
10 20   0.964353
10 21   0.964353
10 22   0.964353
10 23   0.964353
10 24   0.964353
10 25   0.964353
10 26   0.964353
10 27   0.964353
10 28   0.964353
10 29   0.964353
10 30   0.964353
10 31   0.964353
10 32   0.964353
10 33   0.964353
10 34   0.964353
10 35   0.964353
10 36   0.964353
10 37   0.964353
10 38   0.964353
10 39   0.964353
10 40   0.964353
11 1   0.979122
11 2   0.979122
11 3   0.979122
11 4   0.979122
11 5   0.979122
11 6   0.979122
11 7   0.979122
11 8   0.979122
11 9   0.979122
11 10   0.979122
11 11   0.979122
11 12   0.979122
11 13   0.979122
11 14   0.979122
11 15   0.979122
11 16   0.979122
11 17   0.979122
11 18   0.979122
11 19   0.979122
11 20   0.979122
11 21   0.979122
11 22   0.979122
11 23   0.979122
11 24   0.979122
11 25   0.979122
11 26   0.979122
11 27   0.979122
11 28   0.979122
11 29   0.979122
11 30   0.979122
11 31   0.979122
11 32   0.979122
11 33   0.979122
11 34   0.979122
11 35   0.979122
11 36   0.979122
11 37   0.979122
11 38   0.979122
11 39   0.979122
11 40   0.979122
12 1   1.00771
12 2   1.00771
12 3   1.00771
12 4   1.00771
12 5   1.00771
12 6   1.00771
12 7   1.00771
12 8   1.00771
12 9   1.00771
12 10   1.00771
12 11   1.00771
12 12   1.00771
12 13   1.00771
12 14   1.00771
12 15   1.00771
12 16   1.00771
12 17   1.00771
12 18   1.00771
12 19   1.00771
12 20   1.00771
12 21   1.00771
12 22   1.00771
12 23   1.00771
12 24   1.00771
12 25   1.00771
12 26   1.00771
12 27   1.00771
12 28   1.00771
12 29   1.00771
12 30   1.00771
12 31   1.00771
12 32   1.00771
12 33   1.00771
12 34   1.00771
12 35   1.00771
12 36   1.00771
12 37   1.00771
12 38   1.00771
12 39   1.00771
12 40   1.00771
13 1   1.03307
13 2   1.03307
13 3   1.03307
13 4   1.03307
13 5   1.03307
13 6   1.03307
13 7   1.03307
13 8   1.03307
13 9   1.03307
13 10   1.03307
13 11   1.03307
13 12   1.03307
13 13   1.03307
13 14   1.03307
13 15   1.03307
13 16   1.03307
13 17   1.03307
13 18   1.03307
13 19   1.03307
13 20   1.03307
13 21   1.03307
13 22   1.03307
13 23   1.03307
13 24   1.03307
13 25   1.03307
13 26   1.03307
13 27   1.03307
13 28   1.03307
13 29   1.03307
13 30   1.03307
13 31   1.03307
13 32   1.03307
13 33   1.03307
13 34   1.03307
13 35   1.03307
13 36   1.03307
13 37   1.03307
13 38   1.03307
13 39   1.03307
13 40   1.03307
14 1   1.03586
14 2   1.03586
14 3   1.03586
14 4   1.03586
14 5   1.03586
14 6   1.03586
14 7   1.03586
14 8   1.03586
14 9   1.03586
14 10   1.03586
14 11   1.03586
14 12   1.03586
14 13   1.03586
14 14   1.03586
14 15   1.03586
14 16   1.03586
14 17   1.03586
14 18   1.03586
14 19   1.03586
14 20   1.03586
14 21   1.03586
14 22   1.03586
14 23   1.03586
14 24   1.03586
14 25   1.03586
14 26   1.03586
14 27   1.03586
14 28   1.03586
14 29   1.03586
14 30   1.03586
14 31   1.03586
14 32   1.03586
14 33   1.03586
14 34   1.03586
14 35   1.03586
14 36   1.03586
14 37   1.03586
14 38   1.03586
14 39   1.03586
14 40   1.03586
15 1   1.00527
15 2   1.00527
15 3   1.00527
15 4   1.00527
15 5   1.00527
15 6   1.00527
15 7   1.00527
15 8   1.00527
15 9   1.00527
15 10   1.00527
15 11   1.00527
15 12   1.00527
15 13   1.00527
15 14   1.00527
15 15   1.00527
15 16   1.00527
15 17   1.00527
15 18   1.00527
15 19   1.00527
15 20   1.00527
15 21   1.00527
15 22   1.00527
15 23   1.00527
15 24   1.00527
15 25   1.00527
15 26   1.00527
15 27   1.00527
15 28   1.00527
15 29   1.00527
15 30   1.00527
15 31   1.00527
15 32   1.00527
15 33   1.00527
15 34   1.00527
15 35   1.00527
15 36   1.00527
15 37   1.00527
15 38   1.00527
15 39   1.00527
15 40   1.00527
16 1   0.940817
16 2   0.940817
16 3   0.940817
16 4   0.940817
16 5   0.940817
16 6   0.940817
16 7   0.940817
16 8   0.940817
16 9   0.940817
16 10   0.940817
16 11   0.940817
16 12   0.940817
16 13   0.940817
16 14   0.940817
16 15   0.940817
16 16   0.940817
16 17   0.940817
16 18   0.940817
16 19   0.940817
16 20   0.940817
16 21   0.940817
16 22   0.940817
16 23   0.940817
16 24   0.940817
16 25   0.940817
16 26   0.940817
16 27   0.940817
16 28   0.940817
16 29   0.940817
16 30   0.940817
16 31   0.940817
16 32   0.940817
16 33   0.940817
16 34   0.940817
16 35   0.940817
16 36   0.940817
16 37   0.940817
16 38   0.940817
16 39   0.940817
16 40   0.940817
17 1   0.845173
17 2   0.845173
17 3   0.845173
17 4   0.845173
17 5   0.845173
17 6   0.845173
17 7   0.845173
17 8   0.845173
17 9   0.845173
17 10   0.845173
17 11   0.845173
17 12   0.845173
17 13   0.845173
17 14   0.845173
17 15   0.845173
17 16   0.845173
17 17   0.845173
17 18   0.845173
17 19   0.845173
17 20   0.845173
17 21   0.845173
17 22   0.845173
17 23   0.845173
17 24   0.845173
17 25   0.845173
17 26   0.845173
17 27   0.845173
17 28   0.845173
17 29   0.845173
17 30   0.845173
17 31   0.845173
17 32   0.845173
17 33   0.845173
17 34   0.845173
17 35   0.845173
17 36   0.845173
17 37   0.845173
17 38   0.845173
17 39   0.845173
17 40   0.845173
18 1   0.721013
18 2   0.721013
18 3   0.721013
18 4   0.721013
18 5   0.721013
18 6   0.721013
18 7   0.721013
18 8   0.721013
18 9   0.721013
18 10   0.721013
18 11   0.721013
18 12   0.721013
18 13   0.721013
18 14   0.721013
18 15   0.721013
18 16   0.721013
18 17   0.721013
18 18   0.721013
18 19   0.721013
18 20   0.721013
18 21   0.721013
18 22   0.721013
18 23   0.721013
18 24   0.721013
18 25   0.721013
18 26   0.721013
18 27   0.721013
18 28   0.721013
18 29   0.721013
18 30   0.721013
18 31   0.721013
18 32   0.721013
18 33   0.721013
18 34   0.721013
18 35   0.721013
18 36   0.721013
18 37   0.721013
18 38   0.721013
18 39   0.721013
18 40   0.721013
19 1   0.575652
19 2   0.575652
19 3   0.575652
19 4   0.575652
19 5   0.575652
19 6   0.575652
19 7   0.575652
19 8   0.575652
19 9   0.575652
19 10   0.575652
19 11   0.575652
19 12   0.575652
19 13   0.575652
19 14   0.575652
19 15   0.575652
19 16   0.575652
19 17   0.575652
19 18   0.575652
19 19   0.575652
19 20   0.575652
19 21   0.575652
19 22   0.575652
19 23   0.575652
19 24   0.575652
19 25   0.575652
19 26   0.575652
19 27   0.575652
19 28   0.575652
19 29   0.575652
19 30   0.575652
19 31   0.575652
19 32   0.575652
19 33   0.575652
19 34   0.575652
19 35   0.575652
19 36   0.575652
19 37   0.575652
19 38   0.575652
19 39   0.575652
19 40   0.575652
20 1   0.423348
20 2   0.423348
20 3   0.423348
20 4   0.423348
20 5   0.423348
20 6   0.423348
20 7   0.423348
20 8   0.423348
20 9   0.423348
20 10   0.423348
20 11   0.423348
20 12   0.423348
20 13   0.423348
20 14   0.423348
20 15   0.423348
20 16   0.423348
20 17   0.423348
20 18   0.423348
20 19   0.423348
20 20   0.423348
20 21   0.423348
20 22   0.423348
20 23   0.423348
20 24   0.423348
20 25   0.423348
20 26   0.423348
20 27   0.423348
20 28   0.423348
20 29   0.423348
20 30   0.423348
20 31   0.423348
20 32   0.423348
20 33   0.423348
20 34   0.423348
20 35   0.423348
20 36   0.423348
20 37   0.423348
20 38   0.423348
20 39   0.423348
20 40   0.423348
21 1   0.279947
21 2   0.279947
21 3   0.279947
21 4   0.279947
21 5   0.279947
21 6   0.279947
21 7   0.279947
21 8   0.279947
21 9   0.279947
21 10   0.279947
21 11   0.279947
21 12   0.279947
21 13   0.279947
21 14   0.279947
21 15   0.279947
21 16   0.279947
21 17   0.279947
21 18   0.279947
21 19   0.279947
21 20   0.279947
21 21   0.279947
21 22   0.279947
21 23   0.279947
21 24   0.279947
21 25   0.279947
21 26   0.279947
21 27   0.279947
21 28   0.279947
21 29   0.279947
21 30   0.279947
21 31   0.279947
21 32   0.279947
21 33   0.279947
21 34   0.279947
21 35   0.279947
21 36   0.279947
21 37   0.279947
21 38   0.279947
21 39   0.279947
21 40   0.279947
22 1   0.156414
22 2   0.156414
22 3   0.156414
22 4   0.156414
22 5   0.156414
22 6   0.156414
22 7   0.156414
22 8   0.156414
22 9   0.156414
22 10   0.156414
22 11   0.156414
22 12   0.156414
22 13   0.156414
22 14   0.156414
22 15   0.156414
22 16   0.156414
22 17   0.156414
22 18   0.156414
22 19   0.156414
22 20   0.156414
22 21   0.156414
22 22   0.156414
22 23   0.156414
22 24   0.156414
22 25   0.156414
22 26   0.156414
22 27   0.156414
22 28   0.156414
22 29   0.156414
22 30   0.156414
22 31   0.156414
22 32   0.156414
22 33   0.156414
22 34   0.156414
22 35   0.156414
22 36   0.156414
22 37   0.156414
22 38   0.156414
22 39   0.156414
22 40   0.156414
23 1   0.0587886
23 2   0.0587886
23 3   0.0587886
23 4   0.0587886
23 5   0.0587886
23 6   0.0587886
23 7   0.0587886
23 8   0.0587886
23 9   0.0587886
23 10   0.0587886
23 11   0.0587886
23 12   0.0587886
23 13   0.0587886
23 14   0.0587886
23 15   0.0587886
23 16   0.0587886
23 17   0.0587886
23 18   0.0587886
23 19   0.0587886
23 20   0.0587886
23 21   0.0587886
23 22   0.0587886
23 23   0.0587886
23 24   0.0587886
23 25   0.0587886
23 26   0.0587886
23 27   0.0587886
23 28   0.0587886
23 29   0.0587886
23 30   0.0587886
23 31   0.0587886
23 32   0.0587886
23 33   0.0587886
23 34   0.0587886
23 35   0.0587886
23 36   0.0587886
23 37   0.0587886
23 38   0.0587886
23 39   0.0587886
23 40   0.0587886
24 1   -0.00719707
24 2   -0.00719707
24 3   -0.00719707
24 4   -0.00719707
24 5   -0.00719707
24 6   -0.00719707
24 7   -0.00719707
24 8   -0.00719707
24 9   -0.00719707
24 10   -0.00719707
24 11   -0.00719707
24 12   -0.00719707
24 13   -0.00719707
24 14   -0.00719707
24 15   -0.00719707
24 16   -0.00719707
24 17   -0.00719707
24 18   -0.00719707
24 19   -0.00719707
24 20   -0.00719707
24 21   -0.00719707
24 22   -0.00719707
24 23   -0.00719707
24 24   -0.00719707
24 25   -0.00719707
24 26   -0.00719707
24 27   -0.00719707
24 28   -0.00719707
24 29   -0.00719707
24 30   -0.00719707
24 31   -0.00719707
24 32   -0.00719707
24 33   -0.00719707
24 34   -0.00719707
24 35   -0.00719707
24 36   -0.00719707
24 37   -0.00719707
24 38   -0.00719707
24 39   -0.00719707
24 40   -0.00719707
25 1   -0.0361422
25 2   -0.0361422
25 3   -0.0361422
25 4   -0.0361422
25 5   -0.0361422
25 6   -0.0361422
25 7   -0.0361422
25 8   -0.0361422
25 9   -0.0361422
25 10   -0.0361422
25 11   -0.0361422
25 12   -0.0361422
25 13   -0.0361422
25 14   -0.0361422
25 15   -0.0361422
25 16   -0.0361422
25 17   -0.0361422
25 18   -0.0361422
25 19   -0.0361422
25 20   -0.0361422
25 21   -0.0361422
25 22   -0.0361422
25 23   -0.0361422
25 24   -0.0361422
25 25   -0.0361422
25 26   -0.0361422
25 27   -0.0361422
25 28   -0.0361422
25 29   -0.0361422
25 30   -0.0361422
25 31   -0.0361422
25 32   -0.0361422
25 33   -0.0361422
25 34   -0.0361422
25 35   -0.0361422
25 36   -0.0361422
25 37   -0.0361422
25 38   -0.0361422
25 39   -0.0361422
25 40   -0.0361422
26 1   -0.0306223
26 2   -0.0306223
26 3   -0.0306223
26 4   -0.0306223
26 5   -0.0306223
26 6   -0.0306223
26 7   -0.0306223
26 8   -0.0306223
26 9   -0.0306223
26 10   -0.0306223
26 11   -0.0306223
26 12   -0.0306223
26 13   -0.0306223
26 14   -0.0306223
26 15   -0.0306223
26 16   -0.0306223
26 17   -0.0306223
26 18   -0.0306223
26 19   -0.0306223
26 20   -0.0306223
26 21   -0.0306223
26 22   -0.0306223
26 23   -0.0306223
26 24   -0.0306223
26 25   -0.0306223
26 26   -0.0306223
26 27   -0.0306223
26 28   -0.0306223
26 29   -0.0306223
26 30   -0.0306223
26 31   -0.0306223
26 32   -0.0306223
26 33   -0.0306223
26 34   -0.0306223
26 35   -0.0306223
26 36   -0.0306223
26 37   -0.0306223
26 38   -0.0306223
26 39   -0.0306223
26 40   -0.0306223
27 1   -0.00563127
27 2   -0.00563127
27 3   -0.00563127
27 4   -0.00563127
27 5   -0.00563127
27 6   -0.00563127
27 7   -0.00563127
27 8   -0.00563127
27 9   -0.00563127
27 10   -0.00563127
27 11   -0.00563127
27 12   -0.00563127
27 13   -0.00563127
27 14   -0.00563127
27 15   -0.00563127
27 16   -0.00563127
27 17   -0.00563127
27 18   -0.00563127
27 19   -0.00563127
27 20   -0.00563127
27 21   -0.00563127
27 22   -0.00563127
27 23   -0.00563127
27 24   -0.00563127
27 25   -0.00563127
27 26   -0.00563127
27 27   -0.00563127
27 28   -0.00563127
27 29   -0.00563127
27 30   -0.00563127
27 31   -0.00563127
27 32   -0.00563127
27 33   -0.00563127
27 34   -0.00563127
27 35   -0.00563127
27 36   -0.00563127
27 37   -0.00563127
27 38   -0.00563127
27 39   -0.00563127
27 40   -0.00563127
28 1   0.0193012
28 2   0.0193012
28 3   0.0193012
28 4   0.0193012
28 5   0.0193012
28 6   0.0193012
28 7   0.0193012
28 8   0.0193012
28 9   0.0193012
28 10   0.0193012
28 11   0.0193012
28 12   0.0193012
28 13   0.0193012
28 14   0.0193012
28 15   0.0193012
28 16   0.0193012
28 17   0.0193012
28 18   0.0193012
28 19   0.0193012
28 20   0.0193012
28 21   0.0193012
28 22   0.0193012
28 23   0.0193012
28 24   0.0193012
28 25   0.0193012
28 26   0.0193012
28 27   0.0193012
28 28   0.0193012
28 29   0.0193012
28 30   0.0193012
28 31   0.0193012
28 32   0.0193012
28 33   0.0193012
28 34   0.0193012
28 35   0.0193012
28 36   0.0193012
28 37   0.0193012
28 38   0.0193012
28 39   0.0193012
28 40   0.0193012
29 1   0.0319535
29 2   0.0319535
29 3   0.0319535
29 4   0.0319535
29 5   0.0319535
29 6   0.0319535
29 7   0.0319535
29 8   0.0319535
29 9   0.0319535
29 10   0.0319535
29 11   0.0319535
29 12   0.0319535
29 13   0.0319535
29 14   0.0319535
29 15   0.0319535
29 16   0.0319535
29 17   0.0319535
29 18   0.0319535
29 19   0.0319535
29 20   0.0319535
29 21   0.0319535
29 22   0.0319535
29 23   0.0319535
29 24   0.0319535
29 25   0.0319535
29 26   0.0319535
29 27   0.0319535
29 28   0.0319535
29 29   0.0319535
29 30   0.0319535
29 31   0.0319535
29 32   0.0319535
29 33   0.0319535
29 34   0.0319535
29 35   0.0319535
29 36   0.0319535
29 37   0.0319535
29 38   0.0319535
29 39   0.0319535
29 40   0.0319535
30 1   0.0300708
30 2   0.0300708
30 3   0.0300708
30 4   0.0300708
30 5   0.0300708
30 6   0.0300708
30 7   0.0300708
30 8   0.0300708
30 9   0.0300708
30 10   0.0300708
30 11   0.0300708
30 12   0.0300708
30 13   0.0300708
30 14   0.0300708
30 15   0.0300708
30 16   0.0300708
30 17   0.0300708
30 18   0.0300708
30 19   0.0300708
30 20   0.0300708
30 21   0.0300708
30 22   0.0300708
30 23   0.0300708
30 24   0.0300708
30 25   0.0300708
30 26   0.0300708
30 27   0.0300708
30 28   0.0300708
30 29   0.0300708
30 30   0.0300708
30 31   0.0300708
30 32   0.0300708
30 33   0.0300708
30 34   0.0300708
30 35   0.0300708
30 36   0.0300708
30 37   0.0300708
30 38   0.0300708
30 39   0.0300708
30 40   0.0300708
31 1   0.0169607
31 2   0.0169607
31 3   0.0169607
31 4   0.0169607
31 5   0.0169607
31 6   0.0169607
31 7   0.0169607
31 8   0.0169607
31 9   0.0169607
31 10   0.0169607
31 11   0.0169607
31 12   0.0169607
31 13   0.0169607
31 14   0.0169607
31 15   0.0169607
31 16   0.0169607
31 17   0.0169607
31 18   0.0169607
31 19   0.0169607
31 20   0.0169607
31 21   0.0169607
31 22   0.0169607
31 23   0.0169607
31 24   0.0169607
31 25   0.0169607
31 26   0.0169607
31 27   0.0169607
31 28   0.0169607
31 29   0.0169607
31 30   0.0169607
31 31   0.0169607
31 32   0.0169607
31 33   0.0169607
31 34   0.0169607
31 35   0.0169607
31 36   0.0169607
31 37   0.0169607
31 38   0.0169607
31 39   0.0169607
31 40   0.0169607
32 1   -0.000962004
32 2   -0.000962004
32 3   -0.000962004
32 4   -0.000962004
32 5   -0.000962004
32 6   -0.000962004
32 7   -0.000962004
32 8   -0.000962004
32 9   -0.000962004
32 10   -0.000962004
32 11   -0.000962004
32 12   -0.000962004
32 13   -0.000962004
32 14   -0.000962004
32 15   -0.000962004
32 16   -0.000962004
32 17   -0.000962004
32 18   -0.000962004
32 19   -0.000962004
32 20   -0.000962004
32 21   -0.000962004
32 22   -0.000962004
32 23   -0.000962004
32 24   -0.000962004
32 25   -0.000962004
32 26   -0.000962004
32 27   -0.000962004
32 28   -0.000962004
32 29   -0.000962004
32 30   -0.000962004
32 31   -0.000962004
32 32   -0.000962004
32 33   -0.000962004
32 34   -0.000962004
32 35   -0.000962004
32 36   -0.000962004
32 37   -0.000962004
32 38   -0.000962004
32 39   -0.000962004
32 40   -0.000962004
33 1   -0.01507
33 2   -0.01507
33 3   -0.01507
33 4   -0.01507
33 5   -0.01507
33 6   -0.01507
33 7   -0.01507
33 8   -0.01507
33 9   -0.01507
33 10   -0.01507
33 11   -0.01507
33 12   -0.01507
33 13   -0.01507
33 14   -0.01507
33 15   -0.01507
33 16   -0.01507
33 17   -0.01507
33 18   -0.01507
33 19   -0.01507
33 20   -0.01507
33 21   -0.01507
33 22   -0.01507
33 23   -0.01507
33 24   -0.01507
33 25   -0.01507
33 26   -0.01507
33 27   -0.01507
33 28   -0.01507
33 29   -0.01507
33 30   -0.01507
33 31   -0.01507
33 32   -0.01507
33 33   -0.01507
33 34   -0.01507
33 35   -0.01507
33 36   -0.01507
33 37   -0.01507
33 38   -0.01507
33 39   -0.01507
33 40   -0.01507
34 1   -0.0181314
34 2   -0.0181314
34 3   -0.0181314
34 4   -0.0181314
34 5   -0.0181314
34 6   -0.0181314
34 7   -0.0181314
34 8   -0.0181314
34 9   -0.0181314
34 10   -0.0181314
34 11   -0.0181314
34 12   -0.0181314
34 13   -0.0181314
34 14   -0.0181314
34 15   -0.0181314
34 16   -0.0181314
34 17   -0.0181314
34 18   -0.0181314
34 19   -0.0181314
34 20   -0.0181314
34 21   -0.0181314
34 22   -0.0181314
34 23   -0.0181314
34 24   -0.0181314
34 25   -0.0181314
34 26   -0.0181314
34 27   -0.0181314
34 28   -0.0181314
34 29   -0.0181314
34 30   -0.0181314
34 31   -0.0181314
34 32   -0.0181314
34 33   -0.0181314
34 34   -0.0181314
34 35   -0.0181314
34 36   -0.0181314
34 37   -0.0181314
34 38   -0.0181314
34 39   -0.0181314
34 40   -0.0181314
35 1   -0.0090928
35 2   -0.0090928
35 3   -0.0090928
35 4   -0.0090928
35 5   -0.0090928
35 6   -0.0090928
35 7   -0.0090928
35 8   -0.0090928
35 9   -0.0090928
35 10   -0.0090928
35 11   -0.0090928
35 12   -0.0090928
35 13   -0.0090928
35 14   -0.0090928
35 15   -0.0090928
35 16   -0.0090928
35 17   -0.0090928
35 18   -0.0090928
35 19   -0.0090928
35 20   -0.0090928
35 21   -0.0090928
35 22   -0.0090928
35 23   -0.0090928
35 24   -0.0090928
35 25   -0.0090928
35 26   -0.0090928
35 27   -0.0090928
35 28   -0.0090928
35 29   -0.0090928
35 30   -0.0090928
35 31   -0.0090928
35 32   -0.0090928
35 33   -0.0090928
35 34   -0.0090928
35 35   -0.0090928
35 36   -0.0090928
35 37   -0.0090928
35 38   -0.0090928
35 39   -0.0090928
35 40   -0.0090928
36 1   0.00549162
36 2   0.00549162
36 3   0.00549162
36 4   0.00549162
36 5   0.00549162
36 6   0.00549162
36 7   0.00549162
36 8   0.00549162
36 9   0.00549162
36 10   0.00549162
36 11   0.00549162
36 12   0.00549162
36 13   0.00549162
36 14   0.00549162
36 15   0.00549162
36 16   0.00549162
36 17   0.00549162
36 18   0.00549162
36 19   0.00549162
36 20   0.00549162
36 21   0.00549162
36 22   0.00549162
36 23   0.00549162
36 24   0.00549162
36 25   0.00549162
36 26   0.00549162
36 27   0.00549162
36 28   0.00549162
36 29   0.00549162
36 30   0.00549162
36 31   0.00549162
36 32   0.00549162
36 33   0.00549162
36 34   0.00549162
36 35   0.00549162
36 36   0.00549162
36 37   0.00549162
36 38   0.00549162
36 39   0.00549162
36 40   0.00549162
37 1   0.0151491
37 2   0.0151491
37 3   0.0151491
37 4   0.0151491
37 5   0.0151491
37 6   0.0151491
37 7   0.0151491
37 8   0.0151491
37 9   0.0151491
37 10   0.0151491
37 11   0.0151491
37 12   0.0151491
37 13   0.0151491
37 14   0.0151491
37 15   0.0151491
37 16   0.0151491
37 17   0.0151491
37 18   0.0151491
37 19   0.0151491
37 20   0.0151491
37 21   0.0151491
37 22   0.0151491
37 23   0.0151491
37 24   0.0151491
37 25   0.0151491
37 26   0.0151491
37 27   0.0151491
37 28   0.0151491
37 29   0.0151491
37 30   0.0151491
37 31   0.0151491
37 32   0.0151491
37 33   0.0151491
37 34   0.0151491
37 35   0.0151491
37 36   0.0151491
37 37   0.0151491
37 38   0.0151491
37 39   0.0151491
37 40   0.0151491
38 1   0.0124154
38 2   0.0124154
38 3   0.0124154
38 4   0.0124154
38 5   0.0124154
38 6   0.0124154
38 7   0.0124154
38 8   0.0124154
38 9   0.0124154
38 10   0.0124154
38 11   0.0124154
38 12   0.0124154
38 13   0.0124154
38 14   0.0124154
38 15   0.0124154
38 16   0.0124154
38 17   0.0124154
38 18   0.0124154
38 19   0.0124154
38 20   0.0124154
38 21   0.0124154
38 22   0.0124154
38 23   0.0124154
38 24   0.0124154
38 25   0.0124154
38 26   0.0124154
38 27   0.0124154
38 28   0.0124154
38 29   0.0124154
38 30   0.0124154
38 31   0.0124154
38 32   0.0124154
38 33   0.0124154
38 34   0.0124154
38 35   0.0124154
38 36   0.0124154
38 37   0.0124154
38 38   0.0124154
38 39   0.0124154
38 40   0.0124154
39 1   -0.000845429
39 2   -0.000845429
39 3   -0.000845429
39 4   -0.000845429
39 5   -0.000845429
39 6   -0.000845429
39 7   -0.000845429
39 8   -0.000845429
39 9   -0.000845429
39 10   -0.000845429
39 11   -0.000845429
39 12   -0.000845429
39 13   -0.000845429
39 14   -0.000845429
39 15   -0.000845429
39 16   -0.000845429
39 17   -0.000845429
39 18   -0.000845429
39 19   -0.000845429
39 20   -0.000845429
39 21   -0.000845429
39 22   -0.000845429
39 23   -0.000845429
39 24   -0.000845429
39 25   -0.000845429
39 26   -0.000845429
39 27   -0.000845429
39 28   -0.000845429
39 29   -0.000845429
39 30   -0.000845429
39 31   -0.000845429
39 32   -0.000845429
39 33   -0.000845429
39 34   -0.000845429
39 35   -0.000845429
39 36   -0.000845429
39 37   -0.000845429
39 38   -0.000845429
39 39   -0.000845429
39 40   -0.000845429
40 1   -0.0132389
40 2   -0.0132389
40 3   -0.0132389
40 4   -0.0132389
40 5   -0.0132389
40 6   -0.0132389
40 7   -0.0132389
40 8   -0.0132389
40 9   -0.0132389
40 10   -0.0132389
40 11   -0.0132389
40 12   -0.0132389
40 13   -0.0132389
40 14   -0.0132389
40 15   -0.0132389
40 16   -0.0132389
40 17   -0.0132389
40 18   -0.0132389
40 19   -0.0132389
40 20   -0.0132389
40 21   -0.0132389
40 22   -0.0132389
40 23   -0.0132389
40 24   -0.0132389
40 25   -0.0132389
40 26   -0.0132389
40 27   -0.0132389
40 28   -0.0132389
40 29   -0.0132389
40 30   -0.0132389
40 31   -0.0132389
40 32   -0.0132389
40 33   -0.0132389
40 34   -0.0132389
40 35   -0.0132389
40 36   -0.0132389
40 37   -0.0132389
40 38   -0.0132389
40 39   -0.0132389
40 40   -0.0132389
