1 1   1.0475
1 2   1.0475
1 3   1.0475
1 4   1.0475
1 5   1.0475
1 6   1.0475
1 7   1.0475
1 8   1.0475
1 9   1.0475
1 10   1.0475
1 11   1.0475
1 12   1.0475
1 13   1.0475
1 14   1.0475
1 15   1.0475
1 16   1.0475
1 17   1.0475
1 18   1.0475
1 19   1.0475
1 20   1.0475
1 21   1.0475
1 22   1.0475
1 23   1.0475
1 24   1.0475
1 25   1.0475
1 26   1.0475
1 27   1.0475
1 28   1.0475
1 29   1.0475
1 30   1.0475
1 31   1.0475
1 32   1.0475
1 33   1.0475
1 34   1.0475
1 35   1.0475
1 36   1.0475
1 37   1.0475
1 38   1.0475
1 39   1.0475
1 40   1.0475
2 1   0.984525
2 2   0.984525
2 3   0.984525
2 4   0.984525
2 5   0.984525
2 6   0.984525
2 7   0.984525
2 8   0.984525
2 9   0.984525
2 10   0.984525
2 11   0.984525
2 12   0.984525
2 13   0.984525
2 14   0.984525
2 15   0.984525
2 16   0.984525
2 17   0.984525
2 18   0.984525
2 19   0.984525
2 20   0.984525
2 21   0.984525
2 22   0.984525
2 23   0.984525
2 24   0.984525
2 25   0.984525
2 26   0.984525
2 27   0.984525
2 28   0.984525
2 29   0.984525
2 30   0.984525
2 31   0.984525
2 32   0.984525
2 33   0.984525
2 34   0.984525
2 35   0.984525
2 36   0.984525
2 37   0.984525
2 38   0.984525
2 39   0.984525
2 40   0.984525
3 1   0.873962
3 2   0.873962
3 3   0.873962
3 4   0.873962
3 5   0.873962
3 6   0.873962
3 7   0.873962
3 8   0.873962
3 9   0.873962
3 10   0.873962
3 11   0.873962
3 12   0.873962
3 13   0.873962
3 14   0.873962
3 15   0.873962
3 16   0.873962
3 17   0.873962
3 18   0.873962
3 19   0.873962
3 20   0.873962
3 21   0.873962
3 22   0.873962
3 23   0.873962
3 24   0.873962
3 25   0.873962
3 26   0.873962
3 27   0.873962
3 28   0.873962
3 29   0.873962
3 30   0.873962
3 31   0.873962
3 32   0.873962
3 33   0.873962
3 34   0.873962
3 35   0.873962
3 36   0.873962
3 37   0.873962
3 38   0.873962
3 39   0.873962
3 40   0.873962
4 1   0.744909
4 2   0.744909
4 3   0.744909
4 4   0.744909
4 5   0.744909
4 6   0.744909
4 7   0.744909
4 8   0.744909
4 9   0.744909
4 10   0.744909
4 11   0.744909
4 12   0.744909
4 13   0.744909
4 14   0.744909
4 15   0.744909
4 16   0.744909
4 17   0.744909
4 18   0.744909
4 19   0.744909
4 20   0.744909
4 21   0.744909
4 22   0.744909
4 23   0.744909
4 24   0.744909
4 25   0.744909
4 26   0.744909
4 27   0.744909
4 28   0.744909
4 29   0.744909
4 30   0.744909
4 31   0.744909
4 32   0.744909
4 33   0.744909
4 34   0.744909
4 35   0.744909
4 36   0.744909
4 37   0.744909
4 38   0.744909
4 39   0.744909
4 40   0.744909
5 1   0.630349
5 2   0.630349
5 3   0.630349
5 4   0.630349
5 5   0.630349
5 6   0.630349
5 7   0.630349
5 8   0.630349
5 9   0.630349
5 10   0.630349
5 11   0.630349
5 12   0.630349
5 13   0.630349
5 14   0.630349
5 15   0.630349
5 16   0.630349
5 17   0.630349
5 18   0.630349
5 19   0.630349
5 20   0.630349
5 21   0.630349
5 22   0.630349
5 23   0.630349
5 24   0.630349
5 25   0.630349
5 26   0.630349
5 27   0.630349
5 28   0.630349
5 29   0.630349
5 30   0.630349
5 31   0.630349
5 32   0.630349
5 33   0.630349
5 34   0.630349
5 35   0.630349
5 36   0.630349
5 37   0.630349
5 38   0.630349
5 39   0.630349
5 40   0.630349
6 1   0.554541
6 2   0.554541
6 3   0.554541
6 4   0.554541
6 5   0.554541
6 6   0.554541
6 7   0.554541
6 8   0.554541
6 9   0.554541
6 10   0.554541
6 11   0.554541
6 12   0.554541
6 13   0.554541
6 14   0.554541
6 15   0.554541
6 16   0.554541
6 17   0.554541
6 18   0.554541
6 19   0.554541
6 20   0.554541
6 21   0.554541
6 22   0.554541
6 23   0.554541
6 24   0.554541
6 25   0.554541
6 26   0.554541
6 27   0.554541
6 28   0.554541
6 29   0.554541
6 30   0.554541
6 31   0.554541
6 32   0.554541
6 33   0.554541
6 34   0.554541
6 35   0.554541
6 36   0.554541
6 37   0.554541
6 38   0.554541
6 39   0.554541
6 40   0.554541
7 1   0.526261
7 2   0.526261
7 3   0.526261
7 4   0.526261
7 5   0.526261
7 6   0.526261
7 7   0.526261
7 8   0.526261
7 9   0.526261
7 10   0.526261
7 11   0.526261
7 12   0.526261
7 13   0.526261
7 14   0.526261
7 15   0.526261
7 16   0.526261
7 17   0.526261
7 18   0.526261
7 19   0.526261
7 20   0.526261
7 21   0.526261
7 22   0.526261
7 23   0.526261
7 24   0.526261
7 25   0.526261
7 26   0.526261
7 27   0.526261
7 28   0.526261
7 29   0.526261
7 30   0.526261
7 31   0.526261
7 32   0.526261
7 33   0.526261
7 34   0.526261
7 35   0.526261
7 36   0.526261
7 37   0.526261
7 38   0.526261
7 39   0.526261
7 40   0.526261
8 1   0.531555
8 2   0.531555
8 3   0.531555
8 4   0.531555
8 5   0.531555
8 6   0.531555
8 7   0.531555
8 8   0.531555
8 9   0.531555
8 10   0.531555
8 11   0.531555
8 12   0.531555
8 13   0.531555
8 14   0.531555
8 15   0.531555
8 16   0.531555
8 17   0.531555
8 18   0.531555
8 19   0.531555
8 20   0.531555
8 21   0.531555
8 22   0.531555
8 23   0.531555
8 24   0.531555
8 25   0.531555
8 26   0.531555
8 27   0.531555
8 28   0.531555
8 29   0.531555
8 30   0.531555
8 31   0.531555
8 32   0.531555
8 33   0.531555
8 34   0.531555
8 35   0.531555
8 36   0.531555
8 37   0.531555
8 38   0.531555
8 39   0.531555
8 40   0.531555
9 1   0.539362
9 2   0.539362
9 3   0.539362
9 4   0.539362
9 5   0.539362
9 6   0.539362
9 7   0.539362
9 8   0.539362
9 9   0.539362
9 10   0.539362
9 11   0.539362
9 12   0.539362
9 13   0.539362
9 14   0.539362
9 15   0.539362
9 16   0.539362
9 17   0.539362
9 18   0.539362
9 19   0.539362
9 20   0.539362
9 21   0.539362
9 22   0.539362
9 23   0.539362
9 24   0.539362
9 25   0.539362
9 26   0.539362
9 27   0.539362
9 28   0.539362
9 29   0.539362
9 30   0.539362
9 31   0.539362
9 32   0.539362
9 33   0.539362
9 34   0.539362
9 35   0.539362
9 36   0.539362
9 37   0.539362
9 38   0.539362
9 39   0.539362
9 40   0.539362
10 1   0.527907
10 2   0.527907
10 3   0.527907
10 4   0.527907
10 5   0.527907
10 6   0.527907
10 7   0.527907
10 8   0.527907
10 9   0.527907
10 10   0.527907
10 11   0.527907
10 12   0.527907
10 13   0.527907
10 14   0.527907
10 15   0.527907
10 16   0.527907
10 17   0.527907
10 18   0.527907
10 19   0.527907
10 20   0.527907
10 21   0.527907
10 22   0.527907
10 23   0.527907
10 24   0.527907
10 25   0.527907
10 26   0.527907
10 27   0.527907
10 28   0.527907
10 29   0.527907
10 30   0.527907
10 31   0.527907
10 32   0.527907
10 33   0.527907
10 34   0.527907
10 35   0.527907
10 36   0.527907
10 37   0.527907
10 38   0.527907
10 39   0.527907
10 40   0.527907
11 1   0.504773
11 2   0.504773
11 3   0.504773
11 4   0.504773
11 5   0.504773
11 6   0.504773
11 7   0.504773
11 8   0.504773
11 9   0.504773
11 10   0.504773
11 11   0.504773
11 12   0.504773
11 13   0.504773
11 14   0.504773
11 15   0.504773
11 16   0.504773
11 17   0.504773
11 18   0.504773
11 19   0.504773
11 20   0.504773
11 21   0.504773
11 22   0.504773
11 23   0.504773
11 24   0.504773
11 25   0.504773
11 26   0.504773
11 27   0.504773
11 28   0.504773
11 29   0.504773
11 30   0.504773
11 31   0.504773
11 32   0.504773
11 33   0.504773
11 34   0.504773
11 35   0.504773
11 36   0.504773
11 37   0.504773
11 38   0.504773
11 39   0.504773
11 40   0.504773
12 1   0.489413
12 2   0.489413
12 3   0.489413
12 4   0.489413
12 5   0.489413
12 6   0.489413
12 7   0.489413
12 8   0.489413
12 9   0.489413
12 10   0.489413
12 11   0.489413
12 12   0.489413
12 13   0.489413
12 14   0.489413
12 15   0.489413
12 16   0.489413
12 17   0.489413
12 18   0.489413
12 19   0.489413
12 20   0.489413
12 21   0.489413
12 22   0.489413
12 23   0.489413
12 24   0.489413
12 25   0.489413
12 26   0.489413
12 27   0.489413
12 28   0.489413
12 29   0.489413
12 30   0.489413
12 31   0.489413
12 32   0.489413
12 33   0.489413
12 34   0.489413
12 35   0.489413
12 36   0.489413
12 37   0.489413
12 38   0.489413
12 39   0.489413
12 40   0.489413
13 1   0.489307
13 2   0.489307
13 3   0.489307
13 4   0.489307
13 5   0.489307
13 6   0.489307
13 7   0.489307
13 8   0.489307
13 9   0.489307
13 10   0.489307
13 11   0.489307
13 12   0.489307
13 13   0.489307
13 14   0.489307
13 15   0.489307
13 16   0.489307
13 17   0.489307
13 18   0.489307
13 19   0.489307
13 20   0.489307
13 21   0.489307
13 22   0.489307
13 23   0.489307
13 24   0.489307
13 25   0.489307
13 26   0.489307
13 27   0.489307
13 28   0.489307
13 29   0.489307
13 30   0.489307
13 31   0.489307
13 32   0.489307
13 33   0.489307
13 34   0.489307
13 35   0.489307
13 36   0.489307
13 37   0.489307
13 38   0.489307
13 39   0.489307
13 40   0.489307
14 1   0.499459
14 2   0.499459
14 3   0.499459
14 4   0.499459
14 5   0.499459
14 6   0.499459
14 7   0.499459
14 8   0.499459
14 9   0.499459
14 10   0.499459
14 11   0.499459
14 12   0.499459
14 13   0.499459
14 14   0.499459
14 15   0.499459
14 16   0.499459
14 17   0.499459
14 18   0.499459
14 19   0.499459
14 20   0.499459
14 21   0.499459
14 22   0.499459
14 23   0.499459
14 24   0.499459
14 25   0.499459
14 26   0.499459
14 27   0.499459
14 28   0.499459
14 29   0.499459
14 30   0.499459
14 31   0.499459
14 32   0.499459
14 33   0.499459
14 34   0.499459
14 35   0.499459
14 36   0.499459
14 37   0.499459
14 38   0.499459
14 39   0.499459
14 40   0.499459
15 1   0.510287
15 2   0.510287
15 3   0.510287
15 4   0.510287
15 5   0.510287
15 6   0.510287
15 7   0.510287
15 8   0.510287
15 9   0.510287
15 10   0.510287
15 11   0.510287
15 12   0.510287
15 13   0.510287
15 14   0.510287
15 15   0.510287
15 16   0.510287
15 17   0.510287
15 18   0.510287
15 19   0.510287
15 20   0.510287
15 21   0.510287
15 22   0.510287
15 23   0.510287
15 24   0.510287
15 25   0.510287
15 26   0.510287
15 27   0.510287
15 28   0.510287
15 29   0.510287
15 30   0.510287
15 31   0.510287
15 32   0.510287
15 33   0.510287
15 34   0.510287
15 35   0.510287
15 36   0.510287
15 37   0.510287
15 38   0.510287
15 39   0.510287
15 40   0.510287
16 1   0.509359
16 2   0.509359
16 3   0.509359
16 4   0.509359
16 5   0.509359
16 6   0.509359
16 7   0.509359
16 8   0.509359
16 9   0.509359
16 10   0.509359
16 11   0.509359
16 12   0.509359
16 13   0.509359
16 14   0.509359
16 15   0.509359
16 16   0.509359
16 17   0.509359
16 18   0.509359
16 19   0.509359
16 20   0.509359
16 21   0.509359
16 22   0.509359
16 23   0.509359
16 24   0.509359
16 25   0.509359
16 26   0.509359
16 27   0.509359
16 28   0.509359
16 29   0.509359
16 30   0.509359
16 31   0.509359
16 32   0.509359
16 33   0.509359
16 34   0.509359
16 35   0.509359
16 36   0.509359
16 37   0.509359
16 38   0.509359
16 39   0.509359
16 40   0.509359
17 1   0.495913
17 2   0.495913
17 3   0.495913
17 4   0.495913
17 5   0.495913
17 6   0.495913
17 7   0.495913
17 8   0.495913
17 9   0.495913
17 10   0.495913
17 11   0.495913
17 12   0.495913
17 13   0.495913
17 14   0.495913
17 15   0.495913
17 16   0.495913
17 17   0.495913
17 18   0.495913
17 19   0.495913
17 20   0.495913
17 21   0.495913
17 22   0.495913
17 23   0.495913
17 24   0.495913
17 25   0.495913
17 26   0.495913
17 27   0.495913
17 28   0.495913
17 29   0.495913
17 30   0.495913
17 31   0.495913
17 32   0.495913
17 33   0.495913
17 34   0.495913
17 35   0.495913
17 36   0.495913
17 37   0.495913
17 38   0.495913
17 39   0.495913
17 40   0.495913
18 1   0.489008
18 2   0.489008
18 3   0.489008
18 4   0.489008
18 5   0.489008
18 6   0.489008
18 7   0.489008
18 8   0.489008
18 9   0.489008
18 10   0.489008
18 11   0.489008
18 12   0.489008
18 13   0.489008
18 14   0.489008
18 15   0.489008
18 16   0.489008
18 17   0.489008
18 18   0.489008
18 19   0.489008
18 20   0.489008
18 21   0.489008
18 22   0.489008
18 23   0.489008
18 24   0.489008
18 25   0.489008
18 26   0.489008
18 27   0.489008
18 28   0.489008
18 29   0.489008
18 30   0.489008
18 31   0.489008
18 32   0.489008
18 33   0.489008
18 34   0.489008
18 35   0.489008
18 36   0.489008
18 37   0.489008
18 38   0.489008
18 39   0.489008
18 40   0.489008
19 1   0.498214
19 2   0.498214
19 3   0.498214
19 4   0.498214
19 5   0.498214
19 6   0.498214
19 7   0.498214
19 8   0.498214
19 9   0.498214
19 10   0.498214
19 11   0.498214
19 12   0.498214
19 13   0.498214
19 14   0.498214
19 15   0.498214
19 16   0.498214
19 17   0.498214
19 18   0.498214
19 19   0.498214
19 20   0.498214
19 21   0.498214
19 22   0.498214
19 23   0.498214
19 24   0.498214
19 25   0.498214
19 26   0.498214
19 27   0.498214
19 28   0.498214
19 29   0.498214
19 30   0.498214
19 31   0.498214
19 32   0.498214
19 33   0.498214
19 34   0.498214
19 35   0.498214
19 36   0.498214
19 37   0.498214
19 38   0.498214
19 39   0.498214
19 40   0.498214
20 1   0.509305
20 2   0.509305
20 3   0.509305
20 4   0.509305
20 5   0.509305
20 6   0.509305
20 7   0.509305
20 8   0.509305
20 9   0.509305
20 10   0.509305
20 11   0.509305
20 12   0.509305
20 13   0.509305
20 14   0.509305
20 15   0.509305
20 16   0.509305
20 17   0.509305
20 18   0.509305
20 19   0.509305
20 20   0.509305
20 21   0.509305
20 22   0.509305
20 23   0.509305
20 24   0.509305
20 25   0.509305
20 26   0.509305
20 27   0.509305
20 28   0.509305
20 29   0.509305
20 30   0.509305
20 31   0.509305
20 32   0.509305
20 33   0.509305
20 34   0.509305
20 35   0.509305
20 36   0.509305
20 37   0.509305
20 38   0.509305
20 39   0.509305
20 40   0.509305
21 1   0.506858
21 2   0.506858
21 3   0.506858
21 4   0.506858
21 5   0.506858
21 6   0.506858
21 7   0.506858
21 8   0.506858
21 9   0.506858
21 10   0.506858
21 11   0.506858
21 12   0.506858
21 13   0.506858
21 14   0.506858
21 15   0.506858
21 16   0.506858
21 17   0.506858
21 18   0.506858
21 19   0.506858
21 20   0.506858
21 21   0.506858
21 22   0.506858
21 23   0.506858
21 24   0.506858
21 25   0.506858
21 26   0.506858
21 27   0.506858
21 28   0.506858
21 29   0.506858
21 30   0.506858
21 31   0.506858
21 32   0.506858
21 33   0.506858
21 34   0.506858
21 35   0.506858
21 36   0.506858
21 37   0.506858
21 38   0.506858
21 39   0.506858
21 40   0.506858
22 1   0.493592
22 2   0.493592
22 3   0.493592
22 4   0.493592
22 5   0.493592
22 6   0.493592
22 7   0.493592
22 8   0.493592
22 9   0.493592
22 10   0.493592
22 11   0.493592
22 12   0.493592
22 13   0.493592
22 14   0.493592
22 15   0.493592
22 16   0.493592
22 17   0.493592
22 18   0.493592
22 19   0.493592
22 20   0.493592
22 21   0.493592
22 22   0.493592
22 23   0.493592
22 24   0.493592
22 25   0.493592
22 26   0.493592
22 27   0.493592
22 28   0.493592
22 29   0.493592
22 30   0.493592
22 31   0.493592
22 32   0.493592
22 33   0.493592
22 34   0.493592
22 35   0.493592
22 36   0.493592
22 37   0.493592
22 38   0.493592
22 39   0.493592
22 40   0.493592
23 1   0.48996
23 2   0.48996
23 3   0.48996
23 4   0.48996
23 5   0.48996
23 6   0.48996
23 7   0.48996
23 8   0.48996
23 9   0.48996
23 10   0.48996
23 11   0.48996
23 12   0.48996
23 13   0.48996
23 14   0.48996
23 15   0.48996
23 16   0.48996
23 17   0.48996
23 18   0.48996
23 19   0.48996
23 20   0.48996
23 21   0.48996
23 22   0.48996
23 23   0.48996
23 24   0.48996
23 25   0.48996
23 26   0.48996
23 27   0.48996
23 28   0.48996
23 29   0.48996
23 30   0.48996
23 31   0.48996
23 32   0.48996
23 33   0.48996
23 34   0.48996
23 35   0.48996
23 36   0.48996
23 37   0.48996
23 38   0.48996
23 39   0.48996
23 40   0.48996
24 1   0.502191
24 2   0.502191
24 3   0.502191
24 4   0.502191
24 5   0.502191
24 6   0.502191
24 7   0.502191
24 8   0.502191
24 9   0.502191
24 10   0.502191
24 11   0.502191
24 12   0.502191
24 13   0.502191
24 14   0.502191
24 15   0.502191
24 16   0.502191
24 17   0.502191
24 18   0.502191
24 19   0.502191
24 20   0.502191
24 21   0.502191
24 22   0.502191
24 23   0.502191
24 24   0.502191
24 25   0.502191
24 26   0.502191
24 27   0.502191
24 28   0.502191
24 29   0.502191
24 30   0.502191
24 31   0.502191
24 32   0.502191
24 33   0.502191
24 34   0.502191
24 35   0.502191
24 36   0.502191
24 37   0.502191
24 38   0.502191
24 39   0.502191
24 40   0.502191
25 1   0.511053
25 2   0.511053
25 3   0.511053
25 4   0.511053
25 5   0.511053
25 6   0.511053
25 7   0.511053
25 8   0.511053
25 9   0.511053
25 10   0.511053
25 11   0.511053
25 12   0.511053
25 13   0.511053
25 14   0.511053
25 15   0.511053
25 16   0.511053
25 17   0.511053
25 18   0.511053
25 19   0.511053
25 20   0.511053
25 21   0.511053
25 22   0.511053
25 23   0.511053
25 24   0.511053
25 25   0.511053
25 26   0.511053
25 27   0.511053
25 28   0.511053
25 29   0.511053
25 30   0.511053
25 31   0.511053
25 32   0.511053
25 33   0.511053
25 34   0.511053
25 35   0.511053
25 36   0.511053
25 37   0.511053
25 38   0.511053
25 39   0.511053
25 40   0.511053
26 1   0.502629
26 2   0.502629
26 3   0.502629
26 4   0.502629
26 5   0.502629
26 6   0.502629
26 7   0.502629
26 8   0.502629
26 9   0.502629
26 10   0.502629
26 11   0.502629
26 12   0.502629
26 13   0.502629
26 14   0.502629
26 15   0.502629
26 16   0.502629
26 17   0.502629
26 18   0.502629
26 19   0.502629
26 20   0.502629
26 21   0.502629
26 22   0.502629
26 23   0.502629
26 24   0.502629
26 25   0.502629
26 26   0.502629
26 27   0.502629
26 28   0.502629
26 29   0.502629
26 30   0.502629
26 31   0.502629
26 32   0.502629
26 33   0.502629
26 34   0.502629
26 35   0.502629
26 36   0.502629
26 37   0.502629
26 38   0.502629
26 39   0.502629
26 40   0.502629
27 1   0.489352
27 2   0.489352
27 3   0.489352
27 4   0.489352
27 5   0.489352
27 6   0.489352
27 7   0.489352
27 8   0.489352
27 9   0.489352
27 10   0.489352
27 11   0.489352
27 12   0.489352
27 13   0.489352
27 14   0.489352
27 15   0.489352
27 16   0.489352
27 17   0.489352
27 18   0.489352
27 19   0.489352
27 20   0.489352
27 21   0.489352
27 22   0.489352
27 23   0.489352
27 24   0.489352
27 25   0.489352
27 26   0.489352
27 27   0.489352
27 28   0.489352
27 29   0.489352
27 30   0.489352
27 31   0.489352
27 32   0.489352
27 33   0.489352
27 34   0.489352
27 35   0.489352
27 36   0.489352
27 37   0.489352
27 38   0.489352
27 39   0.489352
27 40   0.489352
28 1   0.486142
28 2   0.486142
28 3   0.486142
28 4   0.486142
28 5   0.486142
28 6   0.486142
28 7   0.486142
28 8   0.486142
28 9   0.486142
28 10   0.486142
28 11   0.486142
28 12   0.486142
28 13   0.486142
28 14   0.486142
28 15   0.486142
28 16   0.486142
28 17   0.486142
28 18   0.486142
28 19   0.486142
28 20   0.486142
28 21   0.486142
28 22   0.486142
28 23   0.486142
28 24   0.486142
28 25   0.486142
28 26   0.486142
28 27   0.486142
28 28   0.486142
28 29   0.486142
28 30   0.486142
28 31   0.486142
28 32   0.486142
28 33   0.486142
28 34   0.486142
28 35   0.486142
28 36   0.486142
28 37   0.486142
28 38   0.486142
28 39   0.486142
28 40   0.486142
29 1   0.491841
29 2   0.491841
29 3   0.491841
29 4   0.491841
29 5   0.491841
29 6   0.491841
29 7   0.491841
29 8   0.491841
29 9   0.491841
29 10   0.491841
29 11   0.491841
29 12   0.491841
29 13   0.491841
29 14   0.491841
29 15   0.491841
29 16   0.491841
29 17   0.491841
29 18   0.491841
29 19   0.491841
29 20   0.491841
29 21   0.491841
29 22   0.491841
29 23   0.491841
29 24   0.491841
29 25   0.491841
29 26   0.491841
29 27   0.491841
29 28   0.491841
29 29   0.491841
29 30   0.491841
29 31   0.491841
29 32   0.491841
29 33   0.491841
29 34   0.491841
29 35   0.491841
29 36   0.491841
29 37   0.491841
29 38   0.491841
29 39   0.491841
29 40   0.491841
30 1   0.495231
30 2   0.495231
30 3   0.495231
30 4   0.495231
30 5   0.495231
30 6   0.495231
30 7   0.495231
30 8   0.495231
30 9   0.495231
30 10   0.495231
30 11   0.495231
30 12   0.495231
30 13   0.495231
30 14   0.495231
30 15   0.495231
30 16   0.495231
30 17   0.495231
30 18   0.495231
30 19   0.495231
30 20   0.495231
30 21   0.495231
30 22   0.495231
30 23   0.495231
30 24   0.495231
30 25   0.495231
30 26   0.495231
30 27   0.495231
30 28   0.495231
30 29   0.495231
30 30   0.495231
30 31   0.495231
30 32   0.495231
30 33   0.495231
30 34   0.495231
30 35   0.495231
30 36   0.495231
30 37   0.495231
30 38   0.495231
30 39   0.495231
30 40   0.495231
31 1   0.481564
31 2   0.481564
31 3   0.481564
31 4   0.481564
31 5   0.481564
31 6   0.481564
31 7   0.481564
31 8   0.481564
31 9   0.481564
31 10   0.481564
31 11   0.481564
31 12   0.481564
31 13   0.481564
31 14   0.481564
31 15   0.481564
31 16   0.481564
31 17   0.481564
31 18   0.481564
31 19   0.481564
31 20   0.481564
31 21   0.481564
31 22   0.481564
31 23   0.481564
31 24   0.481564
31 25   0.481564
31 26   0.481564
31 27   0.481564
31 28   0.481564
31 29   0.481564
31 30   0.481564
31 31   0.481564
31 32   0.481564
31 33   0.481564
31 34   0.481564
31 35   0.481564
31 36   0.481564
31 37   0.481564
31 38   0.481564
31 39   0.481564
31 40   0.481564
32 1   0.443157
32 2   0.443157
32 3   0.443157
32 4   0.443157
32 5   0.443157
32 6   0.443157
32 7   0.443157
32 8   0.443157
32 9   0.443157
32 10   0.443157
32 11   0.443157
32 12   0.443157
32 13   0.443157
32 14   0.443157
32 15   0.443157
32 16   0.443157
32 17   0.443157
32 18   0.443157
32 19   0.443157
32 20   0.443157
32 21   0.443157
32 22   0.443157
32 23   0.443157
32 24   0.443157
32 25   0.443157
32 26   0.443157
32 27   0.443157
32 28   0.443157
32 29   0.443157
32 30   0.443157
32 31   0.443157
32 32   0.443157
32 33   0.443157
32 34   0.443157
32 35   0.443157
32 36   0.443157
32 37   0.443157
32 38   0.443157
32 39   0.443157
32 40   0.443157
33 1   0.386816
33 2   0.386816
33 3   0.386816
33 4   0.386816
33 5   0.386816
33 6   0.386816
33 7   0.386816
33 8   0.386816
33 9   0.386816
33 10   0.386816
33 11   0.386816
33 12   0.386816
33 13   0.386816
33 14   0.386816
33 15   0.386816
33 16   0.386816
33 17   0.386816
33 18   0.386816
33 19   0.386816
33 20   0.386816
33 21   0.386816
33 22   0.386816
33 23   0.386816
33 24   0.386816
33 25   0.386816
33 26   0.386816
33 27   0.386816
33 28   0.386816
33 29   0.386816
33 30   0.386816
33 31   0.386816
33 32   0.386816
33 33   0.386816
33 34   0.386816
33 35   0.386816
33 36   0.386816
33 37   0.386816
33 38   0.386816
33 39   0.386816
33 40   0.386816
34 1   0.328968
34 2   0.328968
34 3   0.328968
34 4   0.328968
34 5   0.328968
34 6   0.328968
34 7   0.328968
34 8   0.328968
34 9   0.328968
34 10   0.328968
34 11   0.328968
34 12   0.328968
34 13   0.328968
34 14   0.328968
34 15   0.328968
34 16   0.328968
34 17   0.328968
34 18   0.328968
34 19   0.328968
34 20   0.328968
34 21   0.328968
34 22   0.328968
34 23   0.328968
34 24   0.328968
34 25   0.328968
34 26   0.328968
34 27   0.328968
34 28   0.328968
34 29   0.328968
34 30   0.328968
34 31   0.328968
34 32   0.328968
34 33   0.328968
34 34   0.328968
34 35   0.328968
34 36   0.328968
34 37   0.328968
34 38   0.328968
34 39   0.328968
34 40   0.328968
35 1   0.277241
35 2   0.277241
35 3   0.277241
35 4   0.277241
35 5   0.277241
35 6   0.277241
35 7   0.277241
35 8   0.277241
35 9   0.277241
35 10   0.277241
35 11   0.277241
35 12   0.277241
35 13   0.277241
35 14   0.277241
35 15   0.277241
35 16   0.277241
35 17   0.277241
35 18   0.277241
35 19   0.277241
35 20   0.277241
35 21   0.277241
35 22   0.277241
35 23   0.277241
35 24   0.277241
35 25   0.277241
35 26   0.277241
35 27   0.277241
35 28   0.277241
35 29   0.277241
35 30   0.277241
35 31   0.277241
35 32   0.277241
35 33   0.277241
35 34   0.277241
35 35   0.277241
35 36   0.277241
35 37   0.277241
35 38   0.277241
35 39   0.277241
35 40   0.277241
36 1   0.218008
36 2   0.218008
36 3   0.218008
36 4   0.218008
36 5   0.218008
36 6   0.218008
36 7   0.218008
36 8   0.218008
36 9   0.218008
36 10   0.218008
36 11   0.218008
36 12   0.218008
36 13   0.218008
36 14   0.218008
36 15   0.218008
36 16   0.218008
36 17   0.218008
36 18   0.218008
36 19   0.218008
36 20   0.218008
36 21   0.218008
36 22   0.218008
36 23   0.218008
36 24   0.218008
36 25   0.218008
36 26   0.218008
36 27   0.218008
36 28   0.218008
36 29   0.218008
36 30   0.218008
36 31   0.218008
36 32   0.218008
36 33   0.218008
36 34   0.218008
36 35   0.218008
36 36   0.218008
36 37   0.218008
36 38   0.218008
36 39   0.218008
36 40   0.218008
37 1   0.133913
37 2   0.133913
37 3   0.133913
37 4   0.133913
37 5   0.133913
37 6   0.133913
37 7   0.133913
37 8   0.133913
37 9   0.133913
37 10   0.133913
37 11   0.133913
37 12   0.133913
37 13   0.133913
37 14   0.133913
37 15   0.133913
37 16   0.133913
37 17   0.133913
37 18   0.133913
37 19   0.133913
37 20   0.133913
37 21   0.133913
37 22   0.133913
37 23   0.133913
37 24   0.133913
37 25   0.133913
37 26   0.133913
37 27   0.133913
37 28   0.133913
37 29   0.133913
37 30   0.133913
37 31   0.133913
37 32   0.133913
37 33   0.133913
37 34   0.133913
37 35   0.133913
37 36   0.133913
37 37   0.133913
37 38   0.133913
37 39   0.133913
37 40   0.133913
38 1   0.0262069
38 2   0.0262069
38 3   0.0262069
38 4   0.0262069
38 5   0.0262069
38 6   0.0262069
38 7   0.0262069
38 8   0.0262069
38 9   0.0262069
38 10   0.0262069
38 11   0.0262069
38 12   0.0262069
38 13   0.0262069
38 14   0.0262069
38 15   0.0262069
38 16   0.0262069
38 17   0.0262069
38 18   0.0262069
38 19   0.0262069
38 20   0.0262069
38 21   0.0262069
38 22   0.0262069
38 23   0.0262069
38 24   0.0262069
38 25   0.0262069
38 26   0.0262069
38 27   0.0262069
38 28   0.0262069
38 29   0.0262069
38 30   0.0262069
38 31   0.0262069
38 32   0.0262069
38 33   0.0262069
38 34   0.0262069
38 35   0.0262069
38 36   0.0262069
38 37   0.0262069
38 38   0.0262069
38 39   0.0262069
38 40   0.0262069
39 1   -0.0778287
39 2   -0.0778287
39 3   -0.0778287
39 4   -0.0778287
39 5   -0.0778287
39 6   -0.0778287
39 7   -0.0778287
39 8   -0.0778287
39 9   -0.0778287
39 10   -0.0778287
39 11   -0.0778287
39 12   -0.0778287
39 13   -0.0778287
39 14   -0.0778287
39 15   -0.0778287
39 16   -0.0778287
39 17   -0.0778287
39 18   -0.0778287
39 19   -0.0778287
39 20   -0.0778287
39 21   -0.0778287
39 22   -0.0778287
39 23   -0.0778287
39 24   -0.0778287
39 25   -0.0778287
39 26   -0.0778287
39 27   -0.0778287
39 28   -0.0778287
39 29   -0.0778287
39 30   -0.0778287
39 31   -0.0778287
39 32   -0.0778287
39 33   -0.0778287
39 34   -0.0778287
39 35   -0.0778287
39 36   -0.0778287
39 37   -0.0778287
39 38   -0.0778287
39 39   -0.0778287
39 40   -0.0778287
40 1   -0.140697
40 2   -0.140697
40 3   -0.140697
40 4   -0.140697
40 5   -0.140697
40 6   -0.140697
40 7   -0.140697
40 8   -0.140697
40 9   -0.140697
40 10   -0.140697
40 11   -0.140697
40 12   -0.140697
40 13   -0.140697
40 14   -0.140697
40 15   -0.140697
40 16   -0.140697
40 17   -0.140697
40 18   -0.140697
40 19   -0.140697
40 20   -0.140697
40 21   -0.140697
40 22   -0.140697
40 23   -0.140697
40 24   -0.140697
40 25   -0.140697
40 26   -0.140697
40 27   -0.140697
40 28   -0.140697
40 29   -0.140697
40 30   -0.140697
40 31   -0.140697
40 32   -0.140697
40 33   -0.140697
40 34   -0.140697
40 35   -0.140697
40 36   -0.140697
40 37   -0.140697
40 38   -0.140697
40 39   -0.140697
40 40   -0.140697
