1 1   0.624944
1 2   0.624944
1 3   0.624944
1 4   0.624944
1 5   0.624944
1 6   0.624944
1 7   0.624944
1 8   0.624944
1 9   0.624944
1 10   0.624944
1 11   0.624944
1 12   0.624944
1 13   0.624944
1 14   0.624944
1 15   0.624944
1 16   0.624944
1 17   0.624944
1 18   0.624944
1 19   0.624944
1 20   0.624944
1 21   0.624944
1 22   0.624944
1 23   0.624944
1 24   0.624944
1 25   0.624944
1 26   0.624944
1 27   0.624944
1 28   0.624944
1 29   0.624944
1 30   0.624944
1 31   0.624944
1 32   0.624944
1 33   0.624944
1 34   0.624944
1 35   0.624944
1 36   0.624944
1 37   0.624944
1 38   0.624944
1 39   0.624944
1 40   0.624944
2 1   0.626996
2 2   0.626996
2 3   0.626996
2 4   0.626996
2 5   0.626996
2 6   0.626996
2 7   0.626996
2 8   0.626996
2 9   0.626996
2 10   0.626996
2 11   0.626996
2 12   0.626996
2 13   0.626996
2 14   0.626996
2 15   0.626996
2 16   0.626996
2 17   0.626996
2 18   0.626996
2 19   0.626996
2 20   0.626996
2 21   0.626996
2 22   0.626996
2 23   0.626996
2 24   0.626996
2 25   0.626996
2 26   0.626996
2 27   0.626996
2 28   0.626996
2 29   0.626996
2 30   0.626996
2 31   0.626996
2 32   0.626996
2 33   0.626996
2 34   0.626996
2 35   0.626996
2 36   0.626996
2 37   0.626996
2 38   0.626996
2 39   0.626996
2 40   0.626996
3 1   0.630725
3 2   0.630725
3 3   0.630725
3 4   0.630725
3 5   0.630725
3 6   0.630725
3 7   0.630725
3 8   0.630725
3 9   0.630725
3 10   0.630725
3 11   0.630725
3 12   0.630725
3 13   0.630725
3 14   0.630725
3 15   0.630725
3 16   0.630725
3 17   0.630725
3 18   0.630725
3 19   0.630725
3 20   0.630725
3 21   0.630725
3 22   0.630725
3 23   0.630725
3 24   0.630725
3 25   0.630725
3 26   0.630725
3 27   0.630725
3 28   0.630725
3 29   0.630725
3 30   0.630725
3 31   0.630725
3 32   0.630725
3 33   0.630725
3 34   0.630725
3 35   0.630725
3 36   0.630725
3 37   0.630725
3 38   0.630725
3 39   0.630725
3 40   0.630725
4 1   0.634451
4 2   0.634451
4 3   0.634451
4 4   0.634451
4 5   0.634451
4 6   0.634451
4 7   0.634451
4 8   0.634451
4 9   0.634451
4 10   0.634451
4 11   0.634451
4 12   0.634451
4 13   0.634451
4 14   0.634451
4 15   0.634451
4 16   0.634451
4 17   0.634451
4 18   0.634451
4 19   0.634451
4 20   0.634451
4 21   0.634451
4 22   0.634451
4 23   0.634451
4 24   0.634451
4 25   0.634451
4 26   0.634451
4 27   0.634451
4 28   0.634451
4 29   0.634451
4 30   0.634451
4 31   0.634451
4 32   0.634451
4 33   0.634451
4 34   0.634451
4 35   0.634451
4 36   0.634451
4 37   0.634451
4 38   0.634451
4 39   0.634451
4 40   0.634451
5 1   0.634706
5 2   0.634706
5 3   0.634706
5 4   0.634706
5 5   0.634706
5 6   0.634706
5 7   0.634706
5 8   0.634706
5 9   0.634706
5 10   0.634706
5 11   0.634706
5 12   0.634706
5 13   0.634706
5 14   0.634706
5 15   0.634706
5 16   0.634706
5 17   0.634706
5 18   0.634706
5 19   0.634706
5 20   0.634706
5 21   0.634706
5 22   0.634706
5 23   0.634706
5 24   0.634706
5 25   0.634706
5 26   0.634706
5 27   0.634706
5 28   0.634706
5 29   0.634706
5 30   0.634706
5 31   0.634706
5 32   0.634706
5 33   0.634706
5 34   0.634706
5 35   0.634706
5 36   0.634706
5 37   0.634706
5 38   0.634706
5 39   0.634706
5 40   0.634706
6 1   0.627338
6 2   0.627338
6 3   0.627338
6 4   0.627338
6 5   0.627338
6 6   0.627338
6 7   0.627338
6 8   0.627338
6 9   0.627338
6 10   0.627338
6 11   0.627338
6 12   0.627338
6 13   0.627338
6 14   0.627338
6 15   0.627338
6 16   0.627338
6 17   0.627338
6 18   0.627338
6 19   0.627338
6 20   0.627338
6 21   0.627338
6 22   0.627338
6 23   0.627338
6 24   0.627338
6 25   0.627338
6 26   0.627338
6 27   0.627338
6 28   0.627338
6 29   0.627338
6 30   0.627338
6 31   0.627338
6 32   0.627338
6 33   0.627338
6 34   0.627338
6 35   0.627338
6 36   0.627338
6 37   0.627338
6 38   0.627338
6 39   0.627338
6 40   0.627338
7 1   0.609768
7 2   0.609768
7 3   0.609768
7 4   0.609768
7 5   0.609768
7 6   0.609768
7 7   0.609768
7 8   0.609768
7 9   0.609768
7 10   0.609768
7 11   0.609768
7 12   0.609768
7 13   0.609768
7 14   0.609768
7 15   0.609768
7 16   0.609768
7 17   0.609768
7 18   0.609768
7 19   0.609768
7 20   0.609768
7 21   0.609768
7 22   0.609768
7 23   0.609768
7 24   0.609768
7 25   0.609768
7 26   0.609768
7 27   0.609768
7 28   0.609768
7 29   0.609768
7 30   0.609768
7 31   0.609768
7 32   0.609768
7 33   0.609768
7 34   0.609768
7 35   0.609768
7 36   0.609768
7 37   0.609768
7 38   0.609768
7 39   0.609768
7 40   0.609768
8 1   0.582837
8 2   0.582837
8 3   0.582837
8 4   0.582837
8 5   0.582837
8 6   0.582837
8 7   0.582837
8 8   0.582837
8 9   0.582837
8 10   0.582837
8 11   0.582837
8 12   0.582837
8 13   0.582837
8 14   0.582837
8 15   0.582837
8 16   0.582837
8 17   0.582837
8 18   0.582837
8 19   0.582837
8 20   0.582837
8 21   0.582837
8 22   0.582837
8 23   0.582837
8 24   0.582837
8 25   0.582837
8 26   0.582837
8 27   0.582837
8 28   0.582837
8 29   0.582837
8 30   0.582837
8 31   0.582837
8 32   0.582837
8 33   0.582837
8 34   0.582837
8 35   0.582837
8 36   0.582837
8 37   0.582837
8 38   0.582837
8 39   0.582837
8 40   0.582837
9 1   0.55097
9 2   0.55097
9 3   0.55097
9 4   0.55097
9 5   0.55097
9 6   0.55097
9 7   0.55097
9 8   0.55097
9 9   0.55097
9 10   0.55097
9 11   0.55097
9 12   0.55097
9 13   0.55097
9 14   0.55097
9 15   0.55097
9 16   0.55097
9 17   0.55097
9 18   0.55097
9 19   0.55097
9 20   0.55097
9 21   0.55097
9 22   0.55097
9 23   0.55097
9 24   0.55097
9 25   0.55097
9 26   0.55097
9 27   0.55097
9 28   0.55097
9 29   0.55097
9 30   0.55097
9 31   0.55097
9 32   0.55097
9 33   0.55097
9 34   0.55097
9 35   0.55097
9 36   0.55097
9 37   0.55097
9 38   0.55097
9 39   0.55097
9 40   0.55097
10 1   0.520543
10 2   0.520543
10 3   0.520543
10 4   0.520543
10 5   0.520543
10 6   0.520543
10 7   0.520543
10 8   0.520543
10 9   0.520543
10 10   0.520543
10 11   0.520543
10 12   0.520543
10 13   0.520543
10 14   0.520543
10 15   0.520543
10 16   0.520543
10 17   0.520543
10 18   0.520543
10 19   0.520543
10 20   0.520543
10 21   0.520543
10 22   0.520543
10 23   0.520543
10 24   0.520543
10 25   0.520543
10 26   0.520543
10 27   0.520543
10 28   0.520543
10 29   0.520543
10 30   0.520543
10 31   0.520543
10 32   0.520543
10 33   0.520543
10 34   0.520543
10 35   0.520543
10 36   0.520543
10 37   0.520543
10 38   0.520543
10 39   0.520543
10 40   0.520543
11 1   0.497418
11 2   0.497418
11 3   0.497418
11 4   0.497418
11 5   0.497418
11 6   0.497418
11 7   0.497418
11 8   0.497418
11 9   0.497418
11 10   0.497418
11 11   0.497418
11 12   0.497418
11 13   0.497418
11 14   0.497418
11 15   0.497418
11 16   0.497418
11 17   0.497418
11 18   0.497418
11 19   0.497418
11 20   0.497418
11 21   0.497418
11 22   0.497418
11 23   0.497418
11 24   0.497418
11 25   0.497418
11 26   0.497418
11 27   0.497418
11 28   0.497418
11 29   0.497418
11 30   0.497418
11 31   0.497418
11 32   0.497418
11 33   0.497418
11 34   0.497418
11 35   0.497418
11 36   0.497418
11 37   0.497418
11 38   0.497418
11 39   0.497418
11 40   0.497418
12 1   0.484854
12 2   0.484854
12 3   0.484854
12 4   0.484854
12 5   0.484854
12 6   0.484854
12 7   0.484854
12 8   0.484854
12 9   0.484854
12 10   0.484854
12 11   0.484854
12 12   0.484854
12 13   0.484854
12 14   0.484854
12 15   0.484854
12 16   0.484854
12 17   0.484854
12 18   0.484854
12 19   0.484854
12 20   0.484854
12 21   0.484854
12 22   0.484854
12 23   0.484854
12 24   0.484854
12 25   0.484854
12 26   0.484854
12 27   0.484854
12 28   0.484854
12 29   0.484854
12 30   0.484854
12 31   0.484854
12 32   0.484854
12 33   0.484854
12 34   0.484854
12 35   0.484854
12 36   0.484854
12 37   0.484854
12 38   0.484854
12 39   0.484854
12 40   0.484854
13 1   0.482663
13 2   0.482663
13 3   0.482663
13 4   0.482663
13 5   0.482663
13 6   0.482663
13 7   0.482663
13 8   0.482663
13 9   0.482663
13 10   0.482663
13 11   0.482663
13 12   0.482663
13 13   0.482663
13 14   0.482663
13 15   0.482663
13 16   0.482663
13 17   0.482663
13 18   0.482663
13 19   0.482663
13 20   0.482663
13 21   0.482663
13 22   0.482663
13 23   0.482663
13 24   0.482663
13 25   0.482663
13 26   0.482663
13 27   0.482663
13 28   0.482663
13 29   0.482663
13 30   0.482663
13 31   0.482663
13 32   0.482663
13 33   0.482663
13 34   0.482663
13 35   0.482663
13 36   0.482663
13 37   0.482663
13 38   0.482663
13 39   0.482663
13 40   0.482663
14 1   0.487808
14 2   0.487808
14 3   0.487808
14 4   0.487808
14 5   0.487808
14 6   0.487808
14 7   0.487808
14 8   0.487808
14 9   0.487808
14 10   0.487808
14 11   0.487808
14 12   0.487808
14 13   0.487808
14 14   0.487808
14 15   0.487808
14 16   0.487808
14 17   0.487808
14 18   0.487808
14 19   0.487808
14 20   0.487808
14 21   0.487808
14 22   0.487808
14 23   0.487808
14 24   0.487808
14 25   0.487808
14 26   0.487808
14 27   0.487808
14 28   0.487808
14 29   0.487808
14 30   0.487808
14 31   0.487808
14 32   0.487808
14 33   0.487808
14 34   0.487808
14 35   0.487808
14 36   0.487808
14 37   0.487808
14 38   0.487808
14 39   0.487808
14 40   0.487808
15 1   0.495981
15 2   0.495981
15 3   0.495981
15 4   0.495981
15 5   0.495981
15 6   0.495981
15 7   0.495981
15 8   0.495981
15 9   0.495981
15 10   0.495981
15 11   0.495981
15 12   0.495981
15 13   0.495981
15 14   0.495981
15 15   0.495981
15 16   0.495981
15 17   0.495981
15 18   0.495981
15 19   0.495981
15 20   0.495981
15 21   0.495981
15 22   0.495981
15 23   0.495981
15 24   0.495981
15 25   0.495981
15 26   0.495981
15 27   0.495981
15 28   0.495981
15 29   0.495981
15 30   0.495981
15 31   0.495981
15 32   0.495981
15 33   0.495981
15 34   0.495981
15 35   0.495981
15 36   0.495981
15 37   0.495981
15 38   0.495981
15 39   0.495981
15 40   0.495981
16 1   0.503364
16 2   0.503364
16 3   0.503364
16 4   0.503364
16 5   0.503364
16 6   0.503364
16 7   0.503364
16 8   0.503364
16 9   0.503364
16 10   0.503364
16 11   0.503364
16 12   0.503364
16 13   0.503364
16 14   0.503364
16 15   0.503364
16 16   0.503364
16 17   0.503364
16 18   0.503364
16 19   0.503364
16 20   0.503364
16 21   0.503364
16 22   0.503364
16 23   0.503364
16 24   0.503364
16 25   0.503364
16 26   0.503364
16 27   0.503364
16 28   0.503364
16 29   0.503364
16 30   0.503364
16 31   0.503364
16 32   0.503364
16 33   0.503364
16 34   0.503364
16 35   0.503364
16 36   0.503364
16 37   0.503364
16 38   0.503364
16 39   0.503364
16 40   0.503364
17 1   0.507779
17 2   0.507779
17 3   0.507779
17 4   0.507779
17 5   0.507779
17 6   0.507779
17 7   0.507779
17 8   0.507779
17 9   0.507779
17 10   0.507779
17 11   0.507779
17 12   0.507779
17 13   0.507779
17 14   0.507779
17 15   0.507779
17 16   0.507779
17 17   0.507779
17 18   0.507779
17 19   0.507779
17 20   0.507779
17 21   0.507779
17 22   0.507779
17 23   0.507779
17 24   0.507779
17 25   0.507779
17 26   0.507779
17 27   0.507779
17 28   0.507779
17 29   0.507779
17 30   0.507779
17 31   0.507779
17 32   0.507779
17 33   0.507779
17 34   0.507779
17 35   0.507779
17 36   0.507779
17 37   0.507779
17 38   0.507779
17 39   0.507779
17 40   0.507779
18 1   0.508864
18 2   0.508864
18 3   0.508864
18 4   0.508864
18 5   0.508864
18 6   0.508864
18 7   0.508864
18 8   0.508864
18 9   0.508864
18 10   0.508864
18 11   0.508864
18 12   0.508864
18 13   0.508864
18 14   0.508864
18 15   0.508864
18 16   0.508864
18 17   0.508864
18 18   0.508864
18 19   0.508864
18 20   0.508864
18 21   0.508864
18 22   0.508864
18 23   0.508864
18 24   0.508864
18 25   0.508864
18 26   0.508864
18 27   0.508864
18 28   0.508864
18 29   0.508864
18 30   0.508864
18 31   0.508864
18 32   0.508864
18 33   0.508864
18 34   0.508864
18 35   0.508864
18 36   0.508864
18 37   0.508864
18 38   0.508864
18 39   0.508864
18 40   0.508864
19 1   0.507439
19 2   0.507439
19 3   0.507439
19 4   0.507439
19 5   0.507439
19 6   0.507439
19 7   0.507439
19 8   0.507439
19 9   0.507439
19 10   0.507439
19 11   0.507439
19 12   0.507439
19 13   0.507439
19 14   0.507439
19 15   0.507439
19 16   0.507439
19 17   0.507439
19 18   0.507439
19 19   0.507439
19 20   0.507439
19 21   0.507439
19 22   0.507439
19 23   0.507439
19 24   0.507439
19 25   0.507439
19 26   0.507439
19 27   0.507439
19 28   0.507439
19 29   0.507439
19 30   0.507439
19 31   0.507439
19 32   0.507439
19 33   0.507439
19 34   0.507439
19 35   0.507439
19 36   0.507439
19 37   0.507439
19 38   0.507439
19 39   0.507439
19 40   0.507439
20 1   0.504653
20 2   0.504653
20 3   0.504653
20 4   0.504653
20 5   0.504653
20 6   0.504653
20 7   0.504653
20 8   0.504653
20 9   0.504653
20 10   0.504653
20 11   0.504653
20 12   0.504653
20 13   0.504653
20 14   0.504653
20 15   0.504653
20 16   0.504653
20 17   0.504653
20 18   0.504653
20 19   0.504653
20 20   0.504653
20 21   0.504653
20 22   0.504653
20 23   0.504653
20 24   0.504653
20 25   0.504653
20 26   0.504653
20 27   0.504653
20 28   0.504653
20 29   0.504653
20 30   0.504653
20 31   0.504653
20 32   0.504653
20 33   0.504653
20 34   0.504653
20 35   0.504653
20 36   0.504653
20 37   0.504653
20 38   0.504653
20 39   0.504653
20 40   0.504653
21 1   0.501364
21 2   0.501364
21 3   0.501364
21 4   0.501364
21 5   0.501364
21 6   0.501364
21 7   0.501364
21 8   0.501364
21 9   0.501364
21 10   0.501364
21 11   0.501364
21 12   0.501364
21 13   0.501364
21 14   0.501364
21 15   0.501364
21 16   0.501364
21 17   0.501364
21 18   0.501364
21 19   0.501364
21 20   0.501364
21 21   0.501364
21 22   0.501364
21 23   0.501364
21 24   0.501364
21 25   0.501364
21 26   0.501364
21 27   0.501364
21 28   0.501364
21 29   0.501364
21 30   0.501364
21 31   0.501364
21 32   0.501364
21 33   0.501364
21 34   0.501364
21 35   0.501364
21 36   0.501364
21 37   0.501364
21 38   0.501364
21 39   0.501364
21 40   0.501364
22 1   0.497974
22 2   0.497974
22 3   0.497974
22 4   0.497974
22 5   0.497974
22 6   0.497974
22 7   0.497974
22 8   0.497974
22 9   0.497974
22 10   0.497974
22 11   0.497974
22 12   0.497974
22 13   0.497974
22 14   0.497974
22 15   0.497974
22 16   0.497974
22 17   0.497974
22 18   0.497974
22 19   0.497974
22 20   0.497974
22 21   0.497974
22 22   0.497974
22 23   0.497974
22 24   0.497974
22 25   0.497974
22 26   0.497974
22 27   0.497974
22 28   0.497974
22 29   0.497974
22 30   0.497974
22 31   0.497974
22 32   0.497974
22 33   0.497974
22 34   0.497974
22 35   0.497974
22 36   0.497974
22 37   0.497974
22 38   0.497974
22 39   0.497974
22 40   0.497974
23 1   0.494628
23 2   0.494628
23 3   0.494628
23 4   0.494628
23 5   0.494628
23 6   0.494628
23 7   0.494628
23 8   0.494628
23 9   0.494628
23 10   0.494628
23 11   0.494628
23 12   0.494628
23 13   0.494628
23 14   0.494628
23 15   0.494628
23 16   0.494628
23 17   0.494628
23 18   0.494628
23 19   0.494628
23 20   0.494628
23 21   0.494628
23 22   0.494628
23 23   0.494628
23 24   0.494628
23 25   0.494628
23 26   0.494628
23 27   0.494628
23 28   0.494628
23 29   0.494628
23 30   0.494628
23 31   0.494628
23 32   0.494628
23 33   0.494628
23 34   0.494628
23 35   0.494628
23 36   0.494628
23 37   0.494628
23 38   0.494628
23 39   0.494628
23 40   0.494628
24 1   0.491558
24 2   0.491558
24 3   0.491558
24 4   0.491558
24 5   0.491558
24 6   0.491558
24 7   0.491558
24 8   0.491558
24 9   0.491558
24 10   0.491558
24 11   0.491558
24 12   0.491558
24 13   0.491558
24 14   0.491558
24 15   0.491558
24 16   0.491558
24 17   0.491558
24 18   0.491558
24 19   0.491558
24 20   0.491558
24 21   0.491558
24 22   0.491558
24 23   0.491558
24 24   0.491558
24 25   0.491558
24 26   0.491558
24 27   0.491558
24 28   0.491558
24 29   0.491558
24 30   0.491558
24 31   0.491558
24 32   0.491558
24 33   0.491558
24 34   0.491558
24 35   0.491558
24 36   0.491558
24 37   0.491558
24 38   0.491558
24 39   0.491558
24 40   0.491558
25 1   0.489363
25 2   0.489363
25 3   0.489363
25 4   0.489363
25 5   0.489363
25 6   0.489363
25 7   0.489363
25 8   0.489363
25 9   0.489363
25 10   0.489363
25 11   0.489363
25 12   0.489363
25 13   0.489363
25 14   0.489363
25 15   0.489363
25 16   0.489363
25 17   0.489363
25 18   0.489363
25 19   0.489363
25 20   0.489363
25 21   0.489363
25 22   0.489363
25 23   0.489363
25 24   0.489363
25 25   0.489363
25 26   0.489363
25 27   0.489363
25 28   0.489363
25 29   0.489363
25 30   0.489363
25 31   0.489363
25 32   0.489363
25 33   0.489363
25 34   0.489363
25 35   0.489363
25 36   0.489363
25 37   0.489363
25 38   0.489363
25 39   0.489363
25 40   0.489363
26 1   0.48899
26 2   0.48899
26 3   0.48899
26 4   0.48899
26 5   0.48899
26 6   0.48899
26 7   0.48899
26 8   0.48899
26 9   0.48899
26 10   0.48899
26 11   0.48899
26 12   0.48899
26 13   0.48899
26 14   0.48899
26 15   0.48899
26 16   0.48899
26 17   0.48899
26 18   0.48899
26 19   0.48899
26 20   0.48899
26 21   0.48899
26 22   0.48899
26 23   0.48899
26 24   0.48899
26 25   0.48899
26 26   0.48899
26 27   0.48899
26 28   0.48899
26 29   0.48899
26 30   0.48899
26 31   0.48899
26 32   0.48899
26 33   0.48899
26 34   0.48899
26 35   0.48899
26 36   0.48899
26 37   0.48899
26 38   0.48899
26 39   0.48899
26 40   0.48899
27 1   0.491194
27 2   0.491194
27 3   0.491194
27 4   0.491194
27 5   0.491194
27 6   0.491194
27 7   0.491194
27 8   0.491194
27 9   0.491194
27 10   0.491194
27 11   0.491194
27 12   0.491194
27 13   0.491194
27 14   0.491194
27 15   0.491194
27 16   0.491194
27 17   0.491194
27 18   0.491194
27 19   0.491194
27 20   0.491194
27 21   0.491194
27 22   0.491194
27 23   0.491194
27 24   0.491194
27 25   0.491194
27 26   0.491194
27 27   0.491194
27 28   0.491194
27 29   0.491194
27 30   0.491194
27 31   0.491194
27 32   0.491194
27 33   0.491194
27 34   0.491194
27 35   0.491194
27 36   0.491194
27 37   0.491194
27 38   0.491194
27 39   0.491194
27 40   0.491194
28 1   0.495538
28 2   0.495538
28 3   0.495538
28 4   0.495538
28 5   0.495538
28 6   0.495538
28 7   0.495538
28 8   0.495538
28 9   0.495538
28 10   0.495538
28 11   0.495538
28 12   0.495538
28 13   0.495538
28 14   0.495538
28 15   0.495538
28 16   0.495538
28 17   0.495538
28 18   0.495538
28 19   0.495538
28 20   0.495538
28 21   0.495538
28 22   0.495538
28 23   0.495538
28 24   0.495538
28 25   0.495538
28 26   0.495538
28 27   0.495538
28 28   0.495538
28 29   0.495538
28 30   0.495538
28 31   0.495538
28 32   0.495538
28 33   0.495538
28 34   0.495538
28 35   0.495538
28 36   0.495538
28 37   0.495538
28 38   0.495538
28 39   0.495538
28 40   0.495538
29 1   0.499486
29 2   0.499486
29 3   0.499486
29 4   0.499486
29 5   0.499486
29 6   0.499486
29 7   0.499486
29 8   0.499486
29 9   0.499486
29 10   0.499486
29 11   0.499486
29 12   0.499486
29 13   0.499486
29 14   0.499486
29 15   0.499486
29 16   0.499486
29 17   0.499486
29 18   0.499486
29 19   0.499486
29 20   0.499486
29 21   0.499486
29 22   0.499486
29 23   0.499486
29 24   0.499486
29 25   0.499486
29 26   0.499486
29 27   0.499486
29 28   0.499486
29 29   0.499486
29 30   0.499486
29 31   0.499486
29 32   0.499486
29 33   0.499486
29 34   0.499486
29 35   0.499486
29 36   0.499486
29 37   0.499486
29 38   0.499486
29 39   0.499486
29 40   0.499486
30 1   0.498436
30 2   0.498436
30 3   0.498436
30 4   0.498436
30 5   0.498436
30 6   0.498436
30 7   0.498436
30 8   0.498436
30 9   0.498436
30 10   0.498436
30 11   0.498436
30 12   0.498436
30 13   0.498436
30 14   0.498436
30 15   0.498436
30 16   0.498436
30 17   0.498436
30 18   0.498436
30 19   0.498436
30 20   0.498436
30 21   0.498436
30 22   0.498436
30 23   0.498436
30 24   0.498436
30 25   0.498436
30 26   0.498436
30 27   0.498436
30 28   0.498436
30 29   0.498436
30 30   0.498436
30 31   0.498436
30 32   0.498436
30 33   0.498436
30 34   0.498436
30 35   0.498436
30 36   0.498436
30 37   0.498436
30 38   0.498436
30 39   0.498436
30 40   0.498436
31 1   0.48714
31 2   0.48714
31 3   0.48714
31 4   0.48714
31 5   0.48714
31 6   0.48714
31 7   0.48714
31 8   0.48714
31 9   0.48714
31 10   0.48714
31 11   0.48714
31 12   0.48714
31 13   0.48714
31 14   0.48714
31 15   0.48714
31 16   0.48714
31 17   0.48714
31 18   0.48714
31 19   0.48714
31 20   0.48714
31 21   0.48714
31 22   0.48714
31 23   0.48714
31 24   0.48714
31 25   0.48714
31 26   0.48714
31 27   0.48714
31 28   0.48714
31 29   0.48714
31 30   0.48714
31 31   0.48714
31 32   0.48714
31 33   0.48714
31 34   0.48714
31 35   0.48714
31 36   0.48714
31 37   0.48714
31 38   0.48714
31 39   0.48714
31 40   0.48714
32 1   0.461961
32 2   0.461961
32 3   0.461961
32 4   0.461961
32 5   0.461961
32 6   0.461961
32 7   0.461961
32 8   0.461961
32 9   0.461961
32 10   0.461961
32 11   0.461961
32 12   0.461961
32 13   0.461961
32 14   0.461961
32 15   0.461961
32 16   0.461961
32 17   0.461961
32 18   0.461961
32 19   0.461961
32 20   0.461961
32 21   0.461961
32 22   0.461961
32 23   0.461961
32 24   0.461961
32 25   0.461961
32 26   0.461961
32 27   0.461961
32 28   0.461961
32 29   0.461961
32 30   0.461961
32 31   0.461961
32 32   0.461961
32 33   0.461961
32 34   0.461961
32 35   0.461961
32 36   0.461961
32 37   0.461961
32 38   0.461961
32 39   0.461961
32 40   0.461961
33 1   0.422669
33 2   0.422669
33 3   0.422669
33 4   0.422669
33 5   0.422669
33 6   0.422669
33 7   0.422669
33 8   0.422669
33 9   0.422669
33 10   0.422669
33 11   0.422669
33 12   0.422669
33 13   0.422669
33 14   0.422669
33 15   0.422669
33 16   0.422669
33 17   0.422669
33 18   0.422669
33 19   0.422669
33 20   0.422669
33 21   0.422669
33 22   0.422669
33 23   0.422669
33 24   0.422669
33 25   0.422669
33 26   0.422669
33 27   0.422669
33 28   0.422669
33 29   0.422669
33 30   0.422669
33 31   0.422669
33 32   0.422669
33 33   0.422669
33 34   0.422669
33 35   0.422669
33 36   0.422669
33 37   0.422669
33 38   0.422669
33 39   0.422669
33 40   0.422669
34 1   0.372699
34 2   0.372699
34 3   0.372699
34 4   0.372699
34 5   0.372699
34 6   0.372699
34 7   0.372699
34 8   0.372699
34 9   0.372699
34 10   0.372699
34 11   0.372699
34 12   0.372699
34 13   0.372699
34 14   0.372699
34 15   0.372699
34 16   0.372699
34 17   0.372699
34 18   0.372699
34 19   0.372699
34 20   0.372699
34 21   0.372699
34 22   0.372699
34 23   0.372699
34 24   0.372699
34 25   0.372699
34 26   0.372699
34 27   0.372699
34 28   0.372699
34 29   0.372699
34 30   0.372699
34 31   0.372699
34 32   0.372699
34 33   0.372699
34 34   0.372699
34 35   0.372699
34 36   0.372699
34 37   0.372699
34 38   0.372699
34 39   0.372699
34 40   0.372699
35 1   0.317876
35 2   0.317876
35 3   0.317876
35 4   0.317876
35 5   0.317876
35 6   0.317876
35 7   0.317876
35 8   0.317876
35 9   0.317876
35 10   0.317876
35 11   0.317876
35 12   0.317876
35 13   0.317876
35 14   0.317876
35 15   0.317876
35 16   0.317876
35 17   0.317876
35 18   0.317876
35 19   0.317876
35 20   0.317876
35 21   0.317876
35 22   0.317876
35 23   0.317876
35 24   0.317876
35 25   0.317876
35 26   0.317876
35 27   0.317876
35 28   0.317876
35 29   0.317876
35 30   0.317876
35 31   0.317876
35 32   0.317876
35 33   0.317876
35 34   0.317876
35 35   0.317876
35 36   0.317876
35 37   0.317876
35 38   0.317876
35 39   0.317876
35 40   0.317876
36 1   0.264531
36 2   0.264531
36 3   0.264531
36 4   0.264531
36 5   0.264531
36 6   0.264531
36 7   0.264531
36 8   0.264531
36 9   0.264531
36 10   0.264531
36 11   0.264531
36 12   0.264531
36 13   0.264531
36 14   0.264531
36 15   0.264531
36 16   0.264531
36 17   0.264531
36 18   0.264531
36 19   0.264531
36 20   0.264531
36 21   0.264531
36 22   0.264531
36 23   0.264531
36 24   0.264531
36 25   0.264531
36 26   0.264531
36 27   0.264531
36 28   0.264531
36 29   0.264531
36 30   0.264531
36 31   0.264531
36 32   0.264531
36 33   0.264531
36 34   0.264531
36 35   0.264531
36 36   0.264531
36 37   0.264531
36 38   0.264531
36 39   0.264531
36 40   0.264531
37 1   0.217975
37 2   0.217975
37 3   0.217975
37 4   0.217975
37 5   0.217975
37 6   0.217975
37 7   0.217975
37 8   0.217975
37 9   0.217975
37 10   0.217975
37 11   0.217975
37 12   0.217975
37 13   0.217975
37 14   0.217975
37 15   0.217975
37 16   0.217975
37 17   0.217975
37 18   0.217975
37 19   0.217975
37 20   0.217975
37 21   0.217975
37 22   0.217975
37 23   0.217975
37 24   0.217975
37 25   0.217975
37 26   0.217975
37 27   0.217975
37 28   0.217975
37 29   0.217975
37 30   0.217975
37 31   0.217975
37 32   0.217975
37 33   0.217975
37 34   0.217975
37 35   0.217975
37 36   0.217975
37 37   0.217975
37 38   0.217975
37 39   0.217975
37 40   0.217975
38 1   0.181733
38 2   0.181733
38 3   0.181733
38 4   0.181733
38 5   0.181733
38 6   0.181733
38 7   0.181733
38 8   0.181733
38 9   0.181733
38 10   0.181733
38 11   0.181733
38 12   0.181733
38 13   0.181733
38 14   0.181733
38 15   0.181733
38 16   0.181733
38 17   0.181733
38 18   0.181733
38 19   0.181733
38 20   0.181733
38 21   0.181733
38 22   0.181733
38 23   0.181733
38 24   0.181733
38 25   0.181733
38 26   0.181733
38 27   0.181733
38 28   0.181733
38 29   0.181733
38 30   0.181733
38 31   0.181733
38 32   0.181733
38 33   0.181733
38 34   0.181733
38 35   0.181733
38 36   0.181733
38 37   0.181733
38 38   0.181733
38 39   0.181733
38 40   0.181733
39 1   0.157458
39 2   0.157458
39 3   0.157458
39 4   0.157458
39 5   0.157458
39 6   0.157458
39 7   0.157458
39 8   0.157458
39 9   0.157458
39 10   0.157458
39 11   0.157458
39 12   0.157458
39 13   0.157458
39 14   0.157458
39 15   0.157458
39 16   0.157458
39 17   0.157458
39 18   0.157458
39 19   0.157458
39 20   0.157458
39 21   0.157458
39 22   0.157458
39 23   0.157458
39 24   0.157458
39 25   0.157458
39 26   0.157458
39 27   0.157458
39 28   0.157458
39 29   0.157458
39 30   0.157458
39 31   0.157458
39 32   0.157458
39 33   0.157458
39 34   0.157458
39 35   0.157458
39 36   0.157458
39 37   0.157458
39 38   0.157458
39 39   0.157458
39 40   0.157458
40 1   0.145429
40 2   0.145429
40 3   0.145429
40 4   0.145429
40 5   0.145429
40 6   0.145429
40 7   0.145429
40 8   0.145429
40 9   0.145429
40 10   0.145429
40 11   0.145429
40 12   0.145429
40 13   0.145429
40 14   0.145429
40 15   0.145429
40 16   0.145429
40 17   0.145429
40 18   0.145429
40 19   0.145429
40 20   0.145429
40 21   0.145429
40 22   0.145429
40 23   0.145429
40 24   0.145429
40 25   0.145429
40 26   0.145429
40 27   0.145429
40 28   0.145429
40 29   0.145429
40 30   0.145429
40 31   0.145429
40 32   0.145429
40 33   0.145429
40 34   0.145429
40 35   0.145429
40 36   0.145429
40 37   0.145429
40 38   0.145429
40 39   0.145429
40 40   0.145429
