1 1   0.998606
1 2   0.998606
1 3   0.998606
1 4   0.998606
1 5   0.998606
1 6   0.998606
1 7   0.998606
1 8   0.998606
1 9   0.998606
1 10   0.998606
1 11   0.998606
1 12   0.998606
1 13   0.998606
1 14   0.998606
1 15   0.998606
1 16   0.998606
1 17   0.998606
1 18   0.998606
1 19   0.998606
1 20   0.998606
1 21   0.998606
1 22   0.998606
1 23   0.998606
1 24   0.998606
1 25   0.998606
1 26   0.998606
1 27   0.998606
1 28   0.998606
1 29   0.998606
1 30   0.998606
1 31   0.998606
1 32   0.998606
1 33   0.998606
1 34   0.998606
1 35   0.998606
1 36   0.998606
1 37   0.998606
1 38   0.998606
1 39   0.998606
1 40   0.998606
2 1   0.992867
2 2   0.992867
2 3   0.992867
2 4   0.992867
2 5   0.992867
2 6   0.992867
2 7   0.992867
2 8   0.992867
2 9   0.992867
2 10   0.992867
2 11   0.992867
2 12   0.992867
2 13   0.992867
2 14   0.992867
2 15   0.992867
2 16   0.992867
2 17   0.992867
2 18   0.992867
2 19   0.992867
2 20   0.992867
2 21   0.992867
2 22   0.992867
2 23   0.992867
2 24   0.992867
2 25   0.992867
2 26   0.992867
2 27   0.992867
2 28   0.992867
2 29   0.992867
2 30   0.992867
2 31   0.992867
2 32   0.992867
2 33   0.992867
2 34   0.992867
2 35   0.992867
2 36   0.992867
2 37   0.992867
2 38   0.992867
2 39   0.992867
2 40   0.992867
3 1   0.968339
3 2   0.968339
3 3   0.968339
3 4   0.968339
3 5   0.968339
3 6   0.968339
3 7   0.968339
3 8   0.968339
3 9   0.968339
3 10   0.968339
3 11   0.968339
3 12   0.968339
3 13   0.968339
3 14   0.968339
3 15   0.968339
3 16   0.968339
3 17   0.968339
3 18   0.968339
3 19   0.968339
3 20   0.968339
3 21   0.968339
3 22   0.968339
3 23   0.968339
3 24   0.968339
3 25   0.968339
3 26   0.968339
3 27   0.968339
3 28   0.968339
3 29   0.968339
3 30   0.968339
3 31   0.968339
3 32   0.968339
3 33   0.968339
3 34   0.968339
3 35   0.968339
3 36   0.968339
3 37   0.968339
3 38   0.968339
3 39   0.968339
3 40   0.968339
4 1   0.892856
4 2   0.892856
4 3   0.892856
4 4   0.892856
4 5   0.892856
4 6   0.892856
4 7   0.892856
4 8   0.892856
4 9   0.892856
4 10   0.892856
4 11   0.892856
4 12   0.892856
4 13   0.892856
4 14   0.892856
4 15   0.892856
4 16   0.892856
4 17   0.892856
4 18   0.892856
4 19   0.892856
4 20   0.892856
4 21   0.892856
4 22   0.892856
4 23   0.892856
4 24   0.892856
4 25   0.892856
4 26   0.892856
4 27   0.892856
4 28   0.892856
4 29   0.892856
4 30   0.892856
4 31   0.892856
4 32   0.892856
4 33   0.892856
4 34   0.892856
4 35   0.892856
4 36   0.892856
4 37   0.892856
4 38   0.892856
4 39   0.892856
4 40   0.892856
5 1   0.729953
5 2   0.729953
5 3   0.729953
5 4   0.729953
5 5   0.729953
5 6   0.729953
5 7   0.729953
5 8   0.729953
5 9   0.729953
5 10   0.729953
5 11   0.729953
5 12   0.729953
5 13   0.729953
5 14   0.729953
5 15   0.729953
5 16   0.729953
5 17   0.729953
5 18   0.729953
5 19   0.729953
5 20   0.729953
5 21   0.729953
5 22   0.729953
5 23   0.729953
5 24   0.729953
5 25   0.729953
5 26   0.729953
5 27   0.729953
5 28   0.729953
5 29   0.729953
5 30   0.729953
5 31   0.729953
5 32   0.729953
5 33   0.729953
5 34   0.729953
5 35   0.729953
5 36   0.729953
5 37   0.729953
5 38   0.729953
5 39   0.729953
5 40   0.729953
6 1   0.509877
6 2   0.509877
6 3   0.509877
6 4   0.509877
6 5   0.509877
6 6   0.509877
6 7   0.509877
6 8   0.509877
6 9   0.509877
6 10   0.509877
6 11   0.509877
6 12   0.509877
6 13   0.509877
6 14   0.509877
6 15   0.509877
6 16   0.509877
6 17   0.509877
6 18   0.509877
6 19   0.509877
6 20   0.509877
6 21   0.509877
6 22   0.509877
6 23   0.509877
6 24   0.509877
6 25   0.509877
6 26   0.509877
6 27   0.509877
6 28   0.509877
6 29   0.509877
6 30   0.509877
6 31   0.509877
6 32   0.509877
6 33   0.509877
6 34   0.509877
6 35   0.509877
6 36   0.509877
6 37   0.509877
6 38   0.509877
6 39   0.509877
6 40   0.509877
7 1   0.386795
7 2   0.386795
7 3   0.386795
7 4   0.386795
7 5   0.386795
7 6   0.386795
7 7   0.386795
7 8   0.386795
7 9   0.386795
7 10   0.386795
7 11   0.386795
7 12   0.386795
7 13   0.386795
7 14   0.386795
7 15   0.386795
7 16   0.386795
7 17   0.386795
7 18   0.386795
7 19   0.386795
7 20   0.386795
7 21   0.386795
7 22   0.386795
7 23   0.386795
7 24   0.386795
7 25   0.386795
7 26   0.386795
7 27   0.386795
7 28   0.386795
7 29   0.386795
7 30   0.386795
7 31   0.386795
7 32   0.386795
7 33   0.386795
7 34   0.386795
7 35   0.386795
7 36   0.386795
7 37   0.386795
7 38   0.386795
7 39   0.386795
7 40   0.386795
8 1   0.47207
8 2   0.47207
8 3   0.47207
8 4   0.47207
8 5   0.47207
8 6   0.47207
8 7   0.47207
8 8   0.47207
8 9   0.47207
8 10   0.47207
8 11   0.47207
8 12   0.47207
8 13   0.47207
8 14   0.47207
8 15   0.47207
8 16   0.47207
8 17   0.47207
8 18   0.47207
8 19   0.47207
8 20   0.47207
8 21   0.47207
8 22   0.47207
8 23   0.47207
8 24   0.47207
8 25   0.47207
8 26   0.47207
8 27   0.47207
8 28   0.47207
8 29   0.47207
8 30   0.47207
8 31   0.47207
8 32   0.47207
8 33   0.47207
8 34   0.47207
8 35   0.47207
8 36   0.47207
8 37   0.47207
8 38   0.47207
8 39   0.47207
8 40   0.47207
9 1   0.573007
9 2   0.573007
9 3   0.573007
9 4   0.573007
9 5   0.573007
9 6   0.573007
9 7   0.573007
9 8   0.573007
9 9   0.573007
9 10   0.573007
9 11   0.573007
9 12   0.573007
9 13   0.573007
9 14   0.573007
9 15   0.573007
9 16   0.573007
9 17   0.573007
9 18   0.573007
9 19   0.573007
9 20   0.573007
9 21   0.573007
9 22   0.573007
9 23   0.573007
9 24   0.573007
9 25   0.573007
9 26   0.573007
9 27   0.573007
9 28   0.573007
9 29   0.573007
9 30   0.573007
9 31   0.573007
9 32   0.573007
9 33   0.573007
9 34   0.573007
9 35   0.573007
9 36   0.573007
9 37   0.573007
9 38   0.573007
9 39   0.573007
9 40   0.573007
10 1   0.488473
10 2   0.488473
10 3   0.488473
10 4   0.488473
10 5   0.488473
10 6   0.488473
10 7   0.488473
10 8   0.488473
10 9   0.488473
10 10   0.488473
10 11   0.488473
10 12   0.488473
10 13   0.488473
10 14   0.488473
10 15   0.488473
10 16   0.488473
10 17   0.488473
10 18   0.488473
10 19   0.488473
10 20   0.488473
10 21   0.488473
10 22   0.488473
10 23   0.488473
10 24   0.488473
10 25   0.488473
10 26   0.488473
10 27   0.488473
10 28   0.488473
10 29   0.488473
10 30   0.488473
10 31   0.488473
10 32   0.488473
10 33   0.488473
10 34   0.488473
10 35   0.488473
10 36   0.488473
10 37   0.488473
10 38   0.488473
10 39   0.488473
10 40   0.488473
11 1   0.458427
11 2   0.458427
11 3   0.458427
11 4   0.458427
11 5   0.458427
11 6   0.458427
11 7   0.458427
11 8   0.458427
11 9   0.458427
11 10   0.458427
11 11   0.458427
11 12   0.458427
11 13   0.458427
11 14   0.458427
11 15   0.458427
11 16   0.458427
11 17   0.458427
11 18   0.458427
11 19   0.458427
11 20   0.458427
11 21   0.458427
11 22   0.458427
11 23   0.458427
11 24   0.458427
11 25   0.458427
11 26   0.458427
11 27   0.458427
11 28   0.458427
11 29   0.458427
11 30   0.458427
11 31   0.458427
11 32   0.458427
11 33   0.458427
11 34   0.458427
11 35   0.458427
11 36   0.458427
11 37   0.458427
11 38   0.458427
11 39   0.458427
11 40   0.458427
12 1   0.545719
12 2   0.545719
12 3   0.545719
12 4   0.545719
12 5   0.545719
12 6   0.545719
12 7   0.545719
12 8   0.545719
12 9   0.545719
12 10   0.545719
12 11   0.545719
12 12   0.545719
12 13   0.545719
12 14   0.545719
12 15   0.545719
12 16   0.545719
12 17   0.545719
12 18   0.545719
12 19   0.545719
12 20   0.545719
12 21   0.545719
12 22   0.545719
12 23   0.545719
12 24   0.545719
12 25   0.545719
12 26   0.545719
12 27   0.545719
12 28   0.545719
12 29   0.545719
12 30   0.545719
12 31   0.545719
12 32   0.545719
12 33   0.545719
12 34   0.545719
12 35   0.545719
12 36   0.545719
12 37   0.545719
12 38   0.545719
12 39   0.545719
12 40   0.545719
13 1   0.479338
13 2   0.479338
13 3   0.479338
13 4   0.479338
13 5   0.479338
13 6   0.479338
13 7   0.479338
13 8   0.479338
13 9   0.479338
13 10   0.479338
13 11   0.479338
13 12   0.479338
13 13   0.479338
13 14   0.479338
13 15   0.479338
13 16   0.479338
13 17   0.479338
13 18   0.479338
13 19   0.479338
13 20   0.479338
13 21   0.479338
13 22   0.479338
13 23   0.479338
13 24   0.479338
13 25   0.479338
13 26   0.479338
13 27   0.479338
13 28   0.479338
13 29   0.479338
13 30   0.479338
13 31   0.479338
13 32   0.479338
13 33   0.479338
13 34   0.479338
13 35   0.479338
13 36   0.479338
13 37   0.479338
13 38   0.479338
13 39   0.479338
13 40   0.479338
14 1   0.493426
14 2   0.493426
14 3   0.493426
14 4   0.493426
14 5   0.493426
14 6   0.493426
14 7   0.493426
14 8   0.493426
14 9   0.493426
14 10   0.493426
14 11   0.493426
14 12   0.493426
14 13   0.493426
14 14   0.493426
14 15   0.493426
14 16   0.493426
14 17   0.493426
14 18   0.493426
14 19   0.493426
14 20   0.493426
14 21   0.493426
14 22   0.493426
14 23   0.493426
14 24   0.493426
14 25   0.493426
14 26   0.493426
14 27   0.493426
14 28   0.493426
14 29   0.493426
14 30   0.493426
14 31   0.493426
14 32   0.493426
14 33   0.493426
14 34   0.493426
14 35   0.493426
14 36   0.493426
14 37   0.493426
14 38   0.493426
14 39   0.493426
14 40   0.493426
15 1   0.524333
15 2   0.524333
15 3   0.524333
15 4   0.524333
15 5   0.524333
15 6   0.524333
15 7   0.524333
15 8   0.524333
15 9   0.524333
15 10   0.524333
15 11   0.524333
15 12   0.524333
15 13   0.524333
15 14   0.524333
15 15   0.524333
15 16   0.524333
15 17   0.524333
15 18   0.524333
15 19   0.524333
15 20   0.524333
15 21   0.524333
15 22   0.524333
15 23   0.524333
15 24   0.524333
15 25   0.524333
15 26   0.524333
15 27   0.524333
15 28   0.524333
15 29   0.524333
15 30   0.524333
15 31   0.524333
15 32   0.524333
15 33   0.524333
15 34   0.524333
15 35   0.524333
15 36   0.524333
15 37   0.524333
15 38   0.524333
15 39   0.524333
15 40   0.524333
16 1   0.468195
16 2   0.468195
16 3   0.468195
16 4   0.468195
16 5   0.468195
16 6   0.468195
16 7   0.468195
16 8   0.468195
16 9   0.468195
16 10   0.468195
16 11   0.468195
16 12   0.468195
16 13   0.468195
16 14   0.468195
16 15   0.468195
16 16   0.468195
16 17   0.468195
16 18   0.468195
16 19   0.468195
16 20   0.468195
16 21   0.468195
16 22   0.468195
16 23   0.468195
16 24   0.468195
16 25   0.468195
16 26   0.468195
16 27   0.468195
16 28   0.468195
16 29   0.468195
16 30   0.468195
16 31   0.468195
16 32   0.468195
16 33   0.468195
16 34   0.468195
16 35   0.468195
16 36   0.468195
16 37   0.468195
16 38   0.468195
16 39   0.468195
16 40   0.468195
17 1   0.533253
17 2   0.533253
17 3   0.533253
17 4   0.533253
17 5   0.533253
17 6   0.533253
17 7   0.533253
17 8   0.533253
17 9   0.533253
17 10   0.533253
17 11   0.533253
17 12   0.533253
17 13   0.533253
17 14   0.533253
17 15   0.533253
17 16   0.533253
17 17   0.533253
17 18   0.533253
17 19   0.533253
17 20   0.533253
17 21   0.533253
17 22   0.533253
17 23   0.533253
17 24   0.533253
17 25   0.533253
17 26   0.533253
17 27   0.533253
17 28   0.533253
17 29   0.533253
17 30   0.533253
17 31   0.533253
17 32   0.533253
17 33   0.533253
17 34   0.533253
17 35   0.533253
17 36   0.533253
17 37   0.533253
17 38   0.533253
17 39   0.533253
17 40   0.533253
18 1   0.467927
18 2   0.467927
18 3   0.467927
18 4   0.467927
18 5   0.467927
18 6   0.467927
18 7   0.467927
18 8   0.467927
18 9   0.467927
18 10   0.467927
18 11   0.467927
18 12   0.467927
18 13   0.467927
18 14   0.467927
18 15   0.467927
18 16   0.467927
18 17   0.467927
18 18   0.467927
18 19   0.467927
18 20   0.467927
18 21   0.467927
18 22   0.467927
18 23   0.467927
18 24   0.467927
18 25   0.467927
18 26   0.467927
18 27   0.467927
18 28   0.467927
18 29   0.467927
18 30   0.467927
18 31   0.467927
18 32   0.467927
18 33   0.467927
18 34   0.467927
18 35   0.467927
18 36   0.467927
18 37   0.467927
18 38   0.467927
18 39   0.467927
18 40   0.467927
19 1   0.531085
19 2   0.531085
19 3   0.531085
19 4   0.531085
19 5   0.531085
19 6   0.531085
19 7   0.531085
19 8   0.531085
19 9   0.531085
19 10   0.531085
19 11   0.531085
19 12   0.531085
19 13   0.531085
19 14   0.531085
19 15   0.531085
19 16   0.531085
19 17   0.531085
19 18   0.531085
19 19   0.531085
19 20   0.531085
19 21   0.531085
19 22   0.531085
19 23   0.531085
19 24   0.531085
19 25   0.531085
19 26   0.531085
19 27   0.531085
19 28   0.531085
19 29   0.531085
19 30   0.531085
19 31   0.531085
19 32   0.531085
19 33   0.531085
19 34   0.531085
19 35   0.531085
19 36   0.531085
19 37   0.531085
19 38   0.531085
19 39   0.531085
19 40   0.531085
20 1   0.469015
20 2   0.469015
20 3   0.469015
20 4   0.469015
20 5   0.469015
20 6   0.469015
20 7   0.469015
20 8   0.469015
20 9   0.469015
20 10   0.469015
20 11   0.469015
20 12   0.469015
20 13   0.469015
20 14   0.469015
20 15   0.469015
20 16   0.469015
20 17   0.469015
20 18   0.469015
20 19   0.469015
20 20   0.469015
20 21   0.469015
20 22   0.469015
20 23   0.469015
20 24   0.469015
20 25   0.469015
20 26   0.469015
20 27   0.469015
20 28   0.469015
20 29   0.469015
20 30   0.469015
20 31   0.469015
20 32   0.469015
20 33   0.469015
20 34   0.469015
20 35   0.469015
20 36   0.469015
20 37   0.469015
20 38   0.469015
20 39   0.469015
20 40   0.469015
21 1   0.532173
21 2   0.532173
21 3   0.532173
21 4   0.532173
21 5   0.532173
21 6   0.532173
21 7   0.532173
21 8   0.532173
21 9   0.532173
21 10   0.532173
21 11   0.532173
21 12   0.532173
21 13   0.532173
21 14   0.532173
21 15   0.532173
21 16   0.532173
21 17   0.532173
21 18   0.532173
21 19   0.532173
21 20   0.532173
21 21   0.532173
21 22   0.532173
21 23   0.532173
21 24   0.532173
21 25   0.532173
21 26   0.532173
21 27   0.532173
21 28   0.532173
21 29   0.532173
21 30   0.532173
21 31   0.532173
21 32   0.532173
21 33   0.532173
21 34   0.532173
21 35   0.532173
21 36   0.532173
21 37   0.532173
21 38   0.532173
21 39   0.532173
21 40   0.532173
22 1   0.466847
22 2   0.466847
22 3   0.466847
22 4   0.466847
22 5   0.466847
22 6   0.466847
22 7   0.466847
22 8   0.466847
22 9   0.466847
22 10   0.466847
22 11   0.466847
22 12   0.466847
22 13   0.466847
22 14   0.466847
22 15   0.466847
22 16   0.466847
22 17   0.466847
22 18   0.466847
22 19   0.466847
22 20   0.466847
22 21   0.466847
22 22   0.466847
22 23   0.466847
22 24   0.466847
22 25   0.466847
22 26   0.466847
22 27   0.466847
22 28   0.466847
22 29   0.466847
22 30   0.466847
22 31   0.466847
22 32   0.466847
22 33   0.466847
22 34   0.466847
22 35   0.466847
22 36   0.466847
22 37   0.466847
22 38   0.466847
22 39   0.466847
22 40   0.466847
23 1   0.531905
23 2   0.531905
23 3   0.531905
23 4   0.531905
23 5   0.531905
23 6   0.531905
23 7   0.531905
23 8   0.531905
23 9   0.531905
23 10   0.531905
23 11   0.531905
23 12   0.531905
23 13   0.531905
23 14   0.531905
23 15   0.531905
23 16   0.531905
23 17   0.531905
23 18   0.531905
23 19   0.531905
23 20   0.531905
23 21   0.531905
23 22   0.531905
23 23   0.531905
23 24   0.531905
23 25   0.531905
23 26   0.531905
23 27   0.531905
23 28   0.531905
23 29   0.531905
23 30   0.531905
23 31   0.531905
23 32   0.531905
23 33   0.531905
23 34   0.531905
23 35   0.531905
23 36   0.531905
23 37   0.531905
23 38   0.531905
23 39   0.531905
23 40   0.531905
24 1   0.475767
24 2   0.475767
24 3   0.475767
24 4   0.475767
24 5   0.475767
24 6   0.475767
24 7   0.475767
24 8   0.475767
24 9   0.475767
24 10   0.475767
24 11   0.475767
24 12   0.475767
24 13   0.475767
24 14   0.475767
24 15   0.475767
24 16   0.475767
24 17   0.475767
24 18   0.475767
24 19   0.475767
24 20   0.475767
24 21   0.475767
24 22   0.475767
24 23   0.475767
24 24   0.475767
24 25   0.475767
24 26   0.475767
24 27   0.475767
24 28   0.475767
24 29   0.475767
24 30   0.475767
24 31   0.475767
24 32   0.475767
24 33   0.475767
24 34   0.475767
24 35   0.475767
24 36   0.475767
24 37   0.475767
24 38   0.475767
24 39   0.475767
24 40   0.475767
25 1   0.506674
25 2   0.506674
25 3   0.506674
25 4   0.506674
25 5   0.506674
25 6   0.506674
25 7   0.506674
25 8   0.506674
25 9   0.506674
25 10   0.506674
25 11   0.506674
25 12   0.506674
25 13   0.506674
25 14   0.506674
25 15   0.506674
25 16   0.506674
25 17   0.506674
25 18   0.506674
25 19   0.506674
25 20   0.506674
25 21   0.506674
25 22   0.506674
25 23   0.506674
25 24   0.506674
25 25   0.506674
25 26   0.506674
25 27   0.506674
25 28   0.506674
25 29   0.506674
25 30   0.506674
25 31   0.506674
25 32   0.506674
25 33   0.506674
25 34   0.506674
25 35   0.506674
25 36   0.506674
25 37   0.506674
25 38   0.506674
25 39   0.506674
25 40   0.506674
26 1   0.520762
26 2   0.520762
26 3   0.520762
26 4   0.520762
26 5   0.520762
26 6   0.520762
26 7   0.520762
26 8   0.520762
26 9   0.520762
26 10   0.520762
26 11   0.520762
26 12   0.520762
26 13   0.520762
26 14   0.520762
26 15   0.520762
26 16   0.520762
26 17   0.520762
26 18   0.520762
26 19   0.520762
26 20   0.520762
26 21   0.520762
26 22   0.520762
26 23   0.520762
26 24   0.520762
26 25   0.520762
26 26   0.520762
26 27   0.520762
26 28   0.520762
26 29   0.520762
26 30   0.520762
26 31   0.520762
26 32   0.520762
26 33   0.520762
26 34   0.520762
26 35   0.520762
26 36   0.520762
26 37   0.520762
26 38   0.520762
26 39   0.520762
26 40   0.520762
27 1   0.454381
27 2   0.454381
27 3   0.454381
27 4   0.454381
27 5   0.454381
27 6   0.454381
27 7   0.454381
27 8   0.454381
27 9   0.454381
27 10   0.454381
27 11   0.454381
27 12   0.454381
27 13   0.454381
27 14   0.454381
27 15   0.454381
27 16   0.454381
27 17   0.454381
27 18   0.454381
27 19   0.454381
27 20   0.454381
27 21   0.454381
27 22   0.454381
27 23   0.454381
27 24   0.454381
27 25   0.454381
27 26   0.454381
27 27   0.454381
27 28   0.454381
27 29   0.454381
27 30   0.454381
27 31   0.454381
27 32   0.454381
27 33   0.454381
27 34   0.454381
27 35   0.454381
27 36   0.454381
27 37   0.454381
27 38   0.454381
27 39   0.454381
27 40   0.454381
28 1   0.541673
28 2   0.541673
28 3   0.541673
28 4   0.541673
28 5   0.541673
28 6   0.541673
28 7   0.541673
28 8   0.541673
28 9   0.541673
28 10   0.541673
28 11   0.541673
28 12   0.541673
28 13   0.541673
28 14   0.541673
28 15   0.541673
28 16   0.541673
28 17   0.541673
28 18   0.541673
28 19   0.541673
28 20   0.541673
28 21   0.541673
28 22   0.541673
28 23   0.541673
28 24   0.541673
28 25   0.541673
28 26   0.541673
28 27   0.541673
28 28   0.541673
28 29   0.541673
28 30   0.541673
28 31   0.541673
28 32   0.541673
28 33   0.541673
28 34   0.541673
28 35   0.541673
28 36   0.541673
28 37   0.541673
28 38   0.541673
28 39   0.541673
28 40   0.541673
29 1   0.511627
29 2   0.511627
29 3   0.511627
29 4   0.511627
29 5   0.511627
29 6   0.511627
29 7   0.511627
29 8   0.511627
29 9   0.511627
29 10   0.511627
29 11   0.511627
29 12   0.511627
29 13   0.511627
29 14   0.511627
29 15   0.511627
29 16   0.511627
29 17   0.511627
29 18   0.511627
29 19   0.511627
29 20   0.511627
29 21   0.511627
29 22   0.511627
29 23   0.511627
29 24   0.511627
29 25   0.511627
29 26   0.511627
29 27   0.511627
29 28   0.511627
29 29   0.511627
29 30   0.511627
29 31   0.511627
29 32   0.511627
29 33   0.511627
29 34   0.511627
29 35   0.511627
29 36   0.511627
29 37   0.511627
29 38   0.511627
29 39   0.511627
29 40   0.511627
30 1   0.427093
30 2   0.427093
30 3   0.427093
30 4   0.427093
30 5   0.427093
30 6   0.427093
30 7   0.427093
30 8   0.427093
30 9   0.427093
30 10   0.427093
30 11   0.427093
30 12   0.427093
30 13   0.427093
30 14   0.427093
30 15   0.427093
30 16   0.427093
30 17   0.427093
30 18   0.427093
30 19   0.427093
30 20   0.427093
30 21   0.427093
30 22   0.427093
30 23   0.427093
30 24   0.427093
30 25   0.427093
30 26   0.427093
30 27   0.427093
30 28   0.427093
30 29   0.427093
30 30   0.427093
30 31   0.427093
30 32   0.427093
30 33   0.427093
30 34   0.427093
30 35   0.427093
30 36   0.427093
30 37   0.427093
30 38   0.427093
30 39   0.427093
30 40   0.427093
31 1   0.52803
31 2   0.52803
31 3   0.52803
31 4   0.52803
31 5   0.52803
31 6   0.52803
31 7   0.52803
31 8   0.52803
31 9   0.52803
31 10   0.52803
31 11   0.52803
31 12   0.52803
31 13   0.52803
31 14   0.52803
31 15   0.52803
31 16   0.52803
31 17   0.52803
31 18   0.52803
31 19   0.52803
31 20   0.52803
31 21   0.52803
31 22   0.52803
31 23   0.52803
31 24   0.52803
31 25   0.52803
31 26   0.52803
31 27   0.52803
31 28   0.52803
31 29   0.52803
31 30   0.52803
31 31   0.52803
31 32   0.52803
31 33   0.52803
31 34   0.52803
31 35   0.52803
31 36   0.52803
31 37   0.52803
31 38   0.52803
31 39   0.52803
31 40   0.52803
32 1   0.613305
32 2   0.613305
32 3   0.613305
32 4   0.613305
32 5   0.613305
32 6   0.613305
32 7   0.613305
32 8   0.613305
32 9   0.613305
32 10   0.613305
32 11   0.613305
32 12   0.613305
32 13   0.613305
32 14   0.613305
32 15   0.613305
32 16   0.613305
32 17   0.613305
32 18   0.613305
32 19   0.613305
32 20   0.613305
32 21   0.613305
32 22   0.613305
32 23   0.613305
32 24   0.613305
32 25   0.613305
32 26   0.613305
32 27   0.613305
32 28   0.613305
32 29   0.613305
32 30   0.613305
32 31   0.613305
32 32   0.613305
32 33   0.613305
32 34   0.613305
32 35   0.613305
32 36   0.613305
32 37   0.613305
32 38   0.613305
32 39   0.613305
32 40   0.613305
33 1   0.490223
33 2   0.490223
33 3   0.490223
33 4   0.490223
33 5   0.490223
33 6   0.490223
33 7   0.490223
33 8   0.490223
33 9   0.490223
33 10   0.490223
33 11   0.490223
33 12   0.490223
33 13   0.490223
33 14   0.490223
33 15   0.490223
33 16   0.490223
33 17   0.490223
33 18   0.490223
33 19   0.490223
33 20   0.490223
33 21   0.490223
33 22   0.490223
33 23   0.490223
33 24   0.490223
33 25   0.490223
33 26   0.490223
33 27   0.490223
33 28   0.490223
33 29   0.490223
33 30   0.490223
33 31   0.490223
33 32   0.490223
33 33   0.490223
33 34   0.490223
33 35   0.490223
33 36   0.490223
33 37   0.490223
33 38   0.490223
33 39   0.490223
33 40   0.490223
34 1   0.270147
34 2   0.270147
34 3   0.270147
34 4   0.270147
34 5   0.270147
34 6   0.270147
34 7   0.270147
34 8   0.270147
34 9   0.270147
34 10   0.270147
34 11   0.270147
34 12   0.270147
34 13   0.270147
34 14   0.270147
34 15   0.270147
34 16   0.270147
34 17   0.270147
34 18   0.270147
34 19   0.270147
34 20   0.270147
34 21   0.270147
34 22   0.270147
34 23   0.270147
34 24   0.270147
34 25   0.270147
34 26   0.270147
34 27   0.270147
34 28   0.270147
34 29   0.270147
34 30   0.270147
34 31   0.270147
34 32   0.270147
34 33   0.270147
34 34   0.270147
34 35   0.270147
34 36   0.270147
34 37   0.270147
34 38   0.270147
34 39   0.270147
34 40   0.270147
35 1   0.107244
35 2   0.107244
35 3   0.107244
35 4   0.107244
35 5   0.107244
35 6   0.107244
35 7   0.107244
35 8   0.107244
35 9   0.107244
35 10   0.107244
35 11   0.107244
35 12   0.107244
35 13   0.107244
35 14   0.107244
35 15   0.107244
35 16   0.107244
35 17   0.107244
35 18   0.107244
35 19   0.107244
35 20   0.107244
35 21   0.107244
35 22   0.107244
35 23   0.107244
35 24   0.107244
35 25   0.107244
35 26   0.107244
35 27   0.107244
35 28   0.107244
35 29   0.107244
35 30   0.107244
35 31   0.107244
35 32   0.107244
35 33   0.107244
35 34   0.107244
35 35   0.107244
35 36   0.107244
35 37   0.107244
35 38   0.107244
35 39   0.107244
35 40   0.107244
36 1   0.0317601
36 2   0.0317601
36 3   0.0317601
36 4   0.0317601
36 5   0.0317601
36 6   0.0317601
36 7   0.0317601
36 8   0.0317601
36 9   0.0317601
36 10   0.0317601
36 11   0.0317601
36 12   0.0317601
36 13   0.0317601
36 14   0.0317601
36 15   0.0317601
36 16   0.0317601
36 17   0.0317601
36 18   0.0317601
36 19   0.0317601
36 20   0.0317601
36 21   0.0317601
36 22   0.0317601
36 23   0.0317601
36 24   0.0317601
36 25   0.0317601
36 26   0.0317601
36 27   0.0317601
36 28   0.0317601
36 29   0.0317601
36 30   0.0317601
36 31   0.0317601
36 32   0.0317601
36 33   0.0317601
36 34   0.0317601
36 35   0.0317601
36 36   0.0317601
36 37   0.0317601
36 38   0.0317601
36 39   0.0317601
36 40   0.0317601
37 1   0.00721596
37 2   0.00721596
37 3   0.00721596
37 4   0.00721596
37 5   0.00721596
37 6   0.00721596
37 7   0.00721596
37 8   0.00721596
37 9   0.00721596
37 10   0.00721596
37 11   0.00721596
37 12   0.00721596
37 13   0.00721596
37 14   0.00721596
37 15   0.00721596
37 16   0.00721596
37 17   0.00721596
37 18   0.00721596
37 19   0.00721596
37 20   0.00721596
37 21   0.00721596
37 22   0.00721596
37 23   0.00721596
37 24   0.00721596
37 25   0.00721596
37 26   0.00721596
37 27   0.00721596
37 28   0.00721596
37 29   0.00721596
37 30   0.00721596
37 31   0.00721596
37 32   0.00721596
37 33   0.00721596
37 34   0.00721596
37 35   0.00721596
37 36   0.00721596
37 37   0.00721596
37 38   0.00721596
37 39   0.00721596
37 40   0.00721596
38 1   0.00132983
38 2   0.00132983
38 3   0.00132983
38 4   0.00132983
38 5   0.00132983
38 6   0.00132983
38 7   0.00132983
38 8   0.00132983
38 9   0.00132983
38 10   0.00132983
38 11   0.00132983
38 12   0.00132983
38 13   0.00132983
38 14   0.00132983
38 15   0.00132983
38 16   0.00132983
38 17   0.00132983
38 18   0.00132983
38 19   0.00132983
38 20   0.00132983
38 21   0.00132983
38 22   0.00132983
38 23   0.00132983
38 24   0.00132983
38 25   0.00132983
38 26   0.00132983
38 27   0.00132983
38 28   0.00132983
38 29   0.00132983
38 30   0.00132983
38 31   0.00132983
38 32   0.00132983
38 33   0.00132983
38 34   0.00132983
38 35   0.00132983
38 36   0.00132983
38 37   0.00132983
38 38   0.00132983
38 39   0.00132983
38 40   0.00132983
39 1   0.000263854
39 2   0.000263854
39 3   0.000263854
39 4   0.000263854
39 5   0.000263854
39 6   0.000263854
39 7   0.000263854
39 8   0.000263854
39 9   0.000263854
39 10   0.000263854
39 11   0.000263854
39 12   0.000263854
39 13   0.000263854
39 14   0.000263854
39 15   0.000263854
39 16   0.000263854
39 17   0.000263854
39 18   0.000263854
39 19   0.000263854
39 20   0.000263854
39 21   0.000263854
39 22   0.000263854
39 23   0.000263854
39 24   0.000263854
39 25   0.000263854
39 26   0.000263854
39 27   0.000263854
39 28   0.000263854
39 29   0.000263854
39 30   0.000263854
39 31   0.000263854
39 32   0.000263854
39 33   0.000263854
39 34   0.000263854
39 35   0.000263854
39 36   0.000263854
39 37   0.000263854
39 38   0.000263854
39 39   0.000263854
39 40   0.000263854
40 1   0.00011798
40 2   0.00011798
40 3   0.00011798
40 4   0.00011798
40 5   0.00011798
40 6   0.00011798
40 7   0.00011798
40 8   0.00011798
40 9   0.00011798
40 10   0.00011798
40 11   0.00011798
40 12   0.00011798
40 13   0.00011798
40 14   0.00011798
40 15   0.00011798
40 16   0.00011798
40 17   0.00011798
40 18   0.00011798
40 19   0.00011798
40 20   0.00011798
40 21   0.00011798
40 22   0.00011798
40 23   0.00011798
40 24   0.00011798
40 25   0.00011798
40 26   0.00011798
40 27   0.00011798
40 28   0.00011798
40 29   0.00011798
40 30   0.00011798
40 31   0.00011798
40 32   0.00011798
40 33   0.00011798
40 34   0.00011798
40 35   0.00011798
40 36   0.00011798
40 37   0.00011798
40 38   0.00011798
40 39   0.00011798
40 40   0.00011798
