1 1   0.972629
1 2   0.972629
1 3   0.972629
1 4   0.972629
1 5   0.972629
1 6   0.972629
1 7   0.972629
1 8   0.972629
1 9   0.972629
1 10   0.972629
1 11   0.972629
1 12   0.972629
1 13   0.972629
1 14   0.972629
1 15   0.972629
1 16   0.972629
1 17   0.972629
1 18   0.972629
1 19   0.972629
1 20   0.972629
1 21   0.972629
1 22   0.972629
1 23   0.972629
1 24   0.972629
1 25   0.972629
1 26   0.972629
1 27   0.972629
1 28   0.972629
1 29   0.972629
1 30   0.972629
1 31   0.972629
1 32   0.972629
1 33   0.972629
1 34   0.972629
1 35   0.972629
1 36   0.972629
1 37   0.972629
1 38   0.972629
1 39   0.972629
1 40   0.972629
2 1   0.972906
2 2   0.972906
2 3   0.972906
2 4   0.972906
2 5   0.972906
2 6   0.972906
2 7   0.972906
2 8   0.972906
2 9   0.972906
2 10   0.972906
2 11   0.972906
2 12   0.972906
2 13   0.972906
2 14   0.972906
2 15   0.972906
2 16   0.972906
2 17   0.972906
2 18   0.972906
2 19   0.972906
2 20   0.972906
2 21   0.972906
2 22   0.972906
2 23   0.972906
2 24   0.972906
2 25   0.972906
2 26   0.972906
2 27   0.972906
2 28   0.972906
2 29   0.972906
2 30   0.972906
2 31   0.972906
2 32   0.972906
2 33   0.972906
2 34   0.972906
2 35   0.972906
2 36   0.972906
2 37   0.972906
2 38   0.972906
2 39   0.972906
2 40   0.972906
3 1   0.969902
3 2   0.969902
3 3   0.969902
3 4   0.969902
3 5   0.969902
3 6   0.969902
3 7   0.969902
3 8   0.969902
3 9   0.969902
3 10   0.969902
3 11   0.969902
3 12   0.969902
3 13   0.969902
3 14   0.969902
3 15   0.969902
3 16   0.969902
3 17   0.969902
3 18   0.969902
3 19   0.969902
3 20   0.969902
3 21   0.969902
3 22   0.969902
3 23   0.969902
3 24   0.969902
3 25   0.969902
3 26   0.969902
3 27   0.969902
3 28   0.969902
3 29   0.969902
3 30   0.969902
3 31   0.969902
3 32   0.969902
3 33   0.969902
3 34   0.969902
3 35   0.969902
3 36   0.969902
3 37   0.969902
3 38   0.969902
3 39   0.969902
3 40   0.969902
4 1   0.958663
4 2   0.958663
4 3   0.958663
4 4   0.958663
4 5   0.958663
4 6   0.958663
4 7   0.958663
4 8   0.958663
4 9   0.958663
4 10   0.958663
4 11   0.958663
4 12   0.958663
4 13   0.958663
4 14   0.958663
4 15   0.958663
4 16   0.958663
4 17   0.958663
4 18   0.958663
4 19   0.958663
4 20   0.958663
4 21   0.958663
4 22   0.958663
4 23   0.958663
4 24   0.958663
4 25   0.958663
4 26   0.958663
4 27   0.958663
4 28   0.958663
4 29   0.958663
4 30   0.958663
4 31   0.958663
4 32   0.958663
4 33   0.958663
4 34   0.958663
4 35   0.958663
4 36   0.958663
4 37   0.958663
4 38   0.958663
4 39   0.958663
4 40   0.958663
5 1   0.935919
5 2   0.935919
5 3   0.935919
5 4   0.935919
5 5   0.935919
5 6   0.935919
5 7   0.935919
5 8   0.935919
5 9   0.935919
5 10   0.935919
5 11   0.935919
5 12   0.935919
5 13   0.935919
5 14   0.935919
5 15   0.935919
5 16   0.935919
5 17   0.935919
5 18   0.935919
5 19   0.935919
5 20   0.935919
5 21   0.935919
5 22   0.935919
5 23   0.935919
5 24   0.935919
5 25   0.935919
5 26   0.935919
5 27   0.935919
5 28   0.935919
5 29   0.935919
5 30   0.935919
5 31   0.935919
5 32   0.935919
5 33   0.935919
5 34   0.935919
5 35   0.935919
5 36   0.935919
5 37   0.935919
5 38   0.935919
5 39   0.935919
5 40   0.935919
6 1   0.902025
6 2   0.902025
6 3   0.902025
6 4   0.902025
6 5   0.902025
6 6   0.902025
6 7   0.902025
6 8   0.902025
6 9   0.902025
6 10   0.902025
6 11   0.902025
6 12   0.902025
6 13   0.902025
6 14   0.902025
6 15   0.902025
6 16   0.902025
6 17   0.902025
6 18   0.902025
6 19   0.902025
6 20   0.902025
6 21   0.902025
6 22   0.902025
6 23   0.902025
6 24   0.902025
6 25   0.902025
6 26   0.902025
6 27   0.902025
6 28   0.902025
6 29   0.902025
6 30   0.902025
6 31   0.902025
6 32   0.902025
6 33   0.902025
6 34   0.902025
6 35   0.902025
6 36   0.902025
6 37   0.902025
6 38   0.902025
6 39   0.902025
6 40   0.902025
7 1   0.860275
7 2   0.860275
7 3   0.860275
7 4   0.860275
7 5   0.860275
7 6   0.860275
7 7   0.860275
7 8   0.860275
7 9   0.860275
7 10   0.860275
7 11   0.860275
7 12   0.860275
7 13   0.860275
7 14   0.860275
7 15   0.860275
7 16   0.860275
7 17   0.860275
7 18   0.860275
7 19   0.860275
7 20   0.860275
7 21   0.860275
7 22   0.860275
7 23   0.860275
7 24   0.860275
7 25   0.860275
7 26   0.860275
7 27   0.860275
7 28   0.860275
7 29   0.860275
7 30   0.860275
7 31   0.860275
7 32   0.860275
7 33   0.860275
7 34   0.860275
7 35   0.860275
7 36   0.860275
7 37   0.860275
7 38   0.860275
7 39   0.860275
7 40   0.860275
8 1   0.814271
8 2   0.814271
8 3   0.814271
8 4   0.814271
8 5   0.814271
8 6   0.814271
8 7   0.814271
8 8   0.814271
8 9   0.814271
8 10   0.814271
8 11   0.814271
8 12   0.814271
8 13   0.814271
8 14   0.814271
8 15   0.814271
8 16   0.814271
8 17   0.814271
8 18   0.814271
8 19   0.814271
8 20   0.814271
8 21   0.814271
8 22   0.814271
8 23   0.814271
8 24   0.814271
8 25   0.814271
8 26   0.814271
8 27   0.814271
8 28   0.814271
8 29   0.814271
8 30   0.814271
8 31   0.814271
8 32   0.814271
8 33   0.814271
8 34   0.814271
8 35   0.814271
8 36   0.814271
8 37   0.814271
8 38   0.814271
8 39   0.814271
8 40   0.814271
9 1   0.765693
9 2   0.765693
9 3   0.765693
9 4   0.765693
9 5   0.765693
9 6   0.765693
9 7   0.765693
9 8   0.765693
9 9   0.765693
9 10   0.765693
9 11   0.765693
9 12   0.765693
9 13   0.765693
9 14   0.765693
9 15   0.765693
9 16   0.765693
9 17   0.765693
9 18   0.765693
9 19   0.765693
9 20   0.765693
9 21   0.765693
9 22   0.765693
9 23   0.765693
9 24   0.765693
9 25   0.765693
9 26   0.765693
9 27   0.765693
9 28   0.765693
9 29   0.765693
9 30   0.765693
9 31   0.765693
9 32   0.765693
9 33   0.765693
9 34   0.765693
9 35   0.765693
9 36   0.765693
9 37   0.765693
9 38   0.765693
9 39   0.765693
9 40   0.765693
10 1   0.714229
10 2   0.714229
10 3   0.714229
10 4   0.714229
10 5   0.714229
10 6   0.714229
10 7   0.714229
10 8   0.714229
10 9   0.714229
10 10   0.714229
10 11   0.714229
10 12   0.714229
10 13   0.714229
10 14   0.714229
10 15   0.714229
10 16   0.714229
10 17   0.714229
10 18   0.714229
10 19   0.714229
10 20   0.714229
10 21   0.714229
10 22   0.714229
10 23   0.714229
10 24   0.714229
10 25   0.714229
10 26   0.714229
10 27   0.714229
10 28   0.714229
10 29   0.714229
10 30   0.714229
10 31   0.714229
10 32   0.714229
10 33   0.714229
10 34   0.714229
10 35   0.714229
10 36   0.714229
10 37   0.714229
10 38   0.714229
10 39   0.714229
10 40   0.714229
11 1   0.659221
11 2   0.659221
11 3   0.659221
11 4   0.659221
11 5   0.659221
11 6   0.659221
11 7   0.659221
11 8   0.659221
11 9   0.659221
11 10   0.659221
11 11   0.659221
11 12   0.659221
11 13   0.659221
11 14   0.659221
11 15   0.659221
11 16   0.659221
11 17   0.659221
11 18   0.659221
11 19   0.659221
11 20   0.659221
11 21   0.659221
11 22   0.659221
11 23   0.659221
11 24   0.659221
11 25   0.659221
11 26   0.659221
11 27   0.659221
11 28   0.659221
11 29   0.659221
11 30   0.659221
11 31   0.659221
11 32   0.659221
11 33   0.659221
11 34   0.659221
11 35   0.659221
11 36   0.659221
11 37   0.659221
11 38   0.659221
11 39   0.659221
11 40   0.659221
12 1   0.601301
12 2   0.601301
12 3   0.601301
12 4   0.601301
12 5   0.601301
12 6   0.601301
12 7   0.601301
12 8   0.601301
12 9   0.601301
12 10   0.601301
12 11   0.601301
12 12   0.601301
12 13   0.601301
12 14   0.601301
12 15   0.601301
12 16   0.601301
12 17   0.601301
12 18   0.601301
12 19   0.601301
12 20   0.601301
12 21   0.601301
12 22   0.601301
12 23   0.601301
12 24   0.601301
12 25   0.601301
12 26   0.601301
12 27   0.601301
12 28   0.601301
12 29   0.601301
12 30   0.601301
12 31   0.601301
12 32   0.601301
12 33   0.601301
12 34   0.601301
12 35   0.601301
12 36   0.601301
12 37   0.601301
12 38   0.601301
12 39   0.601301
12 40   0.601301
13 1   0.543053
13 2   0.543053
13 3   0.543053
13 4   0.543053
13 5   0.543053
13 6   0.543053
13 7   0.543053
13 8   0.543053
13 9   0.543053
13 10   0.543053
13 11   0.543053
13 12   0.543053
13 13   0.543053
13 14   0.543053
13 15   0.543053
13 16   0.543053
13 17   0.543053
13 18   0.543053
13 19   0.543053
13 20   0.543053
13 21   0.543053
13 22   0.543053
13 23   0.543053
13 24   0.543053
13 25   0.543053
13 26   0.543053
13 27   0.543053
13 28   0.543053
13 29   0.543053
13 30   0.543053
13 31   0.543053
13 32   0.543053
13 33   0.543053
13 34   0.543053
13 35   0.543053
13 36   0.543053
13 37   0.543053
13 38   0.543053
13 39   0.543053
13 40   0.543053
14 1   0.489013
14 2   0.489013
14 3   0.489013
14 4   0.489013
14 5   0.489013
14 6   0.489013
14 7   0.489013
14 8   0.489013
14 9   0.489013
14 10   0.489013
14 11   0.489013
14 12   0.489013
14 13   0.489013
14 14   0.489013
14 15   0.489013
14 16   0.489013
14 17   0.489013
14 18   0.489013
14 19   0.489013
14 20   0.489013
14 21   0.489013
14 22   0.489013
14 23   0.489013
14 24   0.489013
14 25   0.489013
14 26   0.489013
14 27   0.489013
14 28   0.489013
14 29   0.489013
14 30   0.489013
14 31   0.489013
14 32   0.489013
14 33   0.489013
14 34   0.489013
14 35   0.489013
14 36   0.489013
14 37   0.489013
14 38   0.489013
14 39   0.489013
14 40   0.489013
15 1   0.445463
15 2   0.445463
15 3   0.445463
15 4   0.445463
15 5   0.445463
15 6   0.445463
15 7   0.445463
15 8   0.445463
15 9   0.445463
15 10   0.445463
15 11   0.445463
15 12   0.445463
15 13   0.445463
15 14   0.445463
15 15   0.445463
15 16   0.445463
15 17   0.445463
15 18   0.445463
15 19   0.445463
15 20   0.445463
15 21   0.445463
15 22   0.445463
15 23   0.445463
15 24   0.445463
15 25   0.445463
15 26   0.445463
15 27   0.445463
15 28   0.445463
15 29   0.445463
15 30   0.445463
15 31   0.445463
15 32   0.445463
15 33   0.445463
15 34   0.445463
15 35   0.445463
15 36   0.445463
15 37   0.445463
15 38   0.445463
15 39   0.445463
15 40   0.445463
16 1   0.419512
16 2   0.419512
16 3   0.419512
16 4   0.419512
16 5   0.419512
16 6   0.419512
16 7   0.419512
16 8   0.419512
16 9   0.419512
16 10   0.419512
16 11   0.419512
16 12   0.419512
16 13   0.419512
16 14   0.419512
16 15   0.419512
16 16   0.419512
16 17   0.419512
16 18   0.419512
16 19   0.419512
16 20   0.419512
16 21   0.419512
16 22   0.419512
16 23   0.419512
16 24   0.419512
16 25   0.419512
16 26   0.419512
16 27   0.419512
16 28   0.419512
16 29   0.419512
16 30   0.419512
16 31   0.419512
16 32   0.419512
16 33   0.419512
16 34   0.419512
16 35   0.419512
16 36   0.419512
16 37   0.419512
16 38   0.419512
16 39   0.419512
16 40   0.419512
17 1   0.416739
17 2   0.416739
17 3   0.416739
17 4   0.416739
17 5   0.416739
17 6   0.416739
17 7   0.416739
17 8   0.416739
17 9   0.416739
17 10   0.416739
17 11   0.416739
17 12   0.416739
17 13   0.416739
17 14   0.416739
17 15   0.416739
17 16   0.416739
17 17   0.416739
17 18   0.416739
17 19   0.416739
17 20   0.416739
17 21   0.416739
17 22   0.416739
17 23   0.416739
17 24   0.416739
17 25   0.416739
17 26   0.416739
17 27   0.416739
17 28   0.416739
17 29   0.416739
17 30   0.416739
17 31   0.416739
17 32   0.416739
17 33   0.416739
17 34   0.416739
17 35   0.416739
17 36   0.416739
17 37   0.416739
17 38   0.416739
17 39   0.416739
17 40   0.416739
18 1   0.437961
18 2   0.437961
18 3   0.437961
18 4   0.437961
18 5   0.437961
18 6   0.437961
18 7   0.437961
18 8   0.437961
18 9   0.437961
18 10   0.437961
18 11   0.437961
18 12   0.437961
18 13   0.437961
18 14   0.437961
18 15   0.437961
18 16   0.437961
18 17   0.437961
18 18   0.437961
18 19   0.437961
18 20   0.437961
18 21   0.437961
18 22   0.437961
18 23   0.437961
18 24   0.437961
18 25   0.437961
18 26   0.437961
18 27   0.437961
18 28   0.437961
18 29   0.437961
18 30   0.437961
18 31   0.437961
18 32   0.437961
18 33   0.437961
18 34   0.437961
18 35   0.437961
18 36   0.437961
18 37   0.437961
18 38   0.437961
18 39   0.437961
18 40   0.437961
19 1   0.477251
19 2   0.477251
19 3   0.477251
19 4   0.477251
19 5   0.477251
19 6   0.477251
19 7   0.477251
19 8   0.477251
19 9   0.477251
19 10   0.477251
19 11   0.477251
19 12   0.477251
19 13   0.477251
19 14   0.477251
19 15   0.477251
19 16   0.477251
19 17   0.477251
19 18   0.477251
19 19   0.477251
19 20   0.477251
19 21   0.477251
19 22   0.477251
19 23   0.477251
19 24   0.477251
19 25   0.477251
19 26   0.477251
19 27   0.477251
19 28   0.477251
19 29   0.477251
19 30   0.477251
19 31   0.477251
19 32   0.477251
19 33   0.477251
19 34   0.477251
19 35   0.477251
19 36   0.477251
19 37   0.477251
19 38   0.477251
19 39   0.477251
19 40   0.477251
20 1   0.52303
20 2   0.52303
20 3   0.52303
20 4   0.52303
20 5   0.52303
20 6   0.52303
20 7   0.52303
20 8   0.52303
20 9   0.52303
20 10   0.52303
20 11   0.52303
20 12   0.52303
20 13   0.52303
20 14   0.52303
20 15   0.52303
20 16   0.52303
20 17   0.52303
20 18   0.52303
20 19   0.52303
20 20   0.52303
20 21   0.52303
20 22   0.52303
20 23   0.52303
20 24   0.52303
20 25   0.52303
20 26   0.52303
20 27   0.52303
20 28   0.52303
20 29   0.52303
20 30   0.52303
20 31   0.52303
20 32   0.52303
20 33   0.52303
20 34   0.52303
20 35   0.52303
20 36   0.52303
20 37   0.52303
20 38   0.52303
20 39   0.52303
20 40   0.52303
21 1   0.561895
21 2   0.561895
21 3   0.561895
21 4   0.561895
21 5   0.561895
21 6   0.561895
21 7   0.561895
21 8   0.561895
21 9   0.561895
21 10   0.561895
21 11   0.561895
21 12   0.561895
21 13   0.561895
21 14   0.561895
21 15   0.561895
21 16   0.561895
21 17   0.561895
21 18   0.561895
21 19   0.561895
21 20   0.561895
21 21   0.561895
21 22   0.561895
21 23   0.561895
21 24   0.561895
21 25   0.561895
21 26   0.561895
21 27   0.561895
21 28   0.561895
21 29   0.561895
21 30   0.561895
21 31   0.561895
21 32   0.561895
21 33   0.561895
21 34   0.561895
21 35   0.561895
21 36   0.561895
21 37   0.561895
21 38   0.561895
21 39   0.561895
21 40   0.561895
22 1   0.582998
22 2   0.582998
22 3   0.582998
22 4   0.582998
22 5   0.582998
22 6   0.582998
22 7   0.582998
22 8   0.582998
22 9   0.582998
22 10   0.582998
22 11   0.582998
22 12   0.582998
22 13   0.582998
22 14   0.582998
22 15   0.582998
22 16   0.582998
22 17   0.582998
22 18   0.582998
22 19   0.582998
22 20   0.582998
22 21   0.582998
22 22   0.582998
22 23   0.582998
22 24   0.582998
22 25   0.582998
22 26   0.582998
22 27   0.582998
22 28   0.582998
22 29   0.582998
22 30   0.582998
22 31   0.582998
22 32   0.582998
22 33   0.582998
22 34   0.582998
22 35   0.582998
22 36   0.582998
22 37   0.582998
22 38   0.582998
22 39   0.582998
22 40   0.582998
23 1   0.580768
23 2   0.580768
23 3   0.580768
23 4   0.580768
23 5   0.580768
23 6   0.580768
23 7   0.580768
23 8   0.580768
23 9   0.580768
23 10   0.580768
23 11   0.580768
23 12   0.580768
23 13   0.580768
23 14   0.580768
23 15   0.580768
23 16   0.580768
23 17   0.580768
23 18   0.580768
23 19   0.580768
23 20   0.580768
23 21   0.580768
23 22   0.580768
23 23   0.580768
23 24   0.580768
23 25   0.580768
23 26   0.580768
23 27   0.580768
23 28   0.580768
23 29   0.580768
23 30   0.580768
23 31   0.580768
23 32   0.580768
23 33   0.580768
23 34   0.580768
23 35   0.580768
23 36   0.580768
23 37   0.580768
23 38   0.580768
23 39   0.580768
23 40   0.580768
24 1   0.555359
24 2   0.555359
24 3   0.555359
24 4   0.555359
24 5   0.555359
24 6   0.555359
24 7   0.555359
24 8   0.555359
24 9   0.555359
24 10   0.555359
24 11   0.555359
24 12   0.555359
24 13   0.555359
24 14   0.555359
24 15   0.555359
24 16   0.555359
24 17   0.555359
24 18   0.555359
24 19   0.555359
24 20   0.555359
24 21   0.555359
24 22   0.555359
24 23   0.555359
24 24   0.555359
24 25   0.555359
24 26   0.555359
24 27   0.555359
24 28   0.555359
24 29   0.555359
24 30   0.555359
24 31   0.555359
24 32   0.555359
24 33   0.555359
24 34   0.555359
24 35   0.555359
24 36   0.555359
24 37   0.555359
24 38   0.555359
24 39   0.555359
24 40   0.555359
25 1   0.511456
25 2   0.511456
25 3   0.511456
25 4   0.511456
25 5   0.511456
25 6   0.511456
25 7   0.511456
25 8   0.511456
25 9   0.511456
25 10   0.511456
25 11   0.511456
25 12   0.511456
25 13   0.511456
25 14   0.511456
25 15   0.511456
25 16   0.511456
25 17   0.511456
25 18   0.511456
25 19   0.511456
25 20   0.511456
25 21   0.511456
25 22   0.511456
25 23   0.511456
25 24   0.511456
25 25   0.511456
25 26   0.511456
25 27   0.511456
25 28   0.511456
25 29   0.511456
25 30   0.511456
25 31   0.511456
25 32   0.511456
25 33   0.511456
25 34   0.511456
25 35   0.511456
25 36   0.511456
25 37   0.511456
25 38   0.511456
25 39   0.511456
25 40   0.511456
26 1   0.456343
26 2   0.456343
26 3   0.456343
26 4   0.456343
26 5   0.456343
26 6   0.456343
26 7   0.456343
26 8   0.456343
26 9   0.456343
26 10   0.456343
26 11   0.456343
26 12   0.456343
26 13   0.456343
26 14   0.456343
26 15   0.456343
26 16   0.456343
26 17   0.456343
26 18   0.456343
26 19   0.456343
26 20   0.456343
26 21   0.456343
26 22   0.456343
26 23   0.456343
26 24   0.456343
26 25   0.456343
26 26   0.456343
26 27   0.456343
26 28   0.456343
26 29   0.456343
26 30   0.456343
26 31   0.456343
26 32   0.456343
26 33   0.456343
26 34   0.456343
26 35   0.456343
26 36   0.456343
26 37   0.456343
26 38   0.456343
26 39   0.456343
26 40   0.456343
27 1   0.397582
27 2   0.397582
27 3   0.397582
27 4   0.397582
27 5   0.397582
27 6   0.397582
27 7   0.397582
27 8   0.397582
27 9   0.397582
27 10   0.397582
27 11   0.397582
27 12   0.397582
27 13   0.397582
27 14   0.397582
27 15   0.397582
27 16   0.397582
27 17   0.397582
27 18   0.397582
27 19   0.397582
27 20   0.397582
27 21   0.397582
27 22   0.397582
27 23   0.397582
27 24   0.397582
27 25   0.397582
27 26   0.397582
27 27   0.397582
27 28   0.397582
27 29   0.397582
27 30   0.397582
27 31   0.397582
27 32   0.397582
27 33   0.397582
27 34   0.397582
27 35   0.397582
27 36   0.397582
27 37   0.397582
27 38   0.397582
27 39   0.397582
27 40   0.397582
28 1   0.340606
28 2   0.340606
28 3   0.340606
28 4   0.340606
28 5   0.340606
28 6   0.340606
28 7   0.340606
28 8   0.340606
28 9   0.340606
28 10   0.340606
28 11   0.340606
28 12   0.340606
28 13   0.340606
28 14   0.340606
28 15   0.340606
28 16   0.340606
28 17   0.340606
28 18   0.340606
28 19   0.340606
28 20   0.340606
28 21   0.340606
28 22   0.340606
28 23   0.340606
28 24   0.340606
28 25   0.340606
28 26   0.340606
28 27   0.340606
28 28   0.340606
28 29   0.340606
28 30   0.340606
28 31   0.340606
28 32   0.340606
28 33   0.340606
28 34   0.340606
28 35   0.340606
28 36   0.340606
28 37   0.340606
28 38   0.340606
28 39   0.340606
28 40   0.340606
29 1   0.287188
29 2   0.287188
29 3   0.287188
29 4   0.287188
29 5   0.287188
29 6   0.287188
29 7   0.287188
29 8   0.287188
29 9   0.287188
29 10   0.287188
29 11   0.287188
29 12   0.287188
29 13   0.287188
29 14   0.287188
29 15   0.287188
29 16   0.287188
29 17   0.287188
29 18   0.287188
29 19   0.287188
29 20   0.287188
29 21   0.287188
29 22   0.287188
29 23   0.287188
29 24   0.287188
29 25   0.287188
29 26   0.287188
29 27   0.287188
29 28   0.287188
29 29   0.287188
29 30   0.287188
29 31   0.287188
29 32   0.287188
29 33   0.287188
29 34   0.287188
29 35   0.287188
29 36   0.287188
29 37   0.287188
29 38   0.287188
29 39   0.287188
29 40   0.287188
30 1   0.236083
30 2   0.236083
30 3   0.236083
30 4   0.236083
30 5   0.236083
30 6   0.236083
30 7   0.236083
30 8   0.236083
30 9   0.236083
30 10   0.236083
30 11   0.236083
30 12   0.236083
30 13   0.236083
30 14   0.236083
30 15   0.236083
30 16   0.236083
30 17   0.236083
30 18   0.236083
30 19   0.236083
30 20   0.236083
30 21   0.236083
30 22   0.236083
30 23   0.236083
30 24   0.236083
30 25   0.236083
30 26   0.236083
30 27   0.236083
30 28   0.236083
30 29   0.236083
30 30   0.236083
30 31   0.236083
30 32   0.236083
30 33   0.236083
30 34   0.236083
30 35   0.236083
30 36   0.236083
30 37   0.236083
30 38   0.236083
30 39   0.236083
30 40   0.236083
31 1   0.185796
31 2   0.185796
31 3   0.185796
31 4   0.185796
31 5   0.185796
31 6   0.185796
31 7   0.185796
31 8   0.185796
31 9   0.185796
31 10   0.185796
31 11   0.185796
31 12   0.185796
31 13   0.185796
31 14   0.185796
31 15   0.185796
31 16   0.185796
31 17   0.185796
31 18   0.185796
31 19   0.185796
31 20   0.185796
31 21   0.185796
31 22   0.185796
31 23   0.185796
31 24   0.185796
31 25   0.185796
31 26   0.185796
31 27   0.185796
31 28   0.185796
31 29   0.185796
31 30   0.185796
31 31   0.185796
31 32   0.185796
31 33   0.185796
31 34   0.185796
31 35   0.185796
31 36   0.185796
31 37   0.185796
31 38   0.185796
31 39   0.185796
31 40   0.185796
32 1   0.137426
32 2   0.137426
32 3   0.137426
32 4   0.137426
32 5   0.137426
32 6   0.137426
32 7   0.137426
32 8   0.137426
32 9   0.137426
32 10   0.137426
32 11   0.137426
32 12   0.137426
32 13   0.137426
32 14   0.137426
32 15   0.137426
32 16   0.137426
32 17   0.137426
32 18   0.137426
32 19   0.137426
32 20   0.137426
32 21   0.137426
32 22   0.137426
32 23   0.137426
32 24   0.137426
32 25   0.137426
32 26   0.137426
32 27   0.137426
32 28   0.137426
32 29   0.137426
32 30   0.137426
32 31   0.137426
32 32   0.137426
32 33   0.137426
32 34   0.137426
32 35   0.137426
32 36   0.137426
32 37   0.137426
32 38   0.137426
32 39   0.137426
32 40   0.137426
33 1   0.0950447
33 2   0.0950447
33 3   0.0950447
33 4   0.0950447
33 5   0.0950447
33 6   0.0950447
33 7   0.0950447
33 8   0.0950447
33 9   0.0950447
33 10   0.0950447
33 11   0.0950447
33 12   0.0950447
33 13   0.0950447
33 14   0.0950447
33 15   0.0950447
33 16   0.0950447
33 17   0.0950447
33 18   0.0950447
33 19   0.0950447
33 20   0.0950447
33 21   0.0950447
33 22   0.0950447
33 23   0.0950447
33 24   0.0950447
33 25   0.0950447
33 26   0.0950447
33 27   0.0950447
33 28   0.0950447
33 29   0.0950447
33 30   0.0950447
33 31   0.0950447
33 32   0.0950447
33 33   0.0950447
33 34   0.0950447
33 35   0.0950447
33 36   0.0950447
33 37   0.0950447
33 38   0.0950447
33 39   0.0950447
33 40   0.0950447
34 1   0.0630477
34 2   0.0630477
34 3   0.0630477
34 4   0.0630477
34 5   0.0630477
34 6   0.0630477
34 7   0.0630477
34 8   0.0630477
34 9   0.0630477
34 10   0.0630477
34 11   0.0630477
34 12   0.0630477
34 13   0.0630477
34 14   0.0630477
34 15   0.0630477
34 16   0.0630477
34 17   0.0630477
34 18   0.0630477
34 19   0.0630477
34 20   0.0630477
34 21   0.0630477
34 22   0.0630477
34 23   0.0630477
34 24   0.0630477
34 25   0.0630477
34 26   0.0630477
34 27   0.0630477
34 28   0.0630477
34 29   0.0630477
34 30   0.0630477
34 31   0.0630477
34 32   0.0630477
34 33   0.0630477
34 34   0.0630477
34 35   0.0630477
34 36   0.0630477
34 37   0.0630477
34 38   0.0630477
34 39   0.0630477
34 40   0.0630477
35 1   0.0427476
35 2   0.0427476
35 3   0.0427476
35 4   0.0427476
35 5   0.0427476
35 6   0.0427476
35 7   0.0427476
35 8   0.0427476
35 9   0.0427476
35 10   0.0427476
35 11   0.0427476
35 12   0.0427476
35 13   0.0427476
35 14   0.0427476
35 15   0.0427476
35 16   0.0427476
35 17   0.0427476
35 18   0.0427476
35 19   0.0427476
35 20   0.0427476
35 21   0.0427476
35 22   0.0427476
35 23   0.0427476
35 24   0.0427476
35 25   0.0427476
35 26   0.0427476
35 27   0.0427476
35 28   0.0427476
35 29   0.0427476
35 30   0.0427476
35 31   0.0427476
35 32   0.0427476
35 33   0.0427476
35 34   0.0427476
35 35   0.0427476
35 36   0.0427476
35 37   0.0427476
35 38   0.0427476
35 39   0.0427476
35 40   0.0427476
36 1   0.0312849
36 2   0.0312849
36 3   0.0312849
36 4   0.0312849
36 5   0.0312849
36 6   0.0312849
36 7   0.0312849
36 8   0.0312849
36 9   0.0312849
36 10   0.0312849
36 11   0.0312849
36 12   0.0312849
36 13   0.0312849
36 14   0.0312849
36 15   0.0312849
36 16   0.0312849
36 17   0.0312849
36 18   0.0312849
36 19   0.0312849
36 20   0.0312849
36 21   0.0312849
36 22   0.0312849
36 23   0.0312849
36 24   0.0312849
36 25   0.0312849
36 26   0.0312849
36 27   0.0312849
36 28   0.0312849
36 29   0.0312849
36 30   0.0312849
36 31   0.0312849
36 32   0.0312849
36 33   0.0312849
36 34   0.0312849
36 35   0.0312849
36 36   0.0312849
36 37   0.0312849
36 38   0.0312849
36 39   0.0312849
36 40   0.0312849
37 1   0.0238199
37 2   0.0238199
37 3   0.0238199
37 4   0.0238199
37 5   0.0238199
37 6   0.0238199
37 7   0.0238199
37 8   0.0238199
37 9   0.0238199
37 10   0.0238199
37 11   0.0238199
37 12   0.0238199
37 13   0.0238199
37 14   0.0238199
37 15   0.0238199
37 16   0.0238199
37 17   0.0238199
37 18   0.0238199
37 19   0.0238199
37 20   0.0238199
37 21   0.0238199
37 22   0.0238199
37 23   0.0238199
37 24   0.0238199
37 25   0.0238199
37 26   0.0238199
37 27   0.0238199
37 28   0.0238199
37 29   0.0238199
37 30   0.0238199
37 31   0.0238199
37 32   0.0238199
37 33   0.0238199
37 34   0.0238199
37 35   0.0238199
37 36   0.0238199
37 37   0.0238199
37 38   0.0238199
37 39   0.0238199
37 40   0.0238199
38 1   0.0169456
38 2   0.0169456
38 3   0.0169456
38 4   0.0169456
38 5   0.0169456
38 6   0.0169456
38 7   0.0169456
38 8   0.0169456
38 9   0.0169456
38 10   0.0169456
38 11   0.0169456
38 12   0.0169456
38 13   0.0169456
38 14   0.0169456
38 15   0.0169456
38 16   0.0169456
38 17   0.0169456
38 18   0.0169456
38 19   0.0169456
38 20   0.0169456
38 21   0.0169456
38 22   0.0169456
38 23   0.0169456
38 24   0.0169456
38 25   0.0169456
38 26   0.0169456
38 27   0.0169456
38 28   0.0169456
38 29   0.0169456
38 30   0.0169456
38 31   0.0169456
38 32   0.0169456
38 33   0.0169456
38 34   0.0169456
38 35   0.0169456
38 36   0.0169456
38 37   0.0169456
38 38   0.0169456
38 39   0.0169456
38 40   0.0169456
39 1   0.0104237
39 2   0.0104237
39 3   0.0104237
39 4   0.0104237
39 5   0.0104237
39 6   0.0104237
39 7   0.0104237
39 8   0.0104237
39 9   0.0104237
39 10   0.0104237
39 11   0.0104237
39 12   0.0104237
39 13   0.0104237
39 14   0.0104237
39 15   0.0104237
39 16   0.0104237
39 17   0.0104237
39 18   0.0104237
39 19   0.0104237
39 20   0.0104237
39 21   0.0104237
39 22   0.0104237
39 23   0.0104237
39 24   0.0104237
39 25   0.0104237
39 26   0.0104237
39 27   0.0104237
39 28   0.0104237
39 29   0.0104237
39 30   0.0104237
39 31   0.0104237
39 32   0.0104237
39 33   0.0104237
39 34   0.0104237
39 35   0.0104237
39 36   0.0104237
39 37   0.0104237
39 38   0.0104237
39 39   0.0104237
39 40   0.0104237
40 1   0.00623174
40 2   0.00623174
40 3   0.00623174
40 4   0.00623174
40 5   0.00623174
40 6   0.00623174
40 7   0.00623174
40 8   0.00623174
40 9   0.00623174
40 10   0.00623174
40 11   0.00623174
40 12   0.00623174
40 13   0.00623174
40 14   0.00623174
40 15   0.00623174
40 16   0.00623174
40 17   0.00623174
40 18   0.00623174
40 19   0.00623174
40 20   0.00623174
40 21   0.00623174
40 22   0.00623174
40 23   0.00623174
40 24   0.00623174
40 25   0.00623174
40 26   0.00623174
40 27   0.00623174
40 28   0.00623174
40 29   0.00623174
40 30   0.00623174
40 31   0.00623174
40 32   0.00623174
40 33   0.00623174
40 34   0.00623174
40 35   0.00623174
40 36   0.00623174
40 37   0.00623174
40 38   0.00623174
40 39   0.00623174
40 40   0.00623174
