1 1   0.829257
1 2   0.829257
1 3   0.829257
1 4   0.829257
1 5   0.829257
1 6   0.829257
1 7   0.829257
1 8   0.829257
1 9   0.829257
1 10   0.829257
1 11   0.829257
1 12   0.829257
1 13   0.829257
1 14   0.829257
1 15   0.829257
1 16   0.829257
1 17   0.829257
1 18   0.829257
1 19   0.829257
1 20   0.829257
1 21   0.829257
1 22   0.829257
1 23   0.829257
1 24   0.829257
1 25   0.829257
1 26   0.829257
1 27   0.829257
1 28   0.829257
1 29   0.829257
1 30   0.829257
1 31   0.829257
1 32   0.829257
1 33   0.829257
1 34   0.829257
1 35   0.829257
1 36   0.829257
1 37   0.829257
1 38   0.829257
1 39   0.829257
1 40   0.829257
2 1   0.818698
2 2   0.818698
2 3   0.818698
2 4   0.818698
2 5   0.818698
2 6   0.818698
2 7   0.818698
2 8   0.818698
2 9   0.818698
2 10   0.818698
2 11   0.818698
2 12   0.818698
2 13   0.818698
2 14   0.818698
2 15   0.818698
2 16   0.818698
2 17   0.818698
2 18   0.818698
2 19   0.818698
2 20   0.818698
2 21   0.818698
2 22   0.818698
2 23   0.818698
2 24   0.818698
2 25   0.818698
2 26   0.818698
2 27   0.818698
2 28   0.818698
2 29   0.818698
2 30   0.818698
2 31   0.818698
2 32   0.818698
2 33   0.818698
2 34   0.818698
2 35   0.818698
2 36   0.818698
2 37   0.818698
2 38   0.818698
2 39   0.818698
2 40   0.818698
3 1   0.798433
3 2   0.798433
3 3   0.798433
3 4   0.798433
3 5   0.798433
3 6   0.798433
3 7   0.798433
3 8   0.798433
3 9   0.798433
3 10   0.798433
3 11   0.798433
3 12   0.798433
3 13   0.798433
3 14   0.798433
3 15   0.798433
3 16   0.798433
3 17   0.798433
3 18   0.798433
3 19   0.798433
3 20   0.798433
3 21   0.798433
3 22   0.798433
3 23   0.798433
3 24   0.798433
3 25   0.798433
3 26   0.798433
3 27   0.798433
3 28   0.798433
3 29   0.798433
3 30   0.798433
3 31   0.798433
3 32   0.798433
3 33   0.798433
3 34   0.798433
3 35   0.798433
3 36   0.798433
3 37   0.798433
3 38   0.798433
3 39   0.798433
3 40   0.798433
4 1   0.769695
4 2   0.769695
4 3   0.769695
4 4   0.769695
4 5   0.769695
4 6   0.769695
4 7   0.769695
4 8   0.769695
4 9   0.769695
4 10   0.769695
4 11   0.769695
4 12   0.769695
4 13   0.769695
4 14   0.769695
4 15   0.769695
4 16   0.769695
4 17   0.769695
4 18   0.769695
4 19   0.769695
4 20   0.769695
4 21   0.769695
4 22   0.769695
4 23   0.769695
4 24   0.769695
4 25   0.769695
4 26   0.769695
4 27   0.769695
4 28   0.769695
4 29   0.769695
4 30   0.769695
4 31   0.769695
4 32   0.769695
4 33   0.769695
4 34   0.769695
4 35   0.769695
4 36   0.769695
4 37   0.769695
4 38   0.769695
4 39   0.769695
4 40   0.769695
5 1   0.733653
5 2   0.733653
5 3   0.733653
5 4   0.733653
5 5   0.733653
5 6   0.733653
5 7   0.733653
5 8   0.733653
5 9   0.733653
5 10   0.733653
5 11   0.733653
5 12   0.733653
5 13   0.733653
5 14   0.733653
5 15   0.733653
5 16   0.733653
5 17   0.733653
5 18   0.733653
5 19   0.733653
5 20   0.733653
5 21   0.733653
5 22   0.733653
5 23   0.733653
5 24   0.733653
5 25   0.733653
5 26   0.733653
5 27   0.733653
5 28   0.733653
5 29   0.733653
5 30   0.733653
5 31   0.733653
5 32   0.733653
5 33   0.733653
5 34   0.733653
5 35   0.733653
5 36   0.733653
5 37   0.733653
5 38   0.733653
5 39   0.733653
5 40   0.733653
6 1   0.691515
6 2   0.691515
6 3   0.691515
6 4   0.691515
6 5   0.691515
6 6   0.691515
6 7   0.691515
6 8   0.691515
6 9   0.691515
6 10   0.691515
6 11   0.691515
6 12   0.691515
6 13   0.691515
6 14   0.691515
6 15   0.691515
6 16   0.691515
6 17   0.691515
6 18   0.691515
6 19   0.691515
6 20   0.691515
6 21   0.691515
6 22   0.691515
6 23   0.691515
6 24   0.691515
6 25   0.691515
6 26   0.691515
6 27   0.691515
6 28   0.691515
6 29   0.691515
6 30   0.691515
6 31   0.691515
6 32   0.691515
6 33   0.691515
6 34   0.691515
6 35   0.691515
6 36   0.691515
6 37   0.691515
6 38   0.691515
6 39   0.691515
6 40   0.691515
7 1   0.645295
7 2   0.645295
7 3   0.645295
7 4   0.645295
7 5   0.645295
7 6   0.645295
7 7   0.645295
7 8   0.645295
7 9   0.645295
7 10   0.645295
7 11   0.645295
7 12   0.645295
7 13   0.645295
7 14   0.645295
7 15   0.645295
7 16   0.645295
7 17   0.645295
7 18   0.645295
7 19   0.645295
7 20   0.645295
7 21   0.645295
7 22   0.645295
7 23   0.645295
7 24   0.645295
7 25   0.645295
7 26   0.645295
7 27   0.645295
7 28   0.645295
7 29   0.645295
7 30   0.645295
7 31   0.645295
7 32   0.645295
7 33   0.645295
7 34   0.645295
7 35   0.645295
7 36   0.645295
7 37   0.645295
7 38   0.645295
7 39   0.645295
7 40   0.645295
8 1   0.598588
8 2   0.598588
8 3   0.598588
8 4   0.598588
8 5   0.598588
8 6   0.598588
8 7   0.598588
8 8   0.598588
8 9   0.598588
8 10   0.598588
8 11   0.598588
8 12   0.598588
8 13   0.598588
8 14   0.598588
8 15   0.598588
8 16   0.598588
8 17   0.598588
8 18   0.598588
8 19   0.598588
8 20   0.598588
8 21   0.598588
8 22   0.598588
8 23   0.598588
8 24   0.598588
8 25   0.598588
8 26   0.598588
8 27   0.598588
8 28   0.598588
8 29   0.598588
8 30   0.598588
8 31   0.598588
8 32   0.598588
8 33   0.598588
8 34   0.598588
8 35   0.598588
8 36   0.598588
8 37   0.598588
8 38   0.598588
8 39   0.598588
8 40   0.598588
9 1   0.556455
9 2   0.556455
9 3   0.556455
9 4   0.556455
9 5   0.556455
9 6   0.556455
9 7   0.556455
9 8   0.556455
9 9   0.556455
9 10   0.556455
9 11   0.556455
9 12   0.556455
9 13   0.556455
9 14   0.556455
9 15   0.556455
9 16   0.556455
9 17   0.556455
9 18   0.556455
9 19   0.556455
9 20   0.556455
9 21   0.556455
9 22   0.556455
9 23   0.556455
9 24   0.556455
9 25   0.556455
9 26   0.556455
9 27   0.556455
9 28   0.556455
9 29   0.556455
9 30   0.556455
9 31   0.556455
9 32   0.556455
9 33   0.556455
9 34   0.556455
9 35   0.556455
9 36   0.556455
9 37   0.556455
9 38   0.556455
9 39   0.556455
9 40   0.556455
10 1   0.524016
10 2   0.524016
10 3   0.524016
10 4   0.524016
10 5   0.524016
10 6   0.524016
10 7   0.524016
10 8   0.524016
10 9   0.524016
10 10   0.524016
10 11   0.524016
10 12   0.524016
10 13   0.524016
10 14   0.524016
10 15   0.524016
10 16   0.524016
10 17   0.524016
10 18   0.524016
10 19   0.524016
10 20   0.524016
10 21   0.524016
10 22   0.524016
10 23   0.524016
10 24   0.524016
10 25   0.524016
10 26   0.524016
10 27   0.524016
10 28   0.524016
10 29   0.524016
10 30   0.524016
10 31   0.524016
10 32   0.524016
10 33   0.524016
10 34   0.524016
10 35   0.524016
10 36   0.524016
10 37   0.524016
10 38   0.524016
10 39   0.524016
10 40   0.524016
11 1   0.504407
11 2   0.504407
11 3   0.504407
11 4   0.504407
11 5   0.504407
11 6   0.504407
11 7   0.504407
11 8   0.504407
11 9   0.504407
11 10   0.504407
11 11   0.504407
11 12   0.504407
11 13   0.504407
11 14   0.504407
11 15   0.504407
11 16   0.504407
11 17   0.504407
11 18   0.504407
11 19   0.504407
11 20   0.504407
11 21   0.504407
11 22   0.504407
11 23   0.504407
11 24   0.504407
11 25   0.504407
11 26   0.504407
11 27   0.504407
11 28   0.504407
11 29   0.504407
11 30   0.504407
11 31   0.504407
11 32   0.504407
11 33   0.504407
11 34   0.504407
11 35   0.504407
11 36   0.504407
11 37   0.504407
11 38   0.504407
11 39   0.504407
11 40   0.504407
12 1   0.497372
12 2   0.497372
12 3   0.497372
12 4   0.497372
12 5   0.497372
12 6   0.497372
12 7   0.497372
12 8   0.497372
12 9   0.497372
12 10   0.497372
12 11   0.497372
12 12   0.497372
12 13   0.497372
12 14   0.497372
12 15   0.497372
12 16   0.497372
12 17   0.497372
12 18   0.497372
12 19   0.497372
12 20   0.497372
12 21   0.497372
12 22   0.497372
12 23   0.497372
12 24   0.497372
12 25   0.497372
12 26   0.497372
12 27   0.497372
12 28   0.497372
12 29   0.497372
12 30   0.497372
12 31   0.497372
12 32   0.497372
12 33   0.497372
12 34   0.497372
12 35   0.497372
12 36   0.497372
12 37   0.497372
12 38   0.497372
12 39   0.497372
12 40   0.497372
13 1   0.49942
13 2   0.49942
13 3   0.49942
13 4   0.49942
13 5   0.49942
13 6   0.49942
13 7   0.49942
13 8   0.49942
13 9   0.49942
13 10   0.49942
13 11   0.49942
13 12   0.49942
13 13   0.49942
13 14   0.49942
13 15   0.49942
13 16   0.49942
13 17   0.49942
13 18   0.49942
13 19   0.49942
13 20   0.49942
13 21   0.49942
13 22   0.49942
13 23   0.49942
13 24   0.49942
13 25   0.49942
13 26   0.49942
13 27   0.49942
13 28   0.49942
13 29   0.49942
13 30   0.49942
13 31   0.49942
13 32   0.49942
13 33   0.49942
13 34   0.49942
13 35   0.49942
13 36   0.49942
13 37   0.49942
13 38   0.49942
13 39   0.49942
13 40   0.49942
14 1   0.505396
14 2   0.505396
14 3   0.505396
14 4   0.505396
14 5   0.505396
14 6   0.505396
14 7   0.505396
14 8   0.505396
14 9   0.505396
14 10   0.505396
14 11   0.505396
14 12   0.505396
14 13   0.505396
14 14   0.505396
14 15   0.505396
14 16   0.505396
14 17   0.505396
14 18   0.505396
14 19   0.505396
14 20   0.505396
14 21   0.505396
14 22   0.505396
14 23   0.505396
14 24   0.505396
14 25   0.505396
14 26   0.505396
14 27   0.505396
14 28   0.505396
14 29   0.505396
14 30   0.505396
14 31   0.505396
14 32   0.505396
14 33   0.505396
14 34   0.505396
14 35   0.505396
14 36   0.505396
14 37   0.505396
14 38   0.505396
14 39   0.505396
14 40   0.505396
15 1   0.510548
15 2   0.510548
15 3   0.510548
15 4   0.510548
15 5   0.510548
15 6   0.510548
15 7   0.510548
15 8   0.510548
15 9   0.510548
15 10   0.510548
15 11   0.510548
15 12   0.510548
15 13   0.510548
15 14   0.510548
15 15   0.510548
15 16   0.510548
15 17   0.510548
15 18   0.510548
15 19   0.510548
15 20   0.510548
15 21   0.510548
15 22   0.510548
15 23   0.510548
15 24   0.510548
15 25   0.510548
15 26   0.510548
15 27   0.510548
15 28   0.510548
15 29   0.510548
15 30   0.510548
15 31   0.510548
15 32   0.510548
15 33   0.510548
15 34   0.510548
15 35   0.510548
15 36   0.510548
15 37   0.510548
15 38   0.510548
15 39   0.510548
15 40   0.510548
16 1   0.512057
16 2   0.512057
16 3   0.512057
16 4   0.512057
16 5   0.512057
16 6   0.512057
16 7   0.512057
16 8   0.512057
16 9   0.512057
16 10   0.512057
16 11   0.512057
16 12   0.512057
16 13   0.512057
16 14   0.512057
16 15   0.512057
16 16   0.512057
16 17   0.512057
16 18   0.512057
16 19   0.512057
16 20   0.512057
16 21   0.512057
16 22   0.512057
16 23   0.512057
16 24   0.512057
16 25   0.512057
16 26   0.512057
16 27   0.512057
16 28   0.512057
16 29   0.512057
16 30   0.512057
16 31   0.512057
16 32   0.512057
16 33   0.512057
16 34   0.512057
16 35   0.512057
16 36   0.512057
16 37   0.512057
16 38   0.512057
16 39   0.512057
16 40   0.512057
17 1   0.509573
17 2   0.509573
17 3   0.509573
17 4   0.509573
17 5   0.509573
17 6   0.509573
17 7   0.509573
17 8   0.509573
17 9   0.509573
17 10   0.509573
17 11   0.509573
17 12   0.509573
17 13   0.509573
17 14   0.509573
17 15   0.509573
17 16   0.509573
17 17   0.509573
17 18   0.509573
17 19   0.509573
17 20   0.509573
17 21   0.509573
17 22   0.509573
17 23   0.509573
17 24   0.509573
17 25   0.509573
17 26   0.509573
17 27   0.509573
17 28   0.509573
17 29   0.509573
17 30   0.509573
17 31   0.509573
17 32   0.509573
17 33   0.509573
17 34   0.509573
17 35   0.509573
17 36   0.509573
17 37   0.509573
17 38   0.509573
17 39   0.509573
17 40   0.509573
18 1   0.504761
18 2   0.504761
18 3   0.504761
18 4   0.504761
18 5   0.504761
18 6   0.504761
18 7   0.504761
18 8   0.504761
18 9   0.504761
18 10   0.504761
18 11   0.504761
18 12   0.504761
18 13   0.504761
18 14   0.504761
18 15   0.504761
18 16   0.504761
18 17   0.504761
18 18   0.504761
18 19   0.504761
18 20   0.504761
18 21   0.504761
18 22   0.504761
18 23   0.504761
18 24   0.504761
18 25   0.504761
18 26   0.504761
18 27   0.504761
18 28   0.504761
18 29   0.504761
18 30   0.504761
18 31   0.504761
18 32   0.504761
18 33   0.504761
18 34   0.504761
18 35   0.504761
18 36   0.504761
18 37   0.504761
18 38   0.504761
18 39   0.504761
18 40   0.504761
19 1   0.500156
19 2   0.500156
19 3   0.500156
19 4   0.500156
19 5   0.500156
19 6   0.500156
19 7   0.500156
19 8   0.500156
19 9   0.500156
19 10   0.500156
19 11   0.500156
19 12   0.500156
19 13   0.500156
19 14   0.500156
19 15   0.500156
19 16   0.500156
19 17   0.500156
19 18   0.500156
19 19   0.500156
19 20   0.500156
19 21   0.500156
19 22   0.500156
19 23   0.500156
19 24   0.500156
19 25   0.500156
19 26   0.500156
19 27   0.500156
19 28   0.500156
19 29   0.500156
19 30   0.500156
19 31   0.500156
19 32   0.500156
19 33   0.500156
19 34   0.500156
19 35   0.500156
19 36   0.500156
19 37   0.500156
19 38   0.500156
19 39   0.500156
19 40   0.500156
20 1   0.497763
20 2   0.497763
20 3   0.497763
20 4   0.497763
20 5   0.497763
20 6   0.497763
20 7   0.497763
20 8   0.497763
20 9   0.497763
20 10   0.497763
20 11   0.497763
20 12   0.497763
20 13   0.497763
20 14   0.497763
20 15   0.497763
20 16   0.497763
20 17   0.497763
20 18   0.497763
20 19   0.497763
20 20   0.497763
20 21   0.497763
20 22   0.497763
20 23   0.497763
20 24   0.497763
20 25   0.497763
20 26   0.497763
20 27   0.497763
20 28   0.497763
20 29   0.497763
20 30   0.497763
20 31   0.497763
20 32   0.497763
20 33   0.497763
20 34   0.497763
20 35   0.497763
20 36   0.497763
20 37   0.497763
20 38   0.497763
20 39   0.497763
20 40   0.497763
21 1   0.497944
21 2   0.497944
21 3   0.497944
21 4   0.497944
21 5   0.497944
21 6   0.497944
21 7   0.497944
21 8   0.497944
21 9   0.497944
21 10   0.497944
21 11   0.497944
21 12   0.497944
21 13   0.497944
21 14   0.497944
21 15   0.497944
21 16   0.497944
21 17   0.497944
21 18   0.497944
21 19   0.497944
21 20   0.497944
21 21   0.497944
21 22   0.497944
21 23   0.497944
21 24   0.497944
21 25   0.497944
21 26   0.497944
21 27   0.497944
21 28   0.497944
21 29   0.497944
21 30   0.497944
21 31   0.497944
21 32   0.497944
21 33   0.497944
21 34   0.497944
21 35   0.497944
21 36   0.497944
21 37   0.497944
21 38   0.497944
21 39   0.497944
21 40   0.497944
22 1   0.499187
22 2   0.499187
22 3   0.499187
22 4   0.499187
22 5   0.499187
22 6   0.499187
22 7   0.499187
22 8   0.499187
22 9   0.499187
22 10   0.499187
22 11   0.499187
22 12   0.499187
22 13   0.499187
22 14   0.499187
22 15   0.499187
22 16   0.499187
22 17   0.499187
22 18   0.499187
22 19   0.499187
22 20   0.499187
22 21   0.499187
22 22   0.499187
22 23   0.499187
22 24   0.499187
22 25   0.499187
22 26   0.499187
22 27   0.499187
22 28   0.499187
22 29   0.499187
22 30   0.499187
22 31   0.499187
22 32   0.499187
22 33   0.499187
22 34   0.499187
22 35   0.499187
22 36   0.499187
22 37   0.499187
22 38   0.499187
22 39   0.499187
22 40   0.499187
23 1   0.49899
23 2   0.49899
23 3   0.49899
23 4   0.49899
23 5   0.49899
23 6   0.49899
23 7   0.49899
23 8   0.49899
23 9   0.49899
23 10   0.49899
23 11   0.49899
23 12   0.49899
23 13   0.49899
23 14   0.49899
23 15   0.49899
23 16   0.49899
23 17   0.49899
23 18   0.49899
23 19   0.49899
23 20   0.49899
23 21   0.49899
23 22   0.49899
23 23   0.49899
23 24   0.49899
23 25   0.49899
23 26   0.49899
23 27   0.49899
23 28   0.49899
23 29   0.49899
23 30   0.49899
23 31   0.49899
23 32   0.49899
23 33   0.49899
23 34   0.49899
23 35   0.49899
23 36   0.49899
23 37   0.49899
23 38   0.49899
23 39   0.49899
23 40   0.49899
24 1   0.495429
24 2   0.495429
24 3   0.495429
24 4   0.495429
24 5   0.495429
24 6   0.495429
24 7   0.495429
24 8   0.495429
24 9   0.495429
24 10   0.495429
24 11   0.495429
24 12   0.495429
24 13   0.495429
24 14   0.495429
24 15   0.495429
24 16   0.495429
24 17   0.495429
24 18   0.495429
24 19   0.495429
24 20   0.495429
24 21   0.495429
24 22   0.495429
24 23   0.495429
24 24   0.495429
24 25   0.495429
24 26   0.495429
24 27   0.495429
24 28   0.495429
24 29   0.495429
24 30   0.495429
24 31   0.495429
24 32   0.495429
24 33   0.495429
24 34   0.495429
24 35   0.495429
24 36   0.495429
24 37   0.495429
24 38   0.495429
24 39   0.495429
24 40   0.495429
25 1   0.488449
25 2   0.488449
25 3   0.488449
25 4   0.488449
25 5   0.488449
25 6   0.488449
25 7   0.488449
25 8   0.488449
25 9   0.488449
25 10   0.488449
25 11   0.488449
25 12   0.488449
25 13   0.488449
25 14   0.488449
25 15   0.488449
25 16   0.488449
25 17   0.488449
25 18   0.488449
25 19   0.488449
25 20   0.488449
25 21   0.488449
25 22   0.488449
25 23   0.488449
25 24   0.488449
25 25   0.488449
25 26   0.488449
25 27   0.488449
25 28   0.488449
25 29   0.488449
25 30   0.488449
25 31   0.488449
25 32   0.488449
25 33   0.488449
25 34   0.488449
25 35   0.488449
25 36   0.488449
25 37   0.488449
25 38   0.488449
25 39   0.488449
25 40   0.488449
26 1   0.479946
26 2   0.479946
26 3   0.479946
26 4   0.479946
26 5   0.479946
26 6   0.479946
26 7   0.479946
26 8   0.479946
26 9   0.479946
26 10   0.479946
26 11   0.479946
26 12   0.479946
26 13   0.479946
26 14   0.479946
26 15   0.479946
26 16   0.479946
26 17   0.479946
26 18   0.479946
26 19   0.479946
26 20   0.479946
26 21   0.479946
26 22   0.479946
26 23   0.479946
26 24   0.479946
26 25   0.479946
26 26   0.479946
26 27   0.479946
26 28   0.479946
26 29   0.479946
26 30   0.479946
26 31   0.479946
26 32   0.479946
26 33   0.479946
26 34   0.479946
26 35   0.479946
26 36   0.479946
26 37   0.479946
26 38   0.479946
26 39   0.479946
26 40   0.479946
27 1   0.472486
27 2   0.472486
27 3   0.472486
27 4   0.472486
27 5   0.472486
27 6   0.472486
27 7   0.472486
27 8   0.472486
27 9   0.472486
27 10   0.472486
27 11   0.472486
27 12   0.472486
27 13   0.472486
27 14   0.472486
27 15   0.472486
27 16   0.472486
27 17   0.472486
27 18   0.472486
27 19   0.472486
27 20   0.472486
27 21   0.472486
27 22   0.472486
27 23   0.472486
27 24   0.472486
27 25   0.472486
27 26   0.472486
27 27   0.472486
27 28   0.472486
27 29   0.472486
27 30   0.472486
27 31   0.472486
27 32   0.472486
27 33   0.472486
27 34   0.472486
27 35   0.472486
27 36   0.472486
27 37   0.472486
27 38   0.472486
27 39   0.472486
27 40   0.472486
28 1   0.467448
28 2   0.467448
28 3   0.467448
28 4   0.467448
28 5   0.467448
28 6   0.467448
28 7   0.467448
28 8   0.467448
28 9   0.467448
28 10   0.467448
28 11   0.467448
28 12   0.467448
28 13   0.467448
28 14   0.467448
28 15   0.467448
28 16   0.467448
28 17   0.467448
28 18   0.467448
28 19   0.467448
28 20   0.467448
28 21   0.467448
28 22   0.467448
28 23   0.467448
28 24   0.467448
28 25   0.467448
28 26   0.467448
28 27   0.467448
28 28   0.467448
28 29   0.467448
28 30   0.467448
28 31   0.467448
28 32   0.467448
28 33   0.467448
28 34   0.467448
28 35   0.467448
28 36   0.467448
28 37   0.467448
28 38   0.467448
28 39   0.467448
28 40   0.467448
29 1   0.463713
29 2   0.463713
29 3   0.463713
29 4   0.463713
29 5   0.463713
29 6   0.463713
29 7   0.463713
29 8   0.463713
29 9   0.463713
29 10   0.463713
29 11   0.463713
29 12   0.463713
29 13   0.463713
29 14   0.463713
29 15   0.463713
29 16   0.463713
29 17   0.463713
29 18   0.463713
29 19   0.463713
29 20   0.463713
29 21   0.463713
29 22   0.463713
29 23   0.463713
29 24   0.463713
29 25   0.463713
29 26   0.463713
29 27   0.463713
29 28   0.463713
29 29   0.463713
29 30   0.463713
29 31   0.463713
29 32   0.463713
29 33   0.463713
29 34   0.463713
29 35   0.463713
29 36   0.463713
29 37   0.463713
29 38   0.463713
29 39   0.463713
29 40   0.463713
30 1   0.457596
30 2   0.457596
30 3   0.457596
30 4   0.457596
30 5   0.457596
30 6   0.457596
30 7   0.457596
30 8   0.457596
30 9   0.457596
30 10   0.457596
30 11   0.457596
30 12   0.457596
30 13   0.457596
30 14   0.457596
30 15   0.457596
30 16   0.457596
30 17   0.457596
30 18   0.457596
30 19   0.457596
30 20   0.457596
30 21   0.457596
30 22   0.457596
30 23   0.457596
30 24   0.457596
30 25   0.457596
30 26   0.457596
30 27   0.457596
30 28   0.457596
30 29   0.457596
30 30   0.457596
30 31   0.457596
30 32   0.457596
30 33   0.457596
30 34   0.457596
30 35   0.457596
30 36   0.457596
30 37   0.457596
30 38   0.457596
30 39   0.457596
30 40   0.457596
31 1   0.443961
31 2   0.443961
31 3   0.443961
31 4   0.443961
31 5   0.443961
31 6   0.443961
31 7   0.443961
31 8   0.443961
31 9   0.443961
31 10   0.443961
31 11   0.443961
31 12   0.443961
31 13   0.443961
31 14   0.443961
31 15   0.443961
31 16   0.443961
31 17   0.443961
31 18   0.443961
31 19   0.443961
31 20   0.443961
31 21   0.443961
31 22   0.443961
31 23   0.443961
31 24   0.443961
31 25   0.443961
31 26   0.443961
31 27   0.443961
31 28   0.443961
31 29   0.443961
31 30   0.443961
31 31   0.443961
31 32   0.443961
31 33   0.443961
31 34   0.443961
31 35   0.443961
31 36   0.443961
31 37   0.443961
31 38   0.443961
31 39   0.443961
31 40   0.443961
32 1   0.417954
32 2   0.417954
32 3   0.417954
32 4   0.417954
32 5   0.417954
32 6   0.417954
32 7   0.417954
32 8   0.417954
32 9   0.417954
32 10   0.417954
32 11   0.417954
32 12   0.417954
32 13   0.417954
32 14   0.417954
32 15   0.417954
32 16   0.417954
32 17   0.417954
32 18   0.417954
32 19   0.417954
32 20   0.417954
32 21   0.417954
32 22   0.417954
32 23   0.417954
32 24   0.417954
32 25   0.417954
32 26   0.417954
32 27   0.417954
32 28   0.417954
32 29   0.417954
32 30   0.417954
32 31   0.417954
32 32   0.417954
32 33   0.417954
32 34   0.417954
32 35   0.417954
32 36   0.417954
32 37   0.417954
32 38   0.417954
32 39   0.417954
32 40   0.417954
33 1   0.376739
33 2   0.376739
33 3   0.376739
33 4   0.376739
33 5   0.376739
33 6   0.376739
33 7   0.376739
33 8   0.376739
33 9   0.376739
33 10   0.376739
33 11   0.376739
33 12   0.376739
33 13   0.376739
33 14   0.376739
33 15   0.376739
33 16   0.376739
33 17   0.376739
33 18   0.376739
33 19   0.376739
33 20   0.376739
33 21   0.376739
33 22   0.376739
33 23   0.376739
33 24   0.376739
33 25   0.376739
33 26   0.376739
33 27   0.376739
33 28   0.376739
33 29   0.376739
33 30   0.376739
33 31   0.376739
33 32   0.376739
33 33   0.376739
33 34   0.376739
33 35   0.376739
33 36   0.376739
33 37   0.376739
33 38   0.376739
33 39   0.376739
33 40   0.376739
34 1   0.320696
34 2   0.320696
34 3   0.320696
34 4   0.320696
34 5   0.320696
34 6   0.320696
34 7   0.320696
34 8   0.320696
34 9   0.320696
34 10   0.320696
34 11   0.320696
34 12   0.320696
34 13   0.320696
34 14   0.320696
34 15   0.320696
34 16   0.320696
34 17   0.320696
34 18   0.320696
34 19   0.320696
34 20   0.320696
34 21   0.320696
34 22   0.320696
34 23   0.320696
34 24   0.320696
34 25   0.320696
34 26   0.320696
34 27   0.320696
34 28   0.320696
34 29   0.320696
34 30   0.320696
34 31   0.320696
34 32   0.320696
34 33   0.320696
34 34   0.320696
34 35   0.320696
34 36   0.320696
34 37   0.320696
34 38   0.320696
34 39   0.320696
34 40   0.320696
35 1   0.253684
35 2   0.253684
35 3   0.253684
35 4   0.253684
35 5   0.253684
35 6   0.253684
35 7   0.253684
35 8   0.253684
35 9   0.253684
35 10   0.253684
35 11   0.253684
35 12   0.253684
35 13   0.253684
35 14   0.253684
35 15   0.253684
35 16   0.253684
35 17   0.253684
35 18   0.253684
35 19   0.253684
35 20   0.253684
35 21   0.253684
35 22   0.253684
35 23   0.253684
35 24   0.253684
35 25   0.253684
35 26   0.253684
35 27   0.253684
35 28   0.253684
35 29   0.253684
35 30   0.253684
35 31   0.253684
35 32   0.253684
35 33   0.253684
35 34   0.253684
35 35   0.253684
35 36   0.253684
35 37   0.253684
35 38   0.253684
35 39   0.253684
35 40   0.253684
36 1   0.182242
36 2   0.182242
36 3   0.182242
36 4   0.182242
36 5   0.182242
36 6   0.182242
36 7   0.182242
36 8   0.182242
36 9   0.182242
36 10   0.182242
36 11   0.182242
36 12   0.182242
36 13   0.182242
36 14   0.182242
36 15   0.182242
36 16   0.182242
36 17   0.182242
36 18   0.182242
36 19   0.182242
36 20   0.182242
36 21   0.182242
36 22   0.182242
36 23   0.182242
36 24   0.182242
36 25   0.182242
36 26   0.182242
36 27   0.182242
36 28   0.182242
36 29   0.182242
36 30   0.182242
36 31   0.182242
36 32   0.182242
36 33   0.182242
36 34   0.182242
36 35   0.182242
36 36   0.182242
36 37   0.182242
36 38   0.182242
36 39   0.182242
36 40   0.182242
37 1   0.114065
37 2   0.114065
37 3   0.114065
37 4   0.114065
37 5   0.114065
37 6   0.114065
37 7   0.114065
37 8   0.114065
37 9   0.114065
37 10   0.114065
37 11   0.114065
37 12   0.114065
37 13   0.114065
37 14   0.114065
37 15   0.114065
37 16   0.114065
37 17   0.114065
37 18   0.114065
37 19   0.114065
37 20   0.114065
37 21   0.114065
37 22   0.114065
37 23   0.114065
37 24   0.114065
37 25   0.114065
37 26   0.114065
37 27   0.114065
37 28   0.114065
37 29   0.114065
37 30   0.114065
37 31   0.114065
37 32   0.114065
37 33   0.114065
37 34   0.114065
37 35   0.114065
37 36   0.114065
37 37   0.114065
37 38   0.114065
37 39   0.114065
37 40   0.114065
38 1   0.0563882
38 2   0.0563882
38 3   0.0563882
38 4   0.0563882
38 5   0.0563882
38 6   0.0563882
38 7   0.0563882
38 8   0.0563882
38 9   0.0563882
38 10   0.0563882
38 11   0.0563882
38 12   0.0563882
38 13   0.0563882
38 14   0.0563882
38 15   0.0563882
38 16   0.0563882
38 17   0.0563882
38 18   0.0563882
38 19   0.0563882
38 20   0.0563882
38 21   0.0563882
38 22   0.0563882
38 23   0.0563882
38 24   0.0563882
38 25   0.0563882
38 26   0.0563882
38 27   0.0563882
38 28   0.0563882
38 29   0.0563882
38 30   0.0563882
38 31   0.0563882
38 32   0.0563882
38 33   0.0563882
38 34   0.0563882
38 35   0.0563882
38 36   0.0563882
38 37   0.0563882
38 38   0.0563882
38 39   0.0563882
38 40   0.0563882
39 1   0.014882
39 2   0.014882
39 3   0.014882
39 4   0.014882
39 5   0.014882
39 6   0.014882
39 7   0.014882
39 8   0.014882
39 9   0.014882
39 10   0.014882
39 11   0.014882
39 12   0.014882
39 13   0.014882
39 14   0.014882
39 15   0.014882
39 16   0.014882
39 17   0.014882
39 18   0.014882
39 19   0.014882
39 20   0.014882
39 21   0.014882
39 22   0.014882
39 23   0.014882
39 24   0.014882
39 25   0.014882
39 26   0.014882
39 27   0.014882
39 28   0.014882
39 29   0.014882
39 30   0.014882
39 31   0.014882
39 32   0.014882
39 33   0.014882
39 34   0.014882
39 35   0.014882
39 36   0.014882
39 37   0.014882
39 38   0.014882
39 39   0.014882
39 40   0.014882
40 1   -0.00675774
40 2   -0.00675774
40 3   -0.00675774
40 4   -0.00675774
40 5   -0.00675774
40 6   -0.00675774
40 7   -0.00675774
40 8   -0.00675774
40 9   -0.00675774
40 10   -0.00675774
40 11   -0.00675774
40 12   -0.00675774
40 13   -0.00675774
40 14   -0.00675774
40 15   -0.00675774
40 16   -0.00675774
40 17   -0.00675774
40 18   -0.00675774
40 19   -0.00675774
40 20   -0.00675774
40 21   -0.00675774
40 22   -0.00675774
40 23   -0.00675774
40 24   -0.00675774
40 25   -0.00675774
40 26   -0.00675774
40 27   -0.00675774
40 28   -0.00675774
40 29   -0.00675774
40 30   -0.00675774
40 31   -0.00675774
40 32   -0.00675774
40 33   -0.00675774
40 34   -0.00675774
40 35   -0.00675774
40 36   -0.00675774
40 37   -0.00675774
40 38   -0.00675774
40 39   -0.00675774
40 40   -0.00675774
