1 1   0.99514
1 2   0.99514
1 3   0.99514
1 4   0.99514
1 5   0.99514
1 6   0.99514
1 7   0.99514
1 8   0.99514
1 9   0.99514
1 10   0.99514
1 11   0.99514
1 12   0.99514
1 13   0.99514
1 14   0.99514
1 15   0.99514
1 16   0.99514
1 17   0.99514
1 18   0.99514
1 19   0.99514
1 20   0.99514
1 21   0.99514
1 22   0.99514
1 23   0.99514
1 24   0.99514
1 25   0.99514
1 26   0.99514
1 27   0.99514
1 28   0.99514
1 29   0.99514
1 30   0.99514
1 31   0.99514
1 32   0.99514
1 33   0.99514
1 34   0.99514
1 35   0.99514
1 36   0.99514
1 37   0.99514
1 38   0.99514
1 39   0.99514
1 40   0.99514
2 1   0.988703
2 2   0.988703
2 3   0.988703
2 4   0.988703
2 5   0.988703
2 6   0.988703
2 7   0.988703
2 8   0.988703
2 9   0.988703
2 10   0.988703
2 11   0.988703
2 12   0.988703
2 13   0.988703
2 14   0.988703
2 15   0.988703
2 16   0.988703
2 17   0.988703
2 18   0.988703
2 19   0.988703
2 20   0.988703
2 21   0.988703
2 22   0.988703
2 23   0.988703
2 24   0.988703
2 25   0.988703
2 26   0.988703
2 27   0.988703
2 28   0.988703
2 29   0.988703
2 30   0.988703
2 31   0.988703
2 32   0.988703
2 33   0.988703
2 34   0.988703
2 35   0.988703
2 36   0.988703
2 37   0.988703
2 38   0.988703
2 39   0.988703
2 40   0.988703
3 1   0.976953
3 2   0.976953
3 3   0.976953
3 4   0.976953
3 5   0.976953
3 6   0.976953
3 7   0.976953
3 8   0.976953
3 9   0.976953
3 10   0.976953
3 11   0.976953
3 12   0.976953
3 13   0.976953
3 14   0.976953
3 15   0.976953
3 16   0.976953
3 17   0.976953
3 18   0.976953
3 19   0.976953
3 20   0.976953
3 21   0.976953
3 22   0.976953
3 23   0.976953
3 24   0.976953
3 25   0.976953
3 26   0.976953
3 27   0.976953
3 28   0.976953
3 29   0.976953
3 30   0.976953
3 31   0.976953
3 32   0.976953
3 33   0.976953
3 34   0.976953
3 35   0.976953
3 36   0.976953
3 37   0.976953
3 38   0.976953
3 39   0.976953
3 40   0.976953
4 1   0.958155
4 2   0.958155
4 3   0.958155
4 4   0.958155
4 5   0.958155
4 6   0.958155
4 7   0.958155
4 8   0.958155
4 9   0.958155
4 10   0.958155
4 11   0.958155
4 12   0.958155
4 13   0.958155
4 14   0.958155
4 15   0.958155
4 16   0.958155
4 17   0.958155
4 18   0.958155
4 19   0.958155
4 20   0.958155
4 21   0.958155
4 22   0.958155
4 23   0.958155
4 24   0.958155
4 25   0.958155
4 26   0.958155
4 27   0.958155
4 28   0.958155
4 29   0.958155
4 30   0.958155
4 31   0.958155
4 32   0.958155
4 33   0.958155
4 34   0.958155
4 35   0.958155
4 36   0.958155
4 37   0.958155
4 38   0.958155
4 39   0.958155
4 40   0.958155
5 1   0.919954
5 2   0.919954
5 3   0.919954
5 4   0.919954
5 5   0.919954
5 6   0.919954
5 7   0.919954
5 8   0.919954
5 9   0.919954
5 10   0.919954
5 11   0.919954
5 12   0.919954
5 13   0.919954
5 14   0.919954
5 15   0.919954
5 16   0.919954
5 17   0.919954
5 18   0.919954
5 19   0.919954
5 20   0.919954
5 21   0.919954
5 22   0.919954
5 23   0.919954
5 24   0.919954
5 25   0.919954
5 26   0.919954
5 27   0.919954
5 28   0.919954
5 29   0.919954
5 30   0.919954
5 31   0.919954
5 32   0.919954
5 33   0.919954
5 34   0.919954
5 35   0.919954
5 36   0.919954
5 37   0.919954
5 38   0.919954
5 39   0.919954
5 40   0.919954
6 1   0.855567
6 2   0.855567
6 3   0.855567
6 4   0.855567
6 5   0.855567
6 6   0.855567
6 7   0.855567
6 8   0.855567
6 9   0.855567
6 10   0.855567
6 11   0.855567
6 12   0.855567
6 13   0.855567
6 14   0.855567
6 15   0.855567
6 16   0.855567
6 17   0.855567
6 18   0.855567
6 19   0.855567
6 20   0.855567
6 21   0.855567
6 22   0.855567
6 23   0.855567
6 24   0.855567
6 25   0.855567
6 26   0.855567
6 27   0.855567
6 28   0.855567
6 29   0.855567
6 30   0.855567
6 31   0.855567
6 32   0.855567
6 33   0.855567
6 34   0.855567
6 35   0.855567
6 36   0.855567
6 37   0.855567
6 38   0.855567
6 39   0.855567
6 40   0.855567
7 1   0.768097
7 2   0.768097
7 3   0.768097
7 4   0.768097
7 5   0.768097
7 6   0.768097
7 7   0.768097
7 8   0.768097
7 9   0.768097
7 10   0.768097
7 11   0.768097
7 12   0.768097
7 13   0.768097
7 14   0.768097
7 15   0.768097
7 16   0.768097
7 17   0.768097
7 18   0.768097
7 19   0.768097
7 20   0.768097
7 21   0.768097
7 22   0.768097
7 23   0.768097
7 24   0.768097
7 25   0.768097
7 26   0.768097
7 27   0.768097
7 28   0.768097
7 29   0.768097
7 30   0.768097
7 31   0.768097
7 32   0.768097
7 33   0.768097
7 34   0.768097
7 35   0.768097
7 36   0.768097
7 37   0.768097
7 38   0.768097
7 39   0.768097
7 40   0.768097
8 1   0.668434
8 2   0.668434
8 3   0.668434
8 4   0.668434
8 5   0.668434
8 6   0.668434
8 7   0.668434
8 8   0.668434
8 9   0.668434
8 10   0.668434
8 11   0.668434
8 12   0.668434
8 13   0.668434
8 14   0.668434
8 15   0.668434
8 16   0.668434
8 17   0.668434
8 18   0.668434
8 19   0.668434
8 20   0.668434
8 21   0.668434
8 22   0.668434
8 23   0.668434
8 24   0.668434
8 25   0.668434
8 26   0.668434
8 27   0.668434
8 28   0.668434
8 29   0.668434
8 30   0.668434
8 31   0.668434
8 32   0.668434
8 33   0.668434
8 34   0.668434
8 35   0.668434
8 36   0.668434
8 37   0.668434
8 38   0.668434
8 39   0.668434
8 40   0.668434
9 1   0.555923
9 2   0.555923
9 3   0.555923
9 4   0.555923
9 5   0.555923
9 6   0.555923
9 7   0.555923
9 8   0.555923
9 9   0.555923
9 10   0.555923
9 11   0.555923
9 12   0.555923
9 13   0.555923
9 14   0.555923
9 15   0.555923
9 16   0.555923
9 17   0.555923
9 18   0.555923
9 19   0.555923
9 20   0.555923
9 21   0.555923
9 22   0.555923
9 23   0.555923
9 24   0.555923
9 25   0.555923
9 26   0.555923
9 27   0.555923
9 28   0.555923
9 29   0.555923
9 30   0.555923
9 31   0.555923
9 32   0.555923
9 33   0.555923
9 34   0.555923
9 35   0.555923
9 36   0.555923
9 37   0.555923
9 38   0.555923
9 39   0.555923
9 40   0.555923
10 1   0.453253
10 2   0.453253
10 3   0.453253
10 4   0.453253
10 5   0.453253
10 6   0.453253
10 7   0.453253
10 8   0.453253
10 9   0.453253
10 10   0.453253
10 11   0.453253
10 12   0.453253
10 13   0.453253
10 14   0.453253
10 15   0.453253
10 16   0.453253
10 17   0.453253
10 18   0.453253
10 19   0.453253
10 20   0.453253
10 21   0.453253
10 22   0.453253
10 23   0.453253
10 24   0.453253
10 25   0.453253
10 26   0.453253
10 27   0.453253
10 28   0.453253
10 29   0.453253
10 30   0.453253
10 31   0.453253
10 32   0.453253
10 33   0.453253
10 34   0.453253
10 35   0.453253
10 36   0.453253
10 37   0.453253
10 38   0.453253
10 39   0.453253
10 40   0.453253
11 1   0.41401
11 2   0.41401
11 3   0.41401
11 4   0.41401
11 5   0.41401
11 6   0.41401
11 7   0.41401
11 8   0.41401
11 9   0.41401
11 10   0.41401
11 11   0.41401
11 12   0.41401
11 13   0.41401
11 14   0.41401
11 15   0.41401
11 16   0.41401
11 17   0.41401
11 18   0.41401
11 19   0.41401
11 20   0.41401
11 21   0.41401
11 22   0.41401
11 23   0.41401
11 24   0.41401
11 25   0.41401
11 26   0.41401
11 27   0.41401
11 28   0.41401
11 29   0.41401
11 30   0.41401
11 31   0.41401
11 32   0.41401
11 33   0.41401
11 34   0.41401
11 35   0.41401
11 36   0.41401
11 37   0.41401
11 38   0.41401
11 39   0.41401
11 40   0.41401
12 1   0.439367
12 2   0.439367
12 3   0.439367
12 4   0.439367
12 5   0.439367
12 6   0.439367
12 7   0.439367
12 8   0.439367
12 9   0.439367
12 10   0.439367
12 11   0.439367
12 12   0.439367
12 13   0.439367
12 14   0.439367
12 15   0.439367
12 16   0.439367
12 17   0.439367
12 18   0.439367
12 19   0.439367
12 20   0.439367
12 21   0.439367
12 22   0.439367
12 23   0.439367
12 24   0.439367
12 25   0.439367
12 26   0.439367
12 27   0.439367
12 28   0.439367
12 29   0.439367
12 30   0.439367
12 31   0.439367
12 32   0.439367
12 33   0.439367
12 34   0.439367
12 35   0.439367
12 36   0.439367
12 37   0.439367
12 38   0.439367
12 39   0.439367
12 40   0.439367
13 1   0.481146
13 2   0.481146
13 3   0.481146
13 4   0.481146
13 5   0.481146
13 6   0.481146
13 7   0.481146
13 8   0.481146
13 9   0.481146
13 10   0.481146
13 11   0.481146
13 12   0.481146
13 13   0.481146
13 14   0.481146
13 15   0.481146
13 16   0.481146
13 17   0.481146
13 18   0.481146
13 19   0.481146
13 20   0.481146
13 21   0.481146
13 22   0.481146
13 23   0.481146
13 24   0.481146
13 25   0.481146
13 26   0.481146
13 27   0.481146
13 28   0.481146
13 29   0.481146
13 30   0.481146
13 31   0.481146
13 32   0.481146
13 33   0.481146
13 34   0.481146
13 35   0.481146
13 36   0.481146
13 37   0.481146
13 38   0.481146
13 39   0.481146
13 40   0.481146
14 1   0.520167
14 2   0.520167
14 3   0.520167
14 4   0.520167
14 5   0.520167
14 6   0.520167
14 7   0.520167
14 8   0.520167
14 9   0.520167
14 10   0.520167
14 11   0.520167
14 12   0.520167
14 13   0.520167
14 14   0.520167
14 15   0.520167
14 16   0.520167
14 17   0.520167
14 18   0.520167
14 19   0.520167
14 20   0.520167
14 21   0.520167
14 22   0.520167
14 23   0.520167
14 24   0.520167
14 25   0.520167
14 26   0.520167
14 27   0.520167
14 28   0.520167
14 29   0.520167
14 30   0.520167
14 31   0.520167
14 32   0.520167
14 33   0.520167
14 34   0.520167
14 35   0.520167
14 36   0.520167
14 37   0.520167
14 38   0.520167
14 39   0.520167
14 40   0.520167
15 1   0.539757
15 2   0.539757
15 3   0.539757
15 4   0.539757
15 5   0.539757
15 6   0.539757
15 7   0.539757
15 8   0.539757
15 9   0.539757
15 10   0.539757
15 11   0.539757
15 12   0.539757
15 13   0.539757
15 14   0.539757
15 15   0.539757
15 16   0.539757
15 17   0.539757
15 18   0.539757
15 19   0.539757
15 20   0.539757
15 21   0.539757
15 22   0.539757
15 23   0.539757
15 24   0.539757
15 25   0.539757
15 26   0.539757
15 27   0.539757
15 28   0.539757
15 29   0.539757
15 30   0.539757
15 31   0.539757
15 32   0.539757
15 33   0.539757
15 34   0.539757
15 35   0.539757
15 36   0.539757
15 37   0.539757
15 38   0.539757
15 39   0.539757
15 40   0.539757
16 1   0.528458
16 2   0.528458
16 3   0.528458
16 4   0.528458
16 5   0.528458
16 6   0.528458
16 7   0.528458
16 8   0.528458
16 9   0.528458
16 10   0.528458
16 11   0.528458
16 12   0.528458
16 13   0.528458
16 14   0.528458
16 15   0.528458
16 16   0.528458
16 17   0.528458
16 18   0.528458
16 19   0.528458
16 20   0.528458
16 21   0.528458
16 22   0.528458
16 23   0.528458
16 24   0.528458
16 25   0.528458
16 26   0.528458
16 27   0.528458
16 28   0.528458
16 29   0.528458
16 30   0.528458
16 31   0.528458
16 32   0.528458
16 33   0.528458
16 34   0.528458
16 35   0.528458
16 36   0.528458
16 37   0.528458
16 38   0.528458
16 39   0.528458
16 40   0.528458
17 1   0.489769
17 2   0.489769
17 3   0.489769
17 4   0.489769
17 5   0.489769
17 6   0.489769
17 7   0.489769
17 8   0.489769
17 9   0.489769
17 10   0.489769
17 11   0.489769
17 12   0.489769
17 13   0.489769
17 14   0.489769
17 15   0.489769
17 16   0.489769
17 17   0.489769
17 18   0.489769
17 19   0.489769
17 20   0.489769
17 21   0.489769
17 22   0.489769
17 23   0.489769
17 24   0.489769
17 25   0.489769
17 26   0.489769
17 27   0.489769
17 28   0.489769
17 29   0.489769
17 30   0.489769
17 31   0.489769
17 32   0.489769
17 33   0.489769
17 34   0.489769
17 35   0.489769
17 36   0.489769
17 37   0.489769
17 38   0.489769
17 39   0.489769
17 40   0.489769
18 1   0.462561
18 2   0.462561
18 3   0.462561
18 4   0.462561
18 5   0.462561
18 6   0.462561
18 7   0.462561
18 8   0.462561
18 9   0.462561
18 10   0.462561
18 11   0.462561
18 12   0.462561
18 13   0.462561
18 14   0.462561
18 15   0.462561
18 16   0.462561
18 17   0.462561
18 18   0.462561
18 19   0.462561
18 20   0.462561
18 21   0.462561
18 22   0.462561
18 23   0.462561
18 24   0.462561
18 25   0.462561
18 26   0.462561
18 27   0.462561
18 28   0.462561
18 29   0.462561
18 30   0.462561
18 31   0.462561
18 32   0.462561
18 33   0.462561
18 34   0.462561
18 35   0.462561
18 36   0.462561
18 37   0.462561
18 38   0.462561
18 39   0.462561
18 40   0.462561
19 1   0.477993
19 2   0.477993
19 3   0.477993
19 4   0.477993
19 5   0.477993
19 6   0.477993
19 7   0.477993
19 8   0.477993
19 9   0.477993
19 10   0.477993
19 11   0.477993
19 12   0.477993
19 13   0.477993
19 14   0.477993
19 15   0.477993
19 16   0.477993
19 17   0.477993
19 18   0.477993
19 19   0.477993
19 20   0.477993
19 21   0.477993
19 22   0.477993
19 23   0.477993
19 24   0.477993
19 25   0.477993
19 26   0.477993
19 27   0.477993
19 28   0.477993
19 29   0.477993
19 30   0.477993
19 31   0.477993
19 32   0.477993
19 33   0.477993
19 34   0.477993
19 35   0.477993
19 36   0.477993
19 37   0.477993
19 38   0.477993
19 39   0.477993
19 40   0.477993
20 1   0.521698
20 2   0.521698
20 3   0.521698
20 4   0.521698
20 5   0.521698
20 6   0.521698
20 7   0.521698
20 8   0.521698
20 9   0.521698
20 10   0.521698
20 11   0.521698
20 12   0.521698
20 13   0.521698
20 14   0.521698
20 15   0.521698
20 16   0.521698
20 17   0.521698
20 18   0.521698
20 19   0.521698
20 20   0.521698
20 21   0.521698
20 22   0.521698
20 23   0.521698
20 24   0.521698
20 25   0.521698
20 26   0.521698
20 27   0.521698
20 28   0.521698
20 29   0.521698
20 30   0.521698
20 31   0.521698
20 32   0.521698
20 33   0.521698
20 34   0.521698
20 35   0.521698
20 36   0.521698
20 37   0.521698
20 38   0.521698
20 39   0.521698
20 40   0.521698
21 1   0.538409
21 2   0.538409
21 3   0.538409
21 4   0.538409
21 5   0.538409
21 6   0.538409
21 7   0.538409
21 8   0.538409
21 9   0.538409
21 10   0.538409
21 11   0.538409
21 12   0.538409
21 13   0.538409
21 14   0.538409
21 15   0.538409
21 16   0.538409
21 17   0.538409
21 18   0.538409
21 19   0.538409
21 20   0.538409
21 21   0.538409
21 22   0.538409
21 23   0.538409
21 24   0.538409
21 25   0.538409
21 26   0.538409
21 27   0.538409
21 28   0.538409
21 29   0.538409
21 30   0.538409
21 31   0.538409
21 32   0.538409
21 33   0.538409
21 34   0.538409
21 35   0.538409
21 36   0.538409
21 37   0.538409
21 38   0.538409
21 39   0.538409
21 40   0.538409
22 1   0.50977
22 2   0.50977
22 3   0.50977
22 4   0.50977
22 5   0.50977
22 6   0.50977
22 7   0.50977
22 8   0.50977
22 9   0.50977
22 10   0.50977
22 11   0.50977
22 12   0.50977
22 13   0.50977
22 14   0.50977
22 15   0.50977
22 16   0.50977
22 17   0.50977
22 18   0.50977
22 19   0.50977
22 20   0.50977
22 21   0.50977
22 22   0.50977
22 23   0.50977
22 24   0.50977
22 25   0.50977
22 26   0.50977
22 27   0.50977
22 28   0.50977
22 29   0.50977
22 30   0.50977
22 31   0.50977
22 32   0.50977
22 33   0.50977
22 34   0.50977
22 35   0.50977
22 36   0.50977
22 37   0.50977
22 38   0.50977
22 39   0.50977
22 40   0.50977
23 1   0.47138
23 2   0.47138
23 3   0.47138
23 4   0.47138
23 5   0.47138
23 6   0.47138
23 7   0.47138
23 8   0.47138
23 9   0.47138
23 10   0.47138
23 11   0.47138
23 12   0.47138
23 13   0.47138
23 14   0.47138
23 15   0.47138
23 16   0.47138
23 17   0.47138
23 18   0.47138
23 19   0.47138
23 20   0.47138
23 21   0.47138
23 22   0.47138
23 23   0.47138
23 24   0.47138
23 25   0.47138
23 26   0.47138
23 27   0.47138
23 28   0.47138
23 29   0.47138
23 30   0.47138
23 31   0.47138
23 32   0.47138
23 33   0.47138
23 34   0.47138
23 35   0.47138
23 36   0.47138
23 37   0.47138
23 38   0.47138
23 39   0.47138
23 40   0.47138
24 1   0.461167
24 2   0.461167
24 3   0.461167
24 4   0.461167
24 5   0.461167
24 6   0.461167
24 7   0.461167
24 8   0.461167
24 9   0.461167
24 10   0.461167
24 11   0.461167
24 12   0.461167
24 13   0.461167
24 14   0.461167
24 15   0.461167
24 16   0.461167
24 17   0.461167
24 18   0.461167
24 19   0.461167
24 20   0.461167
24 21   0.461167
24 22   0.461167
24 23   0.461167
24 24   0.461167
24 25   0.461167
24 26   0.461167
24 27   0.461167
24 28   0.461167
24 29   0.461167
24 30   0.461167
24 31   0.461167
24 32   0.461167
24 33   0.461167
24 34   0.461167
24 35   0.461167
24 36   0.461167
24 37   0.461167
24 38   0.461167
24 39   0.461167
24 40   0.461167
25 1   0.479469
25 2   0.479469
25 3   0.479469
25 4   0.479469
25 5   0.479469
25 6   0.479469
25 7   0.479469
25 8   0.479469
25 9   0.479469
25 10   0.479469
25 11   0.479469
25 12   0.479469
25 13   0.479469
25 14   0.479469
25 15   0.479469
25 16   0.479469
25 17   0.479469
25 18   0.479469
25 19   0.479469
25 20   0.479469
25 21   0.479469
25 22   0.479469
25 23   0.479469
25 24   0.479469
25 25   0.479469
25 26   0.479469
25 27   0.479469
25 28   0.479469
25 29   0.479469
25 30   0.479469
25 31   0.479469
25 32   0.479469
25 33   0.479469
25 34   0.479469
25 35   0.479469
25 36   0.479469
25 37   0.479469
25 38   0.479469
25 39   0.479469
25 40   0.479469
26 1   0.518257
26 2   0.518257
26 3   0.518257
26 4   0.518257
26 5   0.518257
26 6   0.518257
26 7   0.518257
26 8   0.518257
26 9   0.518257
26 10   0.518257
26 11   0.518257
26 12   0.518257
26 13   0.518257
26 14   0.518257
26 15   0.518257
26 16   0.518257
26 17   0.518257
26 18   0.518257
26 19   0.518257
26 20   0.518257
26 21   0.518257
26 22   0.518257
26 23   0.518257
26 24   0.518257
26 25   0.518257
26 26   0.518257
26 27   0.518257
26 28   0.518257
26 29   0.518257
26 30   0.518257
26 31   0.518257
26 32   0.518257
26 33   0.518257
26 34   0.518257
26 35   0.518257
26 36   0.518257
26 37   0.518257
26 38   0.518257
26 39   0.518257
26 40   0.518257
27 1   0.562381
27 2   0.562381
27 3   0.562381
27 4   0.562381
27 5   0.562381
27 6   0.562381
27 7   0.562381
27 8   0.562381
27 9   0.562381
27 10   0.562381
27 11   0.562381
27 12   0.562381
27 13   0.562381
27 14   0.562381
27 15   0.562381
27 16   0.562381
27 17   0.562381
27 18   0.562381
27 19   0.562381
27 20   0.562381
27 21   0.562381
27 22   0.562381
27 23   0.562381
27 24   0.562381
27 25   0.562381
27 26   0.562381
27 27   0.562381
27 28   0.562381
27 29   0.562381
27 30   0.562381
27 31   0.562381
27 32   0.562381
27 33   0.562381
27 34   0.562381
27 35   0.562381
27 36   0.562381
27 37   0.562381
27 38   0.562381
27 39   0.562381
27 40   0.562381
28 1   0.584865
28 2   0.584865
28 3   0.584865
28 4   0.584865
28 5   0.584865
28 6   0.584865
28 7   0.584865
28 8   0.584865
28 9   0.584865
28 10   0.584865
28 11   0.584865
28 12   0.584865
28 13   0.584865
28 14   0.584865
28 15   0.584865
28 16   0.584865
28 17   0.584865
28 18   0.584865
28 19   0.584865
28 20   0.584865
28 21   0.584865
28 22   0.584865
28 23   0.584865
28 24   0.584865
28 25   0.584865
28 26   0.584865
28 27   0.584865
28 28   0.584865
28 29   0.584865
28 30   0.584865
28 31   0.584865
28 32   0.584865
28 33   0.584865
28 34   0.584865
28 35   0.584865
28 36   0.584865
28 37   0.584865
28 38   0.584865
28 39   0.584865
28 40   0.584865
29 1   0.54611
29 2   0.54611
29 3   0.54611
29 4   0.54611
29 5   0.54611
29 6   0.54611
29 7   0.54611
29 8   0.54611
29 9   0.54611
29 10   0.54611
29 11   0.54611
29 12   0.54611
29 13   0.54611
29 14   0.54611
29 15   0.54611
29 16   0.54611
29 17   0.54611
29 18   0.54611
29 19   0.54611
29 20   0.54611
29 21   0.54611
29 22   0.54611
29 23   0.54611
29 24   0.54611
29 25   0.54611
29 26   0.54611
29 27   0.54611
29 28   0.54611
29 29   0.54611
29 30   0.54611
29 31   0.54611
29 32   0.54611
29 33   0.54611
29 34   0.54611
29 35   0.54611
29 36   0.54611
29 37   0.54611
29 38   0.54611
29 39   0.54611
29 40   0.54611
30 1   0.447031
30 2   0.447031
30 3   0.447031
30 4   0.447031
30 5   0.447031
30 6   0.447031
30 7   0.447031
30 8   0.447031
30 9   0.447031
30 10   0.447031
30 11   0.447031
30 12   0.447031
30 13   0.447031
30 14   0.447031
30 15   0.447031
30 16   0.447031
30 17   0.447031
30 18   0.447031
30 19   0.447031
30 20   0.447031
30 21   0.447031
30 22   0.447031
30 23   0.447031
30 24   0.447031
30 25   0.447031
30 26   0.447031
30 27   0.447031
30 28   0.447031
30 29   0.447031
30 30   0.447031
30 31   0.447031
30 32   0.447031
30 33   0.447031
30 34   0.447031
30 35   0.447031
30 36   0.447031
30 37   0.447031
30 38   0.447031
30 39   0.447031
30 40   0.447031
31 1   0.328591
31 2   0.328591
31 3   0.328591
31 4   0.328591
31 5   0.328591
31 6   0.328591
31 7   0.328591
31 8   0.328591
31 9   0.328591
31 10   0.328591
31 11   0.328591
31 12   0.328591
31 13   0.328591
31 14   0.328591
31 15   0.328591
31 16   0.328591
31 17   0.328591
31 18   0.328591
31 19   0.328591
31 20   0.328591
31 21   0.328591
31 22   0.328591
31 23   0.328591
31 24   0.328591
31 25   0.328591
31 26   0.328591
31 27   0.328591
31 28   0.328591
31 29   0.328591
31 30   0.328591
31 31   0.328591
31 32   0.328591
31 33   0.328591
31 34   0.328591
31 35   0.328591
31 36   0.328591
31 37   0.328591
31 38   0.328591
31 39   0.328591
31 40   0.328591
32 1   0.232622
32 2   0.232622
32 3   0.232622
32 4   0.232622
32 5   0.232622
32 6   0.232622
32 7   0.232622
32 8   0.232622
32 9   0.232622
32 10   0.232622
32 11   0.232622
32 12   0.232622
32 13   0.232622
32 14   0.232622
32 15   0.232622
32 16   0.232622
32 17   0.232622
32 18   0.232622
32 19   0.232622
32 20   0.232622
32 21   0.232622
32 22   0.232622
32 23   0.232622
32 24   0.232622
32 25   0.232622
32 26   0.232622
32 27   0.232622
32 28   0.232622
32 29   0.232622
32 30   0.232622
32 31   0.232622
32 32   0.232622
32 33   0.232622
32 34   0.232622
32 35   0.232622
32 36   0.232622
32 37   0.232622
32 38   0.232622
32 39   0.232622
32 40   0.232622
33 1   0.147264
33 2   0.147264
33 3   0.147264
33 4   0.147264
33 5   0.147264
33 6   0.147264
33 7   0.147264
33 8   0.147264
33 9   0.147264
33 10   0.147264
33 11   0.147264
33 12   0.147264
33 13   0.147264
33 14   0.147264
33 15   0.147264
33 16   0.147264
33 17   0.147264
33 18   0.147264
33 19   0.147264
33 20   0.147264
33 21   0.147264
33 22   0.147264
33 23   0.147264
33 24   0.147264
33 25   0.147264
33 26   0.147264
33 27   0.147264
33 28   0.147264
33 29   0.147264
33 30   0.147264
33 31   0.147264
33 32   0.147264
33 33   0.147264
33 34   0.147264
33 35   0.147264
33 36   0.147264
33 37   0.147264
33 38   0.147264
33 39   0.147264
33 40   0.147264
34 1   0.0762713
34 2   0.0762713
34 3   0.0762713
34 4   0.0762713
34 5   0.0762713
34 6   0.0762713
34 7   0.0762713
34 8   0.0762713
34 9   0.0762713
34 10   0.0762713
34 11   0.0762713
34 12   0.0762713
34 13   0.0762713
34 14   0.0762713
34 15   0.0762713
34 16   0.0762713
34 17   0.0762713
34 18   0.0762713
34 19   0.0762713
34 20   0.0762713
34 21   0.0762713
34 22   0.0762713
34 23   0.0762713
34 24   0.0762713
34 25   0.0762713
34 26   0.0762713
34 27   0.0762713
34 28   0.0762713
34 29   0.0762713
34 30   0.0762713
34 31   0.0762713
34 32   0.0762713
34 33   0.0762713
34 34   0.0762713
34 35   0.0762713
34 36   0.0762713
34 37   0.0762713
34 38   0.0762713
34 39   0.0762713
34 40   0.0762713
35 1   0.0432194
35 2   0.0432194
35 3   0.0432194
35 4   0.0432194
35 5   0.0432194
35 6   0.0432194
35 7   0.0432194
35 8   0.0432194
35 9   0.0432194
35 10   0.0432194
35 11   0.0432194
35 12   0.0432194
35 13   0.0432194
35 14   0.0432194
35 15   0.0432194
35 16   0.0432194
35 17   0.0432194
35 18   0.0432194
35 19   0.0432194
35 20   0.0432194
35 21   0.0432194
35 22   0.0432194
35 23   0.0432194
35 24   0.0432194
35 25   0.0432194
35 26   0.0432194
35 27   0.0432194
35 28   0.0432194
35 29   0.0432194
35 30   0.0432194
35 31   0.0432194
35 32   0.0432194
35 33   0.0432194
35 34   0.0432194
35 35   0.0432194
35 36   0.0432194
35 37   0.0432194
35 38   0.0432194
35 39   0.0432194
35 40   0.0432194
36 1   0.0252196
36 2   0.0252196
36 3   0.0252196
36 4   0.0252196
36 5   0.0252196
36 6   0.0252196
36 7   0.0252196
36 8   0.0252196
36 9   0.0252196
36 10   0.0252196
36 11   0.0252196
36 12   0.0252196
36 13   0.0252196
36 14   0.0252196
36 15   0.0252196
36 16   0.0252196
36 17   0.0252196
36 18   0.0252196
36 19   0.0252196
36 20   0.0252196
36 21   0.0252196
36 22   0.0252196
36 23   0.0252196
36 24   0.0252196
36 25   0.0252196
36 26   0.0252196
36 27   0.0252196
36 28   0.0252196
36 29   0.0252196
36 30   0.0252196
36 31   0.0252196
36 32   0.0252196
36 33   0.0252196
36 34   0.0252196
36 35   0.0252196
36 36   0.0252196
36 37   0.0252196
36 38   0.0252196
36 39   0.0252196
36 40   0.0252196
37 1   0.00787517
37 2   0.00787517
37 3   0.00787517
37 4   0.00787517
37 5   0.00787517
37 6   0.00787517
37 7   0.00787517
37 8   0.00787517
37 9   0.00787517
37 10   0.00787517
37 11   0.00787517
37 12   0.00787517
37 13   0.00787517
37 14   0.00787517
37 15   0.00787517
37 16   0.00787517
37 17   0.00787517
37 18   0.00787517
37 19   0.00787517
37 20   0.00787517
37 21   0.00787517
37 22   0.00787517
37 23   0.00787517
37 24   0.00787517
37 25   0.00787517
37 26   0.00787517
37 27   0.00787517
37 28   0.00787517
37 29   0.00787517
37 30   0.00787517
37 31   0.00787517
37 32   0.00787517
37 33   0.00787517
37 34   0.00787517
37 35   0.00787517
37 36   0.00787517
37 37   0.00787517
37 38   0.00787517
37 39   0.00787517
37 40   0.00787517
38 1   0.00274628
38 2   0.00274628
38 3   0.00274628
38 4   0.00274628
38 5   0.00274628
38 6   0.00274628
38 7   0.00274628
38 8   0.00274628
38 9   0.00274628
38 10   0.00274628
38 11   0.00274628
38 12   0.00274628
38 13   0.00274628
38 14   0.00274628
38 15   0.00274628
38 16   0.00274628
38 17   0.00274628
38 18   0.00274628
38 19   0.00274628
38 20   0.00274628
38 21   0.00274628
38 22   0.00274628
38 23   0.00274628
38 24   0.00274628
38 25   0.00274628
38 26   0.00274628
38 27   0.00274628
38 28   0.00274628
38 29   0.00274628
38 30   0.00274628
38 31   0.00274628
38 32   0.00274628
38 33   0.00274628
38 34   0.00274628
38 35   0.00274628
38 36   0.00274628
38 37   0.00274628
38 38   0.00274628
38 39   0.00274628
38 40   0.00274628
39 1   0.00465508
39 2   0.00465508
39 3   0.00465508
39 4   0.00465508
39 5   0.00465508
39 6   0.00465508
39 7   0.00465508
39 8   0.00465508
39 9   0.00465508
39 10   0.00465508
39 11   0.00465508
39 12   0.00465508
39 13   0.00465508
39 14   0.00465508
39 15   0.00465508
39 16   0.00465508
39 17   0.00465508
39 18   0.00465508
39 19   0.00465508
39 20   0.00465508
39 21   0.00465508
39 22   0.00465508
39 23   0.00465508
39 24   0.00465508
39 25   0.00465508
39 26   0.00465508
39 27   0.00465508
39 28   0.00465508
39 29   0.00465508
39 30   0.00465508
39 31   0.00465508
39 32   0.00465508
39 33   0.00465508
39 34   0.00465508
39 35   0.00465508
39 36   0.00465508
39 37   0.00465508
39 38   0.00465508
39 39   0.00465508
39 40   0.00465508
40 1   -0.000308575
40 2   -0.000308575
40 3   -0.000308575
40 4   -0.000308575
40 5   -0.000308575
40 6   -0.000308575
40 7   -0.000308575
40 8   -0.000308575
40 9   -0.000308575
40 10   -0.000308575
40 11   -0.000308575
40 12   -0.000308575
40 13   -0.000308575
40 14   -0.000308575
40 15   -0.000308575
40 16   -0.000308575
40 17   -0.000308575
40 18   -0.000308575
40 19   -0.000308575
40 20   -0.000308575
40 21   -0.000308575
40 22   -0.000308575
40 23   -0.000308575
40 24   -0.000308575
40 25   -0.000308575
40 26   -0.000308575
40 27   -0.000308575
40 28   -0.000308575
40 29   -0.000308575
40 30   -0.000308575
40 31   -0.000308575
40 32   -0.000308575
40 33   -0.000308575
40 34   -0.000308575
40 35   -0.000308575
40 36   -0.000308575
40 37   -0.000308575
40 38   -0.000308575
40 39   -0.000308575
40 40   -0.000308575
