1 1   -0.119226
1 2   -0.119226
1 3   -0.119226
1 4   -0.119226
1 5   -0.119226
1 6   -0.119226
1 7   -0.119226
1 8   -0.119226
1 9   -0.119226
1 10   -0.119226
1 11   -0.119226
1 12   -0.119226
1 13   -0.119226
1 14   -0.119226
1 15   -0.119226
1 16   -0.119226
1 17   -0.119226
1 18   -0.119226
1 19   -0.119226
1 20   -0.119226
1 21   -0.119226
1 22   -0.119226
1 23   -0.119226
1 24   -0.119226
1 25   -0.119226
1 26   -0.119226
1 27   -0.119226
1 28   -0.119226
1 29   -0.119226
1 30   -0.119226
1 31   -0.119226
1 32   -0.119226
1 33   -0.119226
1 34   -0.119226
1 35   -0.119226
1 36   -0.119226
1 37   -0.119226
1 38   -0.119226
1 39   -0.119226
1 40   -0.119226
2 1   -0.0757534
2 2   -0.0757534
2 3   -0.0757534
2 4   -0.0757534
2 5   -0.0757534
2 6   -0.0757534
2 7   -0.0757534
2 8   -0.0757534
2 9   -0.0757534
2 10   -0.0757534
2 11   -0.0757534
2 12   -0.0757534
2 13   -0.0757534
2 14   -0.0757534
2 15   -0.0757534
2 16   -0.0757534
2 17   -0.0757534
2 18   -0.0757534
2 19   -0.0757534
2 20   -0.0757534
2 21   -0.0757534
2 22   -0.0757534
2 23   -0.0757534
2 24   -0.0757534
2 25   -0.0757534
2 26   -0.0757534
2 27   -0.0757534
2 28   -0.0757534
2 29   -0.0757534
2 30   -0.0757534
2 31   -0.0757534
2 32   -0.0757534
2 33   -0.0757534
2 34   -0.0757534
2 35   -0.0757534
2 36   -0.0757534
2 37   -0.0757534
2 38   -0.0757534
2 39   -0.0757534
2 40   -0.0757534
3 1   -0.00748377
3 2   -0.00748377
3 3   -0.00748377
3 4   -0.00748377
3 5   -0.00748377
3 6   -0.00748377
3 7   -0.00748377
3 8   -0.00748377
3 9   -0.00748377
3 10   -0.00748377
3 11   -0.00748377
3 12   -0.00748377
3 13   -0.00748377
3 14   -0.00748377
3 15   -0.00748377
3 16   -0.00748377
3 17   -0.00748377
3 18   -0.00748377
3 19   -0.00748377
3 20   -0.00748377
3 21   -0.00748377
3 22   -0.00748377
3 23   -0.00748377
3 24   -0.00748377
3 25   -0.00748377
3 26   -0.00748377
3 27   -0.00748377
3 28   -0.00748377
3 29   -0.00748377
3 30   -0.00748377
3 31   -0.00748377
3 32   -0.00748377
3 33   -0.00748377
3 34   -0.00748377
3 35   -0.00748377
3 36   -0.00748377
3 37   -0.00748377
3 38   -0.00748377
3 39   -0.00748377
3 40   -0.00748377
4 1   0.0663058
4 2   0.0663058
4 3   0.0663058
4 4   0.0663058
4 5   0.0663058
4 6   0.0663058
4 7   0.0663058
4 8   0.0663058
4 9   0.0663058
4 10   0.0663058
4 11   0.0663058
4 12   0.0663058
4 13   0.0663058
4 14   0.0663058
4 15   0.0663058
4 16   0.0663058
4 17   0.0663058
4 18   0.0663058
4 19   0.0663058
4 20   0.0663058
4 21   0.0663058
4 22   0.0663058
4 23   0.0663058
4 24   0.0663058
4 25   0.0663058
4 26   0.0663058
4 27   0.0663058
4 28   0.0663058
4 29   0.0663058
4 30   0.0663058
4 31   0.0663058
4 32   0.0663058
4 33   0.0663058
4 34   0.0663058
4 35   0.0663058
4 36   0.0663058
4 37   0.0663058
4 38   0.0663058
4 39   0.0663058
4 40   0.0663058
5 1   0.136968
5 2   0.136968
5 3   0.136968
5 4   0.136968
5 5   0.136968
5 6   0.136968
5 7   0.136968
5 8   0.136968
5 9   0.136968
5 10   0.136968
5 11   0.136968
5 12   0.136968
5 13   0.136968
5 14   0.136968
5 15   0.136968
5 16   0.136968
5 17   0.136968
5 18   0.136968
5 19   0.136968
5 20   0.136968
5 21   0.136968
5 22   0.136968
5 23   0.136968
5 24   0.136968
5 25   0.136968
5 26   0.136968
5 27   0.136968
5 28   0.136968
5 29   0.136968
5 30   0.136968
5 31   0.136968
5 32   0.136968
5 33   0.136968
5 34   0.136968
5 35   0.136968
5 36   0.136968
5 37   0.136968
5 38   0.136968
5 39   0.136968
5 40   0.136968
6 1   0.201687
6 2   0.201687
6 3   0.201687
6 4   0.201687
6 5   0.201687
6 6   0.201687
6 7   0.201687
6 8   0.201687
6 9   0.201687
6 10   0.201687
6 11   0.201687
6 12   0.201687
6 13   0.201687
6 14   0.201687
6 15   0.201687
6 16   0.201687
6 17   0.201687
6 18   0.201687
6 19   0.201687
6 20   0.201687
6 21   0.201687
6 22   0.201687
6 23   0.201687
6 24   0.201687
6 25   0.201687
6 26   0.201687
6 27   0.201687
6 28   0.201687
6 29   0.201687
6 30   0.201687
6 31   0.201687
6 32   0.201687
6 33   0.201687
6 34   0.201687
6 35   0.201687
6 36   0.201687
6 37   0.201687
6 38   0.201687
6 39   0.201687
6 40   0.201687
7 1   0.262024
7 2   0.262024
7 3   0.262024
7 4   0.262024
7 5   0.262024
7 6   0.262024
7 7   0.262024
7 8   0.262024
7 9   0.262024
7 10   0.262024
7 11   0.262024
7 12   0.262024
7 13   0.262024
7 14   0.262024
7 15   0.262024
7 16   0.262024
7 17   0.262024
7 18   0.262024
7 19   0.262024
7 20   0.262024
7 21   0.262024
7 22   0.262024
7 23   0.262024
7 24   0.262024
7 25   0.262024
7 26   0.262024
7 27   0.262024
7 28   0.262024
7 29   0.262024
7 30   0.262024
7 31   0.262024
7 32   0.262024
7 33   0.262024
7 34   0.262024
7 35   0.262024
7 36   0.262024
7 37   0.262024
7 38   0.262024
7 39   0.262024
7 40   0.262024
8 1   0.324917
8 2   0.324917
8 3   0.324917
8 4   0.324917
8 5   0.324917
8 6   0.324917
8 7   0.324917
8 8   0.324917
8 9   0.324917
8 10   0.324917
8 11   0.324917
8 12   0.324917
8 13   0.324917
8 14   0.324917
8 15   0.324917
8 16   0.324917
8 17   0.324917
8 18   0.324917
8 19   0.324917
8 20   0.324917
8 21   0.324917
8 22   0.324917
8 23   0.324917
8 24   0.324917
8 25   0.324917
8 26   0.324917
8 27   0.324917
8 28   0.324917
8 29   0.324917
8 30   0.324917
8 31   0.324917
8 32   0.324917
8 33   0.324917
8 34   0.324917
8 35   0.324917
8 36   0.324917
8 37   0.324917
8 38   0.324917
8 39   0.324917
8 40   0.324917
9 1   0.391396
9 2   0.391396
9 3   0.391396
9 4   0.391396
9 5   0.391396
9 6   0.391396
9 7   0.391396
9 8   0.391396
9 9   0.391396
9 10   0.391396
9 11   0.391396
9 12   0.391396
9 13   0.391396
9 14   0.391396
9 15   0.391396
9 16   0.391396
9 17   0.391396
9 18   0.391396
9 19   0.391396
9 20   0.391396
9 21   0.391396
9 22   0.391396
9 23   0.391396
9 24   0.391396
9 25   0.391396
9 26   0.391396
9 27   0.391396
9 28   0.391396
9 29   0.391396
9 30   0.391396
9 31   0.391396
9 32   0.391396
9 33   0.391396
9 34   0.391396
9 35   0.391396
9 36   0.391396
9 37   0.391396
9 38   0.391396
9 39   0.391396
9 40   0.391396
10 1   0.447415
10 2   0.447415
10 3   0.447415
10 4   0.447415
10 5   0.447415
10 6   0.447415
10 7   0.447415
10 8   0.447415
10 9   0.447415
10 10   0.447415
10 11   0.447415
10 12   0.447415
10 13   0.447415
10 14   0.447415
10 15   0.447415
10 16   0.447415
10 17   0.447415
10 18   0.447415
10 19   0.447415
10 20   0.447415
10 21   0.447415
10 22   0.447415
10 23   0.447415
10 24   0.447415
10 25   0.447415
10 26   0.447415
10 27   0.447415
10 28   0.447415
10 29   0.447415
10 30   0.447415
10 31   0.447415
10 32   0.447415
10 33   0.447415
10 34   0.447415
10 35   0.447415
10 36   0.447415
10 37   0.447415
10 38   0.447415
10 39   0.447415
10 40   0.447415
11 1   0.477175
11 2   0.477175
11 3   0.477175
11 4   0.477175
11 5   0.477175
11 6   0.477175
11 7   0.477175
11 8   0.477175
11 9   0.477175
11 10   0.477175
11 11   0.477175
11 12   0.477175
11 13   0.477175
11 14   0.477175
11 15   0.477175
11 16   0.477175
11 17   0.477175
11 18   0.477175
11 19   0.477175
11 20   0.477175
11 21   0.477175
11 22   0.477175
11 23   0.477175
11 24   0.477175
11 25   0.477175
11 26   0.477175
11 27   0.477175
11 28   0.477175
11 29   0.477175
11 30   0.477175
11 31   0.477175
11 32   0.477175
11 33   0.477175
11 34   0.477175
11 35   0.477175
11 36   0.477175
11 37   0.477175
11 38   0.477175
11 39   0.477175
11 40   0.477175
12 1   0.481863
12 2   0.481863
12 3   0.481863
12 4   0.481863
12 5   0.481863
12 6   0.481863
12 7   0.481863
12 8   0.481863
12 9   0.481863
12 10   0.481863
12 11   0.481863
12 12   0.481863
12 13   0.481863
12 14   0.481863
12 15   0.481863
12 16   0.481863
12 17   0.481863
12 18   0.481863
12 19   0.481863
12 20   0.481863
12 21   0.481863
12 22   0.481863
12 23   0.481863
12 24   0.481863
12 25   0.481863
12 26   0.481863
12 27   0.481863
12 28   0.481863
12 29   0.481863
12 30   0.481863
12 31   0.481863
12 32   0.481863
12 33   0.481863
12 34   0.481863
12 35   0.481863
12 36   0.481863
12 37   0.481863
12 38   0.481863
12 39   0.481863
12 40   0.481863
13 1   0.479146
13 2   0.479146
13 3   0.479146
13 4   0.479146
13 5   0.479146
13 6   0.479146
13 7   0.479146
13 8   0.479146
13 9   0.479146
13 10   0.479146
13 11   0.479146
13 12   0.479146
13 13   0.479146
13 14   0.479146
13 15   0.479146
13 16   0.479146
13 17   0.479146
13 18   0.479146
13 19   0.479146
13 20   0.479146
13 21   0.479146
13 22   0.479146
13 23   0.479146
13 24   0.479146
13 25   0.479146
13 26   0.479146
13 27   0.479146
13 28   0.479146
13 29   0.479146
13 30   0.479146
13 31   0.479146
13 32   0.479146
13 33   0.479146
13 34   0.479146
13 35   0.479146
13 36   0.479146
13 37   0.479146
13 38   0.479146
13 39   0.479146
13 40   0.479146
14 1   0.484891
14 2   0.484891
14 3   0.484891
14 4   0.484891
14 5   0.484891
14 6   0.484891
14 7   0.484891
14 8   0.484891
14 9   0.484891
14 10   0.484891
14 11   0.484891
14 12   0.484891
14 13   0.484891
14 14   0.484891
14 15   0.484891
14 16   0.484891
14 17   0.484891
14 18   0.484891
14 19   0.484891
14 20   0.484891
14 21   0.484891
14 22   0.484891
14 23   0.484891
14 24   0.484891
14 25   0.484891
14 26   0.484891
14 27   0.484891
14 28   0.484891
14 29   0.484891
14 30   0.484891
14 31   0.484891
14 32   0.484891
14 33   0.484891
14 34   0.484891
14 35   0.484891
14 36   0.484891
14 37   0.484891
14 38   0.484891
14 39   0.484891
14 40   0.484891
15 1   0.49792
15 2   0.49792
15 3   0.49792
15 4   0.49792
15 5   0.49792
15 6   0.49792
15 7   0.49792
15 8   0.49792
15 9   0.49792
15 10   0.49792
15 11   0.49792
15 12   0.49792
15 13   0.49792
15 14   0.49792
15 15   0.49792
15 16   0.49792
15 17   0.49792
15 18   0.49792
15 19   0.49792
15 20   0.49792
15 21   0.49792
15 22   0.49792
15 23   0.49792
15 24   0.49792
15 25   0.49792
15 26   0.49792
15 27   0.49792
15 28   0.49792
15 29   0.49792
15 30   0.49792
15 31   0.49792
15 32   0.49792
15 33   0.49792
15 34   0.49792
15 35   0.49792
15 36   0.49792
15 37   0.49792
15 38   0.49792
15 39   0.49792
15 40   0.49792
16 1   0.50541
16 2   0.50541
16 3   0.50541
16 4   0.50541
16 5   0.50541
16 6   0.50541
16 7   0.50541
16 8   0.50541
16 9   0.50541
16 10   0.50541
16 11   0.50541
16 12   0.50541
16 13   0.50541
16 14   0.50541
16 15   0.50541
16 16   0.50541
16 17   0.50541
16 18   0.50541
16 19   0.50541
16 20   0.50541
16 21   0.50541
16 22   0.50541
16 23   0.50541
16 24   0.50541
16 25   0.50541
16 26   0.50541
16 27   0.50541
16 28   0.50541
16 29   0.50541
16 30   0.50541
16 31   0.50541
16 32   0.50541
16 33   0.50541
16 34   0.50541
16 35   0.50541
16 36   0.50541
16 37   0.50541
16 38   0.50541
16 39   0.50541
16 40   0.50541
17 1   0.501897
17 2   0.501897
17 3   0.501897
17 4   0.501897
17 5   0.501897
17 6   0.501897
17 7   0.501897
17 8   0.501897
17 9   0.501897
17 10   0.501897
17 11   0.501897
17 12   0.501897
17 13   0.501897
17 14   0.501897
17 15   0.501897
17 16   0.501897
17 17   0.501897
17 18   0.501897
17 19   0.501897
17 20   0.501897
17 21   0.501897
17 22   0.501897
17 23   0.501897
17 24   0.501897
17 25   0.501897
17 26   0.501897
17 27   0.501897
17 28   0.501897
17 29   0.501897
17 30   0.501897
17 31   0.501897
17 32   0.501897
17 33   0.501897
17 34   0.501897
17 35   0.501897
17 36   0.501897
17 37   0.501897
17 38   0.501897
17 39   0.501897
17 40   0.501897
18 1   0.495561
18 2   0.495561
18 3   0.495561
18 4   0.495561
18 5   0.495561
18 6   0.495561
18 7   0.495561
18 8   0.495561
18 9   0.495561
18 10   0.495561
18 11   0.495561
18 12   0.495561
18 13   0.495561
18 14   0.495561
18 15   0.495561
18 16   0.495561
18 17   0.495561
18 18   0.495561
18 19   0.495561
18 20   0.495561
18 21   0.495561
18 22   0.495561
18 23   0.495561
18 24   0.495561
18 25   0.495561
18 26   0.495561
18 27   0.495561
18 28   0.495561
18 29   0.495561
18 30   0.495561
18 31   0.495561
18 32   0.495561
18 33   0.495561
18 34   0.495561
18 35   0.495561
18 36   0.495561
18 37   0.495561
18 38   0.495561
18 39   0.495561
18 40   0.495561
19 1   0.496634
19 2   0.496634
19 3   0.496634
19 4   0.496634
19 5   0.496634
19 6   0.496634
19 7   0.496634
19 8   0.496634
19 9   0.496634
19 10   0.496634
19 11   0.496634
19 12   0.496634
19 13   0.496634
19 14   0.496634
19 15   0.496634
19 16   0.496634
19 17   0.496634
19 18   0.496634
19 19   0.496634
19 20   0.496634
19 21   0.496634
19 22   0.496634
19 23   0.496634
19 24   0.496634
19 25   0.496634
19 26   0.496634
19 27   0.496634
19 28   0.496634
19 29   0.496634
19 30   0.496634
19 31   0.496634
19 32   0.496634
19 33   0.496634
19 34   0.496634
19 35   0.496634
19 36   0.496634
19 37   0.496634
19 38   0.496634
19 39   0.496634
19 40   0.496634
20 1   0.503186
20 2   0.503186
20 3   0.503186
20 4   0.503186
20 5   0.503186
20 6   0.503186
20 7   0.503186
20 8   0.503186
20 9   0.503186
20 10   0.503186
20 11   0.503186
20 12   0.503186
20 13   0.503186
20 14   0.503186
20 15   0.503186
20 16   0.503186
20 17   0.503186
20 18   0.503186
20 19   0.503186
20 20   0.503186
20 21   0.503186
20 22   0.503186
20 23   0.503186
20 24   0.503186
20 25   0.503186
20 26   0.503186
20 27   0.503186
20 28   0.503186
20 29   0.503186
20 30   0.503186
20 31   0.503186
20 32   0.503186
20 33   0.503186
20 34   0.503186
20 35   0.503186
20 36   0.503186
20 37   0.503186
20 38   0.503186
20 39   0.503186
20 40   0.503186
21 1   0.504304
21 2   0.504304
21 3   0.504304
21 4   0.504304
21 5   0.504304
21 6   0.504304
21 7   0.504304
21 8   0.504304
21 9   0.504304
21 10   0.504304
21 11   0.504304
21 12   0.504304
21 13   0.504304
21 14   0.504304
21 15   0.504304
21 16   0.504304
21 17   0.504304
21 18   0.504304
21 19   0.504304
21 20   0.504304
21 21   0.504304
21 22   0.504304
21 23   0.504304
21 24   0.504304
21 25   0.504304
21 26   0.504304
21 27   0.504304
21 28   0.504304
21 29   0.504304
21 30   0.504304
21 31   0.504304
21 32   0.504304
21 33   0.504304
21 34   0.504304
21 35   0.504304
21 36   0.504304
21 37   0.504304
21 38   0.504304
21 39   0.504304
21 40   0.504304
22 1   0.497527
22 2   0.497527
22 3   0.497527
22 4   0.497527
22 5   0.497527
22 6   0.497527
22 7   0.497527
22 8   0.497527
22 9   0.497527
22 10   0.497527
22 11   0.497527
22 12   0.497527
22 13   0.497527
22 14   0.497527
22 15   0.497527
22 16   0.497527
22 17   0.497527
22 18   0.497527
22 19   0.497527
22 20   0.497527
22 21   0.497527
22 22   0.497527
22 23   0.497527
22 24   0.497527
22 25   0.497527
22 26   0.497527
22 27   0.497527
22 28   0.497527
22 29   0.497527
22 30   0.497527
22 31   0.497527
22 32   0.497527
22 33   0.497527
22 34   0.497527
22 35   0.497527
22 36   0.497527
22 37   0.497527
22 38   0.497527
22 39   0.497527
22 40   0.497527
23 1   0.493067
23 2   0.493067
23 3   0.493067
23 4   0.493067
23 5   0.493067
23 6   0.493067
23 7   0.493067
23 8   0.493067
23 9   0.493067
23 10   0.493067
23 11   0.493067
23 12   0.493067
23 13   0.493067
23 14   0.493067
23 15   0.493067
23 16   0.493067
23 17   0.493067
23 18   0.493067
23 19   0.493067
23 20   0.493067
23 21   0.493067
23 22   0.493067
23 23   0.493067
23 24   0.493067
23 25   0.493067
23 26   0.493067
23 27   0.493067
23 28   0.493067
23 29   0.493067
23 30   0.493067
23 31   0.493067
23 32   0.493067
23 33   0.493067
23 34   0.493067
23 35   0.493067
23 36   0.493067
23 37   0.493067
23 38   0.493067
23 39   0.493067
23 40   0.493067
24 1   0.499132
24 2   0.499132
24 3   0.499132
24 4   0.499132
24 5   0.499132
24 6   0.499132
24 7   0.499132
24 8   0.499132
24 9   0.499132
24 10   0.499132
24 11   0.499132
24 12   0.499132
24 13   0.499132
24 14   0.499132
24 15   0.499132
24 16   0.499132
24 17   0.499132
24 18   0.499132
24 19   0.499132
24 20   0.499132
24 21   0.499132
24 22   0.499132
24 23   0.499132
24 24   0.499132
24 25   0.499132
24 26   0.499132
24 27   0.499132
24 28   0.499132
24 29   0.499132
24 30   0.499132
24 31   0.499132
24 32   0.499132
24 33   0.499132
24 34   0.499132
24 35   0.499132
24 36   0.499132
24 37   0.499132
24 38   0.499132
24 39   0.499132
24 40   0.499132
25 1   0.509316
25 2   0.509316
25 3   0.509316
25 4   0.509316
25 5   0.509316
25 6   0.509316
25 7   0.509316
25 8   0.509316
25 9   0.509316
25 10   0.509316
25 11   0.509316
25 12   0.509316
25 13   0.509316
25 14   0.509316
25 15   0.509316
25 16   0.509316
25 17   0.509316
25 18   0.509316
25 19   0.509316
25 20   0.509316
25 21   0.509316
25 22   0.509316
25 23   0.509316
25 24   0.509316
25 25   0.509316
25 26   0.509316
25 27   0.509316
25 28   0.509316
25 29   0.509316
25 30   0.509316
25 31   0.509316
25 32   0.509316
25 33   0.509316
25 34   0.509316
25 35   0.509316
25 36   0.509316
25 37   0.509316
25 38   0.509316
25 39   0.509316
25 40   0.509316
26 1   0.509686
26 2   0.509686
26 3   0.509686
26 4   0.509686
26 5   0.509686
26 6   0.509686
26 7   0.509686
26 8   0.509686
26 9   0.509686
26 10   0.509686
26 11   0.509686
26 12   0.509686
26 13   0.509686
26 14   0.509686
26 15   0.509686
26 16   0.509686
26 17   0.509686
26 18   0.509686
26 19   0.509686
26 20   0.509686
26 21   0.509686
26 22   0.509686
26 23   0.509686
26 24   0.509686
26 25   0.509686
26 26   0.509686
26 27   0.509686
26 28   0.509686
26 29   0.509686
26 30   0.509686
26 31   0.509686
26 32   0.509686
26 33   0.509686
26 34   0.509686
26 35   0.509686
26 36   0.509686
26 37   0.509686
26 38   0.509686
26 39   0.509686
26 40   0.509686
27 1   0.497795
27 2   0.497795
27 3   0.497795
27 4   0.497795
27 5   0.497795
27 6   0.497795
27 7   0.497795
27 8   0.497795
27 9   0.497795
27 10   0.497795
27 11   0.497795
27 12   0.497795
27 13   0.497795
27 14   0.497795
27 15   0.497795
27 16   0.497795
27 17   0.497795
27 18   0.497795
27 19   0.497795
27 20   0.497795
27 21   0.497795
27 22   0.497795
27 23   0.497795
27 24   0.497795
27 25   0.497795
27 26   0.497795
27 27   0.497795
27 28   0.497795
27 29   0.497795
27 30   0.497795
27 31   0.497795
27 32   0.497795
27 33   0.497795
27 34   0.497795
27 35   0.497795
27 36   0.497795
27 37   0.497795
27 38   0.497795
27 39   0.497795
27 40   0.497795
28 1   0.487987
28 2   0.487987
28 3   0.487987
28 4   0.487987
28 5   0.487987
28 6   0.487987
28 7   0.487987
28 8   0.487987
28 9   0.487987
28 10   0.487987
28 11   0.487987
28 12   0.487987
28 13   0.487987
28 14   0.487987
28 15   0.487987
28 16   0.487987
28 17   0.487987
28 18   0.487987
28 19   0.487987
28 20   0.487987
28 21   0.487987
28 22   0.487987
28 23   0.487987
28 24   0.487987
28 25   0.487987
28 26   0.487987
28 27   0.487987
28 28   0.487987
28 29   0.487987
28 30   0.487987
28 31   0.487987
28 32   0.487987
28 33   0.487987
28 34   0.487987
28 35   0.487987
28 36   0.487987
28 37   0.487987
28 38   0.487987
28 39   0.487987
28 40   0.487987
29 1   0.495558
29 2   0.495558
29 3   0.495558
29 4   0.495558
29 5   0.495558
29 6   0.495558
29 7   0.495558
29 8   0.495558
29 9   0.495558
29 10   0.495558
29 11   0.495558
29 12   0.495558
29 13   0.495558
29 14   0.495558
29 15   0.495558
29 16   0.495558
29 17   0.495558
29 18   0.495558
29 19   0.495558
29 20   0.495558
29 21   0.495558
29 22   0.495558
29 23   0.495558
29 24   0.495558
29 25   0.495558
29 26   0.495558
29 27   0.495558
29 28   0.495558
29 29   0.495558
29 30   0.495558
29 31   0.495558
29 32   0.495558
29 33   0.495558
29 34   0.495558
29 35   0.495558
29 36   0.495558
29 37   0.495558
29 38   0.495558
29 39   0.495558
29 40   0.495558
30 1   0.519287
30 2   0.519287
30 3   0.519287
30 4   0.519287
30 5   0.519287
30 6   0.519287
30 7   0.519287
30 8   0.519287
30 9   0.519287
30 10   0.519287
30 11   0.519287
30 12   0.519287
30 13   0.519287
30 14   0.519287
30 15   0.519287
30 16   0.519287
30 17   0.519287
30 18   0.519287
30 19   0.519287
30 20   0.519287
30 21   0.519287
30 22   0.519287
30 23   0.519287
30 24   0.519287
30 25   0.519287
30 26   0.519287
30 27   0.519287
30 28   0.519287
30 29   0.519287
30 30   0.519287
30 31   0.519287
30 32   0.519287
30 33   0.519287
30 34   0.519287
30 35   0.519287
30 36   0.519287
30 37   0.519287
30 38   0.519287
30 39   0.519287
30 40   0.519287
31 1   0.543319
31 2   0.543319
31 3   0.543319
31 4   0.543319
31 5   0.543319
31 6   0.543319
31 7   0.543319
31 8   0.543319
31 9   0.543319
31 10   0.543319
31 11   0.543319
31 12   0.543319
31 13   0.543319
31 14   0.543319
31 15   0.543319
31 16   0.543319
31 17   0.543319
31 18   0.543319
31 19   0.543319
31 20   0.543319
31 21   0.543319
31 22   0.543319
31 23   0.543319
31 24   0.543319
31 25   0.543319
31 26   0.543319
31 27   0.543319
31 28   0.543319
31 29   0.543319
31 30   0.543319
31 31   0.543319
31 32   0.543319
31 33   0.543319
31 34   0.543319
31 35   0.543319
31 36   0.543319
31 37   0.543319
31 38   0.543319
31 39   0.543319
31 40   0.543319
32 1   0.555655
32 2   0.555655
32 3   0.555655
32 4   0.555655
32 5   0.555655
32 6   0.555655
32 7   0.555655
32 8   0.555655
32 9   0.555655
32 10   0.555655
32 11   0.555655
32 12   0.555655
32 13   0.555655
32 14   0.555655
32 15   0.555655
32 16   0.555655
32 17   0.555655
32 18   0.555655
32 19   0.555655
32 20   0.555655
32 21   0.555655
32 22   0.555655
32 23   0.555655
32 24   0.555655
32 25   0.555655
32 26   0.555655
32 27   0.555655
32 28   0.555655
32 29   0.555655
32 30   0.555655
32 31   0.555655
32 32   0.555655
32 33   0.555655
32 34   0.555655
32 35   0.555655
32 36   0.555655
32 37   0.555655
32 38   0.555655
32 39   0.555655
32 40   0.555655
33 1   0.561456
33 2   0.561456
33 3   0.561456
33 4   0.561456
33 5   0.561456
33 6   0.561456
33 7   0.561456
33 8   0.561456
33 9   0.561456
33 10   0.561456
33 11   0.561456
33 12   0.561456
33 13   0.561456
33 14   0.561456
33 15   0.561456
33 16   0.561456
33 17   0.561456
33 18   0.561456
33 19   0.561456
33 20   0.561456
33 21   0.561456
33 22   0.561456
33 23   0.561456
33 24   0.561456
33 25   0.561456
33 26   0.561456
33 27   0.561456
33 28   0.561456
33 29   0.561456
33 30   0.561456
33 31   0.561456
33 32   0.561456
33 33   0.561456
33 34   0.561456
33 35   0.561456
33 36   0.561456
33 37   0.561456
33 38   0.561456
33 39   0.561456
33 40   0.561456
34 1   0.577224
34 2   0.577224
34 3   0.577224
34 4   0.577224
34 5   0.577224
34 6   0.577224
34 7   0.577224
34 8   0.577224
34 9   0.577224
34 10   0.577224
34 11   0.577224
34 12   0.577224
34 13   0.577224
34 14   0.577224
34 15   0.577224
34 16   0.577224
34 17   0.577224
34 18   0.577224
34 19   0.577224
34 20   0.577224
34 21   0.577224
34 22   0.577224
34 23   0.577224
34 24   0.577224
34 25   0.577224
34 26   0.577224
34 27   0.577224
34 28   0.577224
34 29   0.577224
34 30   0.577224
34 31   0.577224
34 32   0.577224
34 33   0.577224
34 34   0.577224
34 35   0.577224
34 36   0.577224
34 37   0.577224
34 38   0.577224
34 39   0.577224
34 40   0.577224
35 1   0.618904
35 2   0.618904
35 3   0.618904
35 4   0.618904
35 5   0.618904
35 6   0.618904
35 7   0.618904
35 8   0.618904
35 9   0.618904
35 10   0.618904
35 11   0.618904
35 12   0.618904
35 13   0.618904
35 14   0.618904
35 15   0.618904
35 16   0.618904
35 17   0.618904
35 18   0.618904
35 19   0.618904
35 20   0.618904
35 21   0.618904
35 22   0.618904
35 23   0.618904
35 24   0.618904
35 25   0.618904
35 26   0.618904
35 27   0.618904
35 28   0.618904
35 29   0.618904
35 30   0.618904
35 31   0.618904
35 32   0.618904
35 33   0.618904
35 34   0.618904
35 35   0.618904
35 36   0.618904
35 37   0.618904
35 38   0.618904
35 39   0.618904
35 40   0.618904
36 1   0.696187
36 2   0.696187
36 3   0.696187
36 4   0.696187
36 5   0.696187
36 6   0.696187
36 7   0.696187
36 8   0.696187
36 9   0.696187
36 10   0.696187
36 11   0.696187
36 12   0.696187
36 13   0.696187
36 14   0.696187
36 15   0.696187
36 16   0.696187
36 17   0.696187
36 18   0.696187
36 19   0.696187
36 20   0.696187
36 21   0.696187
36 22   0.696187
36 23   0.696187
36 24   0.696187
36 25   0.696187
36 26   0.696187
36 27   0.696187
36 28   0.696187
36 29   0.696187
36 30   0.696187
36 31   0.696187
36 32   0.696187
36 33   0.696187
36 34   0.696187
36 35   0.696187
36 36   0.696187
36 37   0.696187
36 38   0.696187
36 39   0.696187
36 40   0.696187
37 1   0.807888
37 2   0.807888
37 3   0.807888
37 4   0.807888
37 5   0.807888
37 6   0.807888
37 7   0.807888
37 8   0.807888
37 9   0.807888
37 10   0.807888
37 11   0.807888
37 12   0.807888
37 13   0.807888
37 14   0.807888
37 15   0.807888
37 16   0.807888
37 17   0.807888
37 18   0.807888
37 19   0.807888
37 20   0.807888
37 21   0.807888
37 22   0.807888
37 23   0.807888
37 24   0.807888
37 25   0.807888
37 26   0.807888
37 27   0.807888
37 28   0.807888
37 29   0.807888
37 30   0.807888
37 31   0.807888
37 32   0.807888
37 33   0.807888
37 34   0.807888
37 35   0.807888
37 36   0.807888
37 37   0.807888
37 38   0.807888
37 39   0.807888
37 40   0.807888
38 1   0.934218
38 2   0.934218
38 3   0.934218
38 4   0.934218
38 5   0.934218
38 6   0.934218
38 7   0.934218
38 8   0.934218
38 9   0.934218
38 10   0.934218
38 11   0.934218
38 12   0.934218
38 13   0.934218
38 14   0.934218
38 15   0.934218
38 16   0.934218
38 17   0.934218
38 18   0.934218
38 19   0.934218
38 20   0.934218
38 21   0.934218
38 22   0.934218
38 23   0.934218
38 24   0.934218
38 25   0.934218
38 26   0.934218
38 27   0.934218
38 28   0.934218
38 29   0.934218
38 30   0.934218
38 31   0.934218
38 32   0.934218
38 33   0.934218
38 34   0.934218
38 35   0.934218
38 36   0.934218
38 37   0.934218
38 38   0.934218
38 39   0.934218
38 40   0.934218
39 1   1.04119
39 2   1.04119
39 3   1.04119
39 4   1.04119
39 5   1.04119
39 6   1.04119
39 7   1.04119
39 8   1.04119
39 9   1.04119
39 10   1.04119
39 11   1.04119
39 12   1.04119
39 13   1.04119
39 14   1.04119
39 15   1.04119
39 16   1.04119
39 17   1.04119
39 18   1.04119
39 19   1.04119
39 20   1.04119
39 21   1.04119
39 22   1.04119
39 23   1.04119
39 24   1.04119
39 25   1.04119
39 26   1.04119
39 27   1.04119
39 28   1.04119
39 29   1.04119
39 30   1.04119
39 31   1.04119
39 32   1.04119
39 33   1.04119
39 34   1.04119
39 35   1.04119
39 36   1.04119
39 37   1.04119
39 38   1.04119
39 39   1.04119
39 40   1.04119
40 1   1.10046
40 2   1.10046
40 3   1.10046
40 4   1.10046
40 5   1.10046
40 6   1.10046
40 7   1.10046
40 8   1.10046
40 9   1.10046
40 10   1.10046
40 11   1.10046
40 12   1.10046
40 13   1.10046
40 14   1.10046
40 15   1.10046
40 16   1.10046
40 17   1.10046
40 18   1.10046
40 19   1.10046
40 20   1.10046
40 21   1.10046
40 22   1.10046
40 23   1.10046
40 24   1.10046
40 25   1.10046
40 26   1.10046
40 27   1.10046
40 28   1.10046
40 29   1.10046
40 30   1.10046
40 31   1.10046
40 32   1.10046
40 33   1.10046
40 34   1.10046
40 35   1.10046
40 36   1.10046
40 37   1.10046
40 38   1.10046
40 39   1.10046
40 40   1.10046
