1 1   0.989023
1 2   0.989023
1 3   0.989023
1 4   0.989023
1 5   0.989023
1 6   0.989023
1 7   0.989023
1 8   0.989023
1 9   0.989023
1 10   0.989023
1 11   0.989023
1 12   0.989023
1 13   0.989023
1 14   0.989023
1 15   0.989023
1 16   0.989023
1 17   0.989023
1 18   0.989023
1 19   0.989023
1 20   0.989023
1 21   0.989023
1 22   0.989023
1 23   0.989023
1 24   0.989023
1 25   0.989023
1 26   0.989023
1 27   0.989023
1 28   0.989023
1 29   0.989023
1 30   0.989023
1 31   0.989023
1 32   0.989023
1 33   0.989023
1 34   0.989023
1 35   0.989023
1 36   0.989023
1 37   0.989023
1 38   0.989023
1 39   0.989023
1 40   0.989023
2 1   0.988859
2 2   0.988859
2 3   0.988859
2 4   0.988859
2 5   0.988859
2 6   0.988859
2 7   0.988859
2 8   0.988859
2 9   0.988859
2 10   0.988859
2 11   0.988859
2 12   0.988859
2 13   0.988859
2 14   0.988859
2 15   0.988859
2 16   0.988859
2 17   0.988859
2 18   0.988859
2 19   0.988859
2 20   0.988859
2 21   0.988859
2 22   0.988859
2 23   0.988859
2 24   0.988859
2 25   0.988859
2 26   0.988859
2 27   0.988859
2 28   0.988859
2 29   0.988859
2 30   0.988859
2 31   0.988859
2 32   0.988859
2 33   0.988859
2 34   0.988859
2 35   0.988859
2 36   0.988859
2 37   0.988859
2 38   0.988859
2 39   0.988859
2 40   0.988859
3 1   0.979737
3 2   0.979737
3 3   0.979737
3 4   0.979737
3 5   0.979737
3 6   0.979737
3 7   0.979737
3 8   0.979737
3 9   0.979737
3 10   0.979737
3 11   0.979737
3 12   0.979737
3 13   0.979737
3 14   0.979737
3 15   0.979737
3 16   0.979737
3 17   0.979737
3 18   0.979737
3 19   0.979737
3 20   0.979737
3 21   0.979737
3 22   0.979737
3 23   0.979737
3 24   0.979737
3 25   0.979737
3 26   0.979737
3 27   0.979737
3 28   0.979737
3 29   0.979737
3 30   0.979737
3 31   0.979737
3 32   0.979737
3 33   0.979737
3 34   0.979737
3 35   0.979737
3 36   0.979737
3 37   0.979737
3 38   0.979737
3 39   0.979737
3 40   0.979737
4 1   0.958225
4 2   0.958225
4 3   0.958225
4 4   0.958225
4 5   0.958225
4 6   0.958225
4 7   0.958225
4 8   0.958225
4 9   0.958225
4 10   0.958225
4 11   0.958225
4 12   0.958225
4 13   0.958225
4 14   0.958225
4 15   0.958225
4 16   0.958225
4 17   0.958225
4 18   0.958225
4 19   0.958225
4 20   0.958225
4 21   0.958225
4 22   0.958225
4 23   0.958225
4 24   0.958225
4 25   0.958225
4 26   0.958225
4 27   0.958225
4 28   0.958225
4 29   0.958225
4 30   0.958225
4 31   0.958225
4 32   0.958225
4 33   0.958225
4 34   0.958225
4 35   0.958225
4 36   0.958225
4 37   0.958225
4 38   0.958225
4 39   0.958225
4 40   0.958225
5 1   0.930218
5 2   0.930218
5 3   0.930218
5 4   0.930218
5 5   0.930218
5 6   0.930218
5 7   0.930218
5 8   0.930218
5 9   0.930218
5 10   0.930218
5 11   0.930218
5 12   0.930218
5 13   0.930218
5 14   0.930218
5 15   0.930218
5 16   0.930218
5 17   0.930218
5 18   0.930218
5 19   0.930218
5 20   0.930218
5 21   0.930218
5 22   0.930218
5 23   0.930218
5 24   0.930218
5 25   0.930218
5 26   0.930218
5 27   0.930218
5 28   0.930218
5 29   0.930218
5 30   0.930218
5 31   0.930218
5 32   0.930218
5 33   0.930218
5 34   0.930218
5 35   0.930218
5 36   0.930218
5 37   0.930218
5 38   0.930218
5 39   0.930218
5 40   0.930218
6 1   0.896714
6 2   0.896714
6 3   0.896714
6 4   0.896714
6 5   0.896714
6 6   0.896714
6 7   0.896714
6 8   0.896714
6 9   0.896714
6 10   0.896714
6 11   0.896714
6 12   0.896714
6 13   0.896714
6 14   0.896714
6 15   0.896714
6 16   0.896714
6 17   0.896714
6 18   0.896714
6 19   0.896714
6 20   0.896714
6 21   0.896714
6 22   0.896714
6 23   0.896714
6 24   0.896714
6 25   0.896714
6 26   0.896714
6 27   0.896714
6 28   0.896714
6 29   0.896714
6 30   0.896714
6 31   0.896714
6 32   0.896714
6 33   0.896714
6 34   0.896714
6 35   0.896714
6 36   0.896714
6 37   0.896714
6 38   0.896714
6 39   0.896714
6 40   0.896714
7 1   0.8454
7 2   0.8454
7 3   0.8454
7 4   0.8454
7 5   0.8454
7 6   0.8454
7 7   0.8454
7 8   0.8454
7 9   0.8454
7 10   0.8454
7 11   0.8454
7 12   0.8454
7 13   0.8454
7 14   0.8454
7 15   0.8454
7 16   0.8454
7 17   0.8454
7 18   0.8454
7 19   0.8454
7 20   0.8454
7 21   0.8454
7 22   0.8454
7 23   0.8454
7 24   0.8454
7 25   0.8454
7 26   0.8454
7 27   0.8454
7 28   0.8454
7 29   0.8454
7 30   0.8454
7 31   0.8454
7 32   0.8454
7 33   0.8454
7 34   0.8454
7 35   0.8454
7 36   0.8454
7 37   0.8454
7 38   0.8454
7 39   0.8454
7 40   0.8454
8 1   0.767982
8 2   0.767982
8 3   0.767982
8 4   0.767982
8 5   0.767982
8 6   0.767982
8 7   0.767982
8 8   0.767982
8 9   0.767982
8 10   0.767982
8 11   0.767982
8 12   0.767982
8 13   0.767982
8 14   0.767982
8 15   0.767982
8 16   0.767982
8 17   0.767982
8 18   0.767982
8 19   0.767982
8 20   0.767982
8 21   0.767982
8 22   0.767982
8 23   0.767982
8 24   0.767982
8 25   0.767982
8 26   0.767982
8 27   0.767982
8 28   0.767982
8 29   0.767982
8 30   0.767982
8 31   0.767982
8 32   0.767982
8 33   0.767982
8 34   0.767982
8 35   0.767982
8 36   0.767982
8 37   0.767982
8 38   0.767982
8 39   0.767982
8 40   0.767982
9 1   0.675916
9 2   0.675916
9 3   0.675916
9 4   0.675916
9 5   0.675916
9 6   0.675916
9 7   0.675916
9 8   0.675916
9 9   0.675916
9 10   0.675916
9 11   0.675916
9 12   0.675916
9 13   0.675916
9 14   0.675916
9 15   0.675916
9 16   0.675916
9 17   0.675916
9 18   0.675916
9 19   0.675916
9 20   0.675916
9 21   0.675916
9 22   0.675916
9 23   0.675916
9 24   0.675916
9 25   0.675916
9 26   0.675916
9 27   0.675916
9 28   0.675916
9 29   0.675916
9 30   0.675916
9 31   0.675916
9 32   0.675916
9 33   0.675916
9 34   0.675916
9 35   0.675916
9 36   0.675916
9 37   0.675916
9 38   0.675916
9 39   0.675916
9 40   0.675916
10 1   0.58951
10 2   0.58951
10 3   0.58951
10 4   0.58951
10 5   0.58951
10 6   0.58951
10 7   0.58951
10 8   0.58951
10 9   0.58951
10 10   0.58951
10 11   0.58951
10 12   0.58951
10 13   0.58951
10 14   0.58951
10 15   0.58951
10 16   0.58951
10 17   0.58951
10 18   0.58951
10 19   0.58951
10 20   0.58951
10 21   0.58951
10 22   0.58951
10 23   0.58951
10 24   0.58951
10 25   0.58951
10 26   0.58951
10 27   0.58951
10 28   0.58951
10 29   0.58951
10 30   0.58951
10 31   0.58951
10 32   0.58951
10 33   0.58951
10 34   0.58951
10 35   0.58951
10 36   0.58951
10 37   0.58951
10 38   0.58951
10 39   0.58951
10 40   0.58951
11 1   0.519482
11 2   0.519482
11 3   0.519482
11 4   0.519482
11 5   0.519482
11 6   0.519482
11 7   0.519482
11 8   0.519482
11 9   0.519482
11 10   0.519482
11 11   0.519482
11 12   0.519482
11 13   0.519482
11 14   0.519482
11 15   0.519482
11 16   0.519482
11 17   0.519482
11 18   0.519482
11 19   0.519482
11 20   0.519482
11 21   0.519482
11 22   0.519482
11 23   0.519482
11 24   0.519482
11 25   0.519482
11 26   0.519482
11 27   0.519482
11 28   0.519482
11 29   0.519482
11 30   0.519482
11 31   0.519482
11 32   0.519482
11 33   0.519482
11 34   0.519482
11 35   0.519482
11 36   0.519482
11 37   0.519482
11 38   0.519482
11 39   0.519482
11 40   0.519482
12 1   0.464853
12 2   0.464853
12 3   0.464853
12 4   0.464853
12 5   0.464853
12 6   0.464853
12 7   0.464853
12 8   0.464853
12 9   0.464853
12 10   0.464853
12 11   0.464853
12 12   0.464853
12 13   0.464853
12 14   0.464853
12 15   0.464853
12 16   0.464853
12 17   0.464853
12 18   0.464853
12 19   0.464853
12 20   0.464853
12 21   0.464853
12 22   0.464853
12 23   0.464853
12 24   0.464853
12 25   0.464853
12 26   0.464853
12 27   0.464853
12 28   0.464853
12 29   0.464853
12 30   0.464853
12 31   0.464853
12 32   0.464853
12 33   0.464853
12 34   0.464853
12 35   0.464853
12 36   0.464853
12 37   0.464853
12 38   0.464853
12 39   0.464853
12 40   0.464853
13 1   0.428082
13 2   0.428082
13 3   0.428082
13 4   0.428082
13 5   0.428082
13 6   0.428082
13 7   0.428082
13 8   0.428082
13 9   0.428082
13 10   0.428082
13 11   0.428082
13 12   0.428082
13 13   0.428082
13 14   0.428082
13 15   0.428082
13 16   0.428082
13 17   0.428082
13 18   0.428082
13 19   0.428082
13 20   0.428082
13 21   0.428082
13 22   0.428082
13 23   0.428082
13 24   0.428082
13 25   0.428082
13 26   0.428082
13 27   0.428082
13 28   0.428082
13 29   0.428082
13 30   0.428082
13 31   0.428082
13 32   0.428082
13 33   0.428082
13 34   0.428082
13 35   0.428082
13 36   0.428082
13 37   0.428082
13 38   0.428082
13 39   0.428082
13 40   0.428082
14 1   0.422
14 2   0.422
14 3   0.422
14 4   0.422
14 5   0.422
14 6   0.422
14 7   0.422
14 8   0.422
14 9   0.422
14 10   0.422
14 11   0.422
14 12   0.422
14 13   0.422
14 14   0.422
14 15   0.422
14 16   0.422
14 17   0.422
14 18   0.422
14 19   0.422
14 20   0.422
14 21   0.422
14 22   0.422
14 23   0.422
14 24   0.422
14 25   0.422
14 26   0.422
14 27   0.422
14 28   0.422
14 29   0.422
14 30   0.422
14 31   0.422
14 32   0.422
14 33   0.422
14 34   0.422
14 35   0.422
14 36   0.422
14 37   0.422
14 38   0.422
14 39   0.422
14 40   0.422
15 1   0.452065
15 2   0.452065
15 3   0.452065
15 4   0.452065
15 5   0.452065
15 6   0.452065
15 7   0.452065
15 8   0.452065
15 9   0.452065
15 10   0.452065
15 11   0.452065
15 12   0.452065
15 13   0.452065
15 14   0.452065
15 15   0.452065
15 16   0.452065
15 17   0.452065
15 18   0.452065
15 19   0.452065
15 20   0.452065
15 21   0.452065
15 22   0.452065
15 23   0.452065
15 24   0.452065
15 25   0.452065
15 26   0.452065
15 27   0.452065
15 28   0.452065
15 29   0.452065
15 30   0.452065
15 31   0.452065
15 32   0.452065
15 33   0.452065
15 34   0.452065
15 35   0.452065
15 36   0.452065
15 37   0.452065
15 38   0.452065
15 39   0.452065
15 40   0.452065
16 1   0.502908
16 2   0.502908
16 3   0.502908
16 4   0.502908
16 5   0.502908
16 6   0.502908
16 7   0.502908
16 8   0.502908
16 9   0.502908
16 10   0.502908
16 11   0.502908
16 12   0.502908
16 13   0.502908
16 14   0.502908
16 15   0.502908
16 16   0.502908
16 17   0.502908
16 18   0.502908
16 19   0.502908
16 20   0.502908
16 21   0.502908
16 22   0.502908
16 23   0.502908
16 24   0.502908
16 25   0.502908
16 26   0.502908
16 27   0.502908
16 28   0.502908
16 29   0.502908
16 30   0.502908
16 31   0.502908
16 32   0.502908
16 33   0.502908
16 34   0.502908
16 35   0.502908
16 36   0.502908
16 37   0.502908
16 38   0.502908
16 39   0.502908
16 40   0.502908
17 1   0.546317
17 2   0.546317
17 3   0.546317
17 4   0.546317
17 5   0.546317
17 6   0.546317
17 7   0.546317
17 8   0.546317
17 9   0.546317
17 10   0.546317
17 11   0.546317
17 12   0.546317
17 13   0.546317
17 14   0.546317
17 15   0.546317
17 16   0.546317
17 17   0.546317
17 18   0.546317
17 19   0.546317
17 20   0.546317
17 21   0.546317
17 22   0.546317
17 23   0.546317
17 24   0.546317
17 25   0.546317
17 26   0.546317
17 27   0.546317
17 28   0.546317
17 29   0.546317
17 30   0.546317
17 31   0.546317
17 32   0.546317
17 33   0.546317
17 34   0.546317
17 35   0.546317
17 36   0.546317
17 37   0.546317
17 38   0.546317
17 39   0.546317
17 40   0.546317
18 1   0.556853
18 2   0.556853
18 3   0.556853
18 4   0.556853
18 5   0.556853
18 6   0.556853
18 7   0.556853
18 8   0.556853
18 9   0.556853
18 10   0.556853
18 11   0.556853
18 12   0.556853
18 13   0.556853
18 14   0.556853
18 15   0.556853
18 16   0.556853
18 17   0.556853
18 18   0.556853
18 19   0.556853
18 20   0.556853
18 21   0.556853
18 22   0.556853
18 23   0.556853
18 24   0.556853
18 25   0.556853
18 26   0.556853
18 27   0.556853
18 28   0.556853
18 29   0.556853
18 30   0.556853
18 31   0.556853
18 32   0.556853
18 33   0.556853
18 34   0.556853
18 35   0.556853
18 36   0.556853
18 37   0.556853
18 38   0.556853
18 39   0.556853
18 40   0.556853
19 1   0.526007
19 2   0.526007
19 3   0.526007
19 4   0.526007
19 5   0.526007
19 6   0.526007
19 7   0.526007
19 8   0.526007
19 9   0.526007
19 10   0.526007
19 11   0.526007
19 12   0.526007
19 13   0.526007
19 14   0.526007
19 15   0.526007
19 16   0.526007
19 17   0.526007
19 18   0.526007
19 19   0.526007
19 20   0.526007
19 21   0.526007
19 22   0.526007
19 23   0.526007
19 24   0.526007
19 25   0.526007
19 26   0.526007
19 27   0.526007
19 28   0.526007
19 29   0.526007
19 30   0.526007
19 31   0.526007
19 32   0.526007
19 33   0.526007
19 34   0.526007
19 35   0.526007
19 36   0.526007
19 37   0.526007
19 38   0.526007
19 39   0.526007
19 40   0.526007
20 1   0.474624
20 2   0.474624
20 3   0.474624
20 4   0.474624
20 5   0.474624
20 6   0.474624
20 7   0.474624
20 8   0.474624
20 9   0.474624
20 10   0.474624
20 11   0.474624
20 12   0.474624
20 13   0.474624
20 14   0.474624
20 15   0.474624
20 16   0.474624
20 17   0.474624
20 18   0.474624
20 19   0.474624
20 20   0.474624
20 21   0.474624
20 22   0.474624
20 23   0.474624
20 24   0.474624
20 25   0.474624
20 26   0.474624
20 27   0.474624
20 28   0.474624
20 29   0.474624
20 30   0.474624
20 31   0.474624
20 32   0.474624
20 33   0.474624
20 34   0.474624
20 35   0.474624
20 36   0.474624
20 37   0.474624
20 38   0.474624
20 39   0.474624
20 40   0.474624
21 1   0.442519
21 2   0.442519
21 3   0.442519
21 4   0.442519
21 5   0.442519
21 6   0.442519
21 7   0.442519
21 8   0.442519
21 9   0.442519
21 10   0.442519
21 11   0.442519
21 12   0.442519
21 13   0.442519
21 14   0.442519
21 15   0.442519
21 16   0.442519
21 17   0.442519
21 18   0.442519
21 19   0.442519
21 20   0.442519
21 21   0.442519
21 22   0.442519
21 23   0.442519
21 24   0.442519
21 25   0.442519
21 26   0.442519
21 27   0.442519
21 28   0.442519
21 29   0.442519
21 30   0.442519
21 31   0.442519
21 32   0.442519
21 33   0.442519
21 34   0.442519
21 35   0.442519
21 36   0.442519
21 37   0.442519
21 38   0.442519
21 39   0.442519
21 40   0.442519
22 1   0.453523
22 2   0.453523
22 3   0.453523
22 4   0.453523
22 5   0.453523
22 6   0.453523
22 7   0.453523
22 8   0.453523
22 9   0.453523
22 10   0.453523
22 11   0.453523
22 12   0.453523
22 13   0.453523
22 14   0.453523
22 15   0.453523
22 16   0.453523
22 17   0.453523
22 18   0.453523
22 19   0.453523
22 20   0.453523
22 21   0.453523
22 22   0.453523
22 23   0.453523
22 24   0.453523
22 25   0.453523
22 26   0.453523
22 27   0.453523
22 28   0.453523
22 29   0.453523
22 30   0.453523
22 31   0.453523
22 32   0.453523
22 33   0.453523
22 34   0.453523
22 35   0.453523
22 36   0.453523
22 37   0.453523
22 38   0.453523
22 39   0.453523
22 40   0.453523
23 1   0.498013
23 2   0.498013
23 3   0.498013
23 4   0.498013
23 5   0.498013
23 6   0.498013
23 7   0.498013
23 8   0.498013
23 9   0.498013
23 10   0.498013
23 11   0.498013
23 12   0.498013
23 13   0.498013
23 14   0.498013
23 15   0.498013
23 16   0.498013
23 17   0.498013
23 18   0.498013
23 19   0.498013
23 20   0.498013
23 21   0.498013
23 22   0.498013
23 23   0.498013
23 24   0.498013
23 25   0.498013
23 26   0.498013
23 27   0.498013
23 28   0.498013
23 29   0.498013
23 30   0.498013
23 31   0.498013
23 32   0.498013
23 33   0.498013
23 34   0.498013
23 35   0.498013
23 36   0.498013
23 37   0.498013
23 38   0.498013
23 39   0.498013
23 40   0.498013
24 1   0.547958
24 2   0.547958
24 3   0.547958
24 4   0.547958
24 5   0.547958
24 6   0.547958
24 7   0.547958
24 8   0.547958
24 9   0.547958
24 10   0.547958
24 11   0.547958
24 12   0.547958
24 13   0.547958
24 14   0.547958
24 15   0.547958
24 16   0.547958
24 17   0.547958
24 18   0.547958
24 19   0.547958
24 20   0.547958
24 21   0.547958
24 22   0.547958
24 23   0.547958
24 24   0.547958
24 25   0.547958
24 26   0.547958
24 27   0.547958
24 28   0.547958
24 29   0.547958
24 30   0.547958
24 31   0.547958
24 32   0.547958
24 33   0.547958
24 34   0.547958
24 35   0.547958
24 36   0.547958
24 37   0.547958
24 38   0.547958
24 39   0.547958
24 40   0.547958
25 1   0.577417
25 2   0.577417
25 3   0.577417
25 4   0.577417
25 5   0.577417
25 6   0.577417
25 7   0.577417
25 8   0.577417
25 9   0.577417
25 10   0.577417
25 11   0.577417
25 12   0.577417
25 13   0.577417
25 14   0.577417
25 15   0.577417
25 16   0.577417
25 17   0.577417
25 18   0.577417
25 19   0.577417
25 20   0.577417
25 21   0.577417
25 22   0.577417
25 23   0.577417
25 24   0.577417
25 25   0.577417
25 26   0.577417
25 27   0.577417
25 28   0.577417
25 29   0.577417
25 30   0.577417
25 31   0.577417
25 32   0.577417
25 33   0.577417
25 34   0.577417
25 35   0.577417
25 36   0.577417
25 37   0.577417
25 38   0.577417
25 39   0.577417
25 40   0.577417
26 1   0.572255
26 2   0.572255
26 3   0.572255
26 4   0.572255
26 5   0.572255
26 6   0.572255
26 7   0.572255
26 8   0.572255
26 9   0.572255
26 10   0.572255
26 11   0.572255
26 12   0.572255
26 13   0.572255
26 14   0.572255
26 15   0.572255
26 16   0.572255
26 17   0.572255
26 18   0.572255
26 19   0.572255
26 20   0.572255
26 21   0.572255
26 22   0.572255
26 23   0.572255
26 24   0.572255
26 25   0.572255
26 26   0.572255
26 27   0.572255
26 28   0.572255
26 29   0.572255
26 30   0.572255
26 31   0.572255
26 32   0.572255
26 33   0.572255
26 34   0.572255
26 35   0.572255
26 36   0.572255
26 37   0.572255
26 38   0.572255
26 39   0.572255
26 40   0.572255
27 1   0.535752
27 2   0.535752
27 3   0.535752
27 4   0.535752
27 5   0.535752
27 6   0.535752
27 7   0.535752
27 8   0.535752
27 9   0.535752
27 10   0.535752
27 11   0.535752
27 12   0.535752
27 13   0.535752
27 14   0.535752
27 15   0.535752
27 16   0.535752
27 17   0.535752
27 18   0.535752
27 19   0.535752
27 20   0.535752
27 21   0.535752
27 22   0.535752
27 23   0.535752
27 24   0.535752
27 25   0.535752
27 26   0.535752
27 27   0.535752
27 28   0.535752
27 29   0.535752
27 30   0.535752
27 31   0.535752
27 32   0.535752
27 33   0.535752
27 34   0.535752
27 35   0.535752
27 36   0.535752
27 37   0.535752
27 38   0.535752
27 39   0.535752
27 40   0.535752
28 1   0.480356
28 2   0.480356
28 3   0.480356
28 4   0.480356
28 5   0.480356
28 6   0.480356
28 7   0.480356
28 8   0.480356
28 9   0.480356
28 10   0.480356
28 11   0.480356
28 12   0.480356
28 13   0.480356
28 14   0.480356
28 15   0.480356
28 16   0.480356
28 17   0.480356
28 18   0.480356
28 19   0.480356
28 20   0.480356
28 21   0.480356
28 22   0.480356
28 23   0.480356
28 24   0.480356
28 25   0.480356
28 26   0.480356
28 27   0.480356
28 28   0.480356
28 29   0.480356
28 30   0.480356
28 31   0.480356
28 32   0.480356
28 33   0.480356
28 34   0.480356
28 35   0.480356
28 36   0.480356
28 37   0.480356
28 38   0.480356
28 39   0.480356
28 40   0.480356
29 1   0.410295
29 2   0.410295
29 3   0.410295
29 4   0.410295
29 5   0.410295
29 6   0.410295
29 7   0.410295
29 8   0.410295
29 9   0.410295
29 10   0.410295
29 11   0.410295
29 12   0.410295
29 13   0.410295
29 14   0.410295
29 15   0.410295
29 16   0.410295
29 17   0.410295
29 18   0.410295
29 19   0.410295
29 20   0.410295
29 21   0.410295
29 22   0.410295
29 23   0.410295
29 24   0.410295
29 25   0.410295
29 26   0.410295
29 27   0.410295
29 28   0.410295
29 29   0.410295
29 30   0.410295
29 31   0.410295
29 32   0.410295
29 33   0.410295
29 34   0.410295
29 35   0.410295
29 36   0.410295
29 37   0.410295
29 38   0.410295
29 39   0.410295
29 40   0.410295
30 1   0.324269
30 2   0.324269
30 3   0.324269
30 4   0.324269
30 5   0.324269
30 6   0.324269
30 7   0.324269
30 8   0.324269
30 9   0.324269
30 10   0.324269
30 11   0.324269
30 12   0.324269
30 13   0.324269
30 14   0.324269
30 15   0.324269
30 16   0.324269
30 17   0.324269
30 18   0.324269
30 19   0.324269
30 20   0.324269
30 21   0.324269
30 22   0.324269
30 23   0.324269
30 24   0.324269
30 25   0.324269
30 26   0.324269
30 27   0.324269
30 28   0.324269
30 29   0.324269
30 30   0.324269
30 31   0.324269
30 32   0.324269
30 33   0.324269
30 34   0.324269
30 35   0.324269
30 36   0.324269
30 37   0.324269
30 38   0.324269
30 39   0.324269
30 40   0.324269
31 1   0.232242
31 2   0.232242
31 3   0.232242
31 4   0.232242
31 5   0.232242
31 6   0.232242
31 7   0.232242
31 8   0.232242
31 9   0.232242
31 10   0.232242
31 11   0.232242
31 12   0.232242
31 13   0.232242
31 14   0.232242
31 15   0.232242
31 16   0.232242
31 17   0.232242
31 18   0.232242
31 19   0.232242
31 20   0.232242
31 21   0.232242
31 22   0.232242
31 23   0.232242
31 24   0.232242
31 25   0.232242
31 26   0.232242
31 27   0.232242
31 28   0.232242
31 29   0.232242
31 30   0.232242
31 31   0.232242
31 32   0.232242
31 33   0.232242
31 34   0.232242
31 35   0.232242
31 36   0.232242
31 37   0.232242
31 38   0.232242
31 39   0.232242
31 40   0.232242
32 1   0.154997
32 2   0.154997
32 3   0.154997
32 4   0.154997
32 5   0.154997
32 6   0.154997
32 7   0.154997
32 8   0.154997
32 9   0.154997
32 10   0.154997
32 11   0.154997
32 12   0.154997
32 13   0.154997
32 14   0.154997
32 15   0.154997
32 16   0.154997
32 17   0.154997
32 18   0.154997
32 19   0.154997
32 20   0.154997
32 21   0.154997
32 22   0.154997
32 23   0.154997
32 24   0.154997
32 25   0.154997
32 26   0.154997
32 27   0.154997
32 28   0.154997
32 29   0.154997
32 30   0.154997
32 31   0.154997
32 32   0.154997
32 33   0.154997
32 34   0.154997
32 35   0.154997
32 36   0.154997
32 37   0.154997
32 38   0.154997
32 39   0.154997
32 40   0.154997
33 1   0.103148
33 2   0.103148
33 3   0.103148
33 4   0.103148
33 5   0.103148
33 6   0.103148
33 7   0.103148
33 8   0.103148
33 9   0.103148
33 10   0.103148
33 11   0.103148
33 12   0.103148
33 13   0.103148
33 14   0.103148
33 15   0.103148
33 16   0.103148
33 17   0.103148
33 18   0.103148
33 19   0.103148
33 20   0.103148
33 21   0.103148
33 22   0.103148
33 23   0.103148
33 24   0.103148
33 25   0.103148
33 26   0.103148
33 27   0.103148
33 28   0.103148
33 29   0.103148
33 30   0.103148
33 31   0.103148
33 32   0.103148
33 33   0.103148
33 34   0.103148
33 35   0.103148
33 36   0.103148
33 37   0.103148
33 38   0.103148
33 39   0.103148
33 40   0.103148
34 1   0.0690557
34 2   0.0690557
34 3   0.0690557
34 4   0.0690557
34 5   0.0690557
34 6   0.0690557
34 7   0.0690557
34 8   0.0690557
34 9   0.0690557
34 10   0.0690557
34 11   0.0690557
34 12   0.0690557
34 13   0.0690557
34 14   0.0690557
34 15   0.0690557
34 16   0.0690557
34 17   0.0690557
34 18   0.0690557
34 19   0.0690557
34 20   0.0690557
34 21   0.0690557
34 22   0.0690557
34 23   0.0690557
34 24   0.0690557
34 25   0.0690557
34 26   0.0690557
34 27   0.0690557
34 28   0.0690557
34 29   0.0690557
34 30   0.0690557
34 31   0.0690557
34 32   0.0690557
34 33   0.0690557
34 34   0.0690557
34 35   0.0690557
34 36   0.0690557
34 37   0.0690557
34 38   0.0690557
34 39   0.0690557
34 40   0.0690557
35 1   0.0418483
35 2   0.0418483
35 3   0.0418483
35 4   0.0418483
35 5   0.0418483
35 6   0.0418483
35 7   0.0418483
35 8   0.0418483
35 9   0.0418483
35 10   0.0418483
35 11   0.0418483
35 12   0.0418483
35 13   0.0418483
35 14   0.0418483
35 15   0.0418483
35 16   0.0418483
35 17   0.0418483
35 18   0.0418483
35 19   0.0418483
35 20   0.0418483
35 21   0.0418483
35 22   0.0418483
35 23   0.0418483
35 24   0.0418483
35 25   0.0418483
35 26   0.0418483
35 27   0.0418483
35 28   0.0418483
35 29   0.0418483
35 30   0.0418483
35 31   0.0418483
35 32   0.0418483
35 33   0.0418483
35 34   0.0418483
35 35   0.0418483
35 36   0.0418483
35 37   0.0418483
35 38   0.0418483
35 39   0.0418483
35 40   0.0418483
36 1   0.0207803
36 2   0.0207803
36 3   0.0207803
36 4   0.0207803
36 5   0.0207803
36 6   0.0207803
36 7   0.0207803
36 8   0.0207803
36 9   0.0207803
36 10   0.0207803
36 11   0.0207803
36 12   0.0207803
36 13   0.0207803
36 14   0.0207803
36 15   0.0207803
36 16   0.0207803
36 17   0.0207803
36 18   0.0207803
36 19   0.0207803
36 20   0.0207803
36 21   0.0207803
36 22   0.0207803
36 23   0.0207803
36 24   0.0207803
36 25   0.0207803
36 26   0.0207803
36 27   0.0207803
36 28   0.0207803
36 29   0.0207803
36 30   0.0207803
36 31   0.0207803
36 32   0.0207803
36 33   0.0207803
36 34   0.0207803
36 35   0.0207803
36 36   0.0207803
36 37   0.0207803
36 38   0.0207803
36 39   0.0207803
36 40   0.0207803
37 1   0.00973219
37 2   0.00973219
37 3   0.00973219
37 4   0.00973219
37 5   0.00973219
37 6   0.00973219
37 7   0.00973219
37 8   0.00973219
37 9   0.00973219
37 10   0.00973219
37 11   0.00973219
37 12   0.00973219
37 13   0.00973219
37 14   0.00973219
37 15   0.00973219
37 16   0.00973219
37 17   0.00973219
37 18   0.00973219
37 19   0.00973219
37 20   0.00973219
37 21   0.00973219
37 22   0.00973219
37 23   0.00973219
37 24   0.00973219
37 25   0.00973219
37 26   0.00973219
37 27   0.00973219
37 28   0.00973219
37 29   0.00973219
37 30   0.00973219
37 31   0.00973219
37 32   0.00973219
37 33   0.00973219
37 34   0.00973219
37 35   0.00973219
37 36   0.00973219
37 37   0.00973219
37 38   0.00973219
37 39   0.00973219
37 40   0.00973219
38 1   0.00681548
38 2   0.00681548
38 3   0.00681548
38 4   0.00681548
38 5   0.00681548
38 6   0.00681548
38 7   0.00681548
38 8   0.00681548
38 9   0.00681548
38 10   0.00681548
38 11   0.00681548
38 12   0.00681548
38 13   0.00681548
38 14   0.00681548
38 15   0.00681548
38 16   0.00681548
38 17   0.00681548
38 18   0.00681548
38 19   0.00681548
38 20   0.00681548
38 21   0.00681548
38 22   0.00681548
38 23   0.00681548
38 24   0.00681548
38 25   0.00681548
38 26   0.00681548
38 27   0.00681548
38 28   0.00681548
38 29   0.00681548
38 30   0.00681548
38 31   0.00681548
38 32   0.00681548
38 33   0.00681548
38 34   0.00681548
38 35   0.00681548
38 36   0.00681548
38 37   0.00681548
38 38   0.00681548
38 39   0.00681548
38 40   0.00681548
39 1   0.00480585
39 2   0.00480585
39 3   0.00480585
39 4   0.00480585
39 5   0.00480585
39 6   0.00480585
39 7   0.00480585
39 8   0.00480585
39 9   0.00480585
39 10   0.00480585
39 11   0.00480585
39 12   0.00480585
39 13   0.00480585
39 14   0.00480585
39 15   0.00480585
39 16   0.00480585
39 17   0.00480585
39 18   0.00480585
39 19   0.00480585
39 20   0.00480585
39 21   0.00480585
39 22   0.00480585
39 23   0.00480585
39 24   0.00480585
39 25   0.00480585
39 26   0.00480585
39 27   0.00480585
39 28   0.00480585
39 29   0.00480585
39 30   0.00480585
39 31   0.00480585
39 32   0.00480585
39 33   0.00480585
39 34   0.00480585
39 35   0.00480585
39 36   0.00480585
39 37   0.00480585
39 38   0.00480585
39 39   0.00480585
39 40   0.00480585
40 1   0.00154133
40 2   0.00154133
40 3   0.00154133
40 4   0.00154133
40 5   0.00154133
40 6   0.00154133
40 7   0.00154133
40 8   0.00154133
40 9   0.00154133
40 10   0.00154133
40 11   0.00154133
40 12   0.00154133
40 13   0.00154133
40 14   0.00154133
40 15   0.00154133
40 16   0.00154133
40 17   0.00154133
40 18   0.00154133
40 19   0.00154133
40 20   0.00154133
40 21   0.00154133
40 22   0.00154133
40 23   0.00154133
40 24   0.00154133
40 25   0.00154133
40 26   0.00154133
40 27   0.00154133
40 28   0.00154133
40 29   0.00154133
40 30   0.00154133
40 31   0.00154133
40 32   0.00154133
40 33   0.00154133
40 34   0.00154133
40 35   0.00154133
40 36   0.00154133
40 37   0.00154133
40 38   0.00154133
40 39   0.00154133
40 40   0.00154133
