1 1   0.026504
1 2   0.026504
1 3   0.026504
1 4   0.026504
1 5   0.026504
1 6   0.026504
1 7   0.026504
1 8   0.026504
1 9   0.026504
1 10   0.026504
1 11   0.026504
1 12   0.026504
1 13   0.026504
1 14   0.026504
1 15   0.026504
1 16   0.026504
1 17   0.026504
1 18   0.026504
1 19   0.026504
1 20   0.026504
1 21   0.026504
1 22   0.026504
1 23   0.026504
1 24   0.026504
1 25   0.026504
1 26   0.026504
1 27   0.026504
1 28   0.026504
1 29   0.026504
1 30   0.026504
1 31   0.026504
1 32   0.026504
1 33   0.026504
1 34   0.026504
1 35   0.026504
1 36   0.026504
1 37   0.026504
1 38   0.026504
1 39   0.026504
1 40   0.026504
2 1   -0.0128694
2 2   -0.0128694
2 3   -0.0128694
2 4   -0.0128694
2 5   -0.0128694
2 6   -0.0128694
2 7   -0.0128694
2 8   -0.0128694
2 9   -0.0128694
2 10   -0.0128694
2 11   -0.0128694
2 12   -0.0128694
2 13   -0.0128694
2 14   -0.0128694
2 15   -0.0128694
2 16   -0.0128694
2 17   -0.0128694
2 18   -0.0128694
2 19   -0.0128694
2 20   -0.0128694
2 21   -0.0128694
2 22   -0.0128694
2 23   -0.0128694
2 24   -0.0128694
2 25   -0.0128694
2 26   -0.0128694
2 27   -0.0128694
2 28   -0.0128694
2 29   -0.0128694
2 30   -0.0128694
2 31   -0.0128694
2 32   -0.0128694
2 33   -0.0128694
2 34   -0.0128694
2 35   -0.0128694
2 36   -0.0128694
2 37   -0.0128694
2 38   -0.0128694
2 39   -0.0128694
2 40   -0.0128694
3 1   -0.036789
3 2   -0.036789
3 3   -0.036789
3 4   -0.036789
3 5   -0.036789
3 6   -0.036789
3 7   -0.036789
3 8   -0.036789
3 9   -0.036789
3 10   -0.036789
3 11   -0.036789
3 12   -0.036789
3 13   -0.036789
3 14   -0.036789
3 15   -0.036789
3 16   -0.036789
3 17   -0.036789
3 18   -0.036789
3 19   -0.036789
3 20   -0.036789
3 21   -0.036789
3 22   -0.036789
3 23   -0.036789
3 24   -0.036789
3 25   -0.036789
3 26   -0.036789
3 27   -0.036789
3 28   -0.036789
3 29   -0.036789
3 30   -0.036789
3 31   -0.036789
3 32   -0.036789
3 33   -0.036789
3 34   -0.036789
3 35   -0.036789
3 36   -0.036789
3 37   -0.036789
3 38   -0.036789
3 39   -0.036789
3 40   -0.036789
4 1   -0.0143434
4 2   -0.0143434
4 3   -0.0143434
4 4   -0.0143434
4 5   -0.0143434
4 6   -0.0143434
4 7   -0.0143434
4 8   -0.0143434
4 9   -0.0143434
4 10   -0.0143434
4 11   -0.0143434
4 12   -0.0143434
4 13   -0.0143434
4 14   -0.0143434
4 15   -0.0143434
4 16   -0.0143434
4 17   -0.0143434
4 18   -0.0143434
4 19   -0.0143434
4 20   -0.0143434
4 21   -0.0143434
4 22   -0.0143434
4 23   -0.0143434
4 24   -0.0143434
4 25   -0.0143434
4 26   -0.0143434
4 27   -0.0143434
4 28   -0.0143434
4 29   -0.0143434
4 30   -0.0143434
4 31   -0.0143434
4 32   -0.0143434
4 33   -0.0143434
4 34   -0.0143434
4 35   -0.0143434
4 36   -0.0143434
4 37   -0.0143434
4 38   -0.0143434
4 39   -0.0143434
4 40   -0.0143434
5 1   0.0323016
5 2   0.0323016
5 3   0.0323016
5 4   0.0323016
5 5   0.0323016
5 6   0.0323016
5 7   0.0323016
5 8   0.0323016
5 9   0.0323016
5 10   0.0323016
5 11   0.0323016
5 12   0.0323016
5 13   0.0323016
5 14   0.0323016
5 15   0.0323016
5 16   0.0323016
5 17   0.0323016
5 18   0.0323016
5 19   0.0323016
5 20   0.0323016
5 21   0.0323016
5 22   0.0323016
5 23   0.0323016
5 24   0.0323016
5 25   0.0323016
5 26   0.0323016
5 27   0.0323016
5 28   0.0323016
5 29   0.0323016
5 30   0.0323016
5 31   0.0323016
5 32   0.0323016
5 33   0.0323016
5 34   0.0323016
5 35   0.0323016
5 36   0.0323016
5 37   0.0323016
5 38   0.0323016
5 39   0.0323016
5 40   0.0323016
6 1   0.0536958
6 2   0.0536958
6 3   0.0536958
6 4   0.0536958
6 5   0.0536958
6 6   0.0536958
6 7   0.0536958
6 8   0.0536958
6 9   0.0536958
6 10   0.0536958
6 11   0.0536958
6 12   0.0536958
6 13   0.0536958
6 14   0.0536958
6 15   0.0536958
6 16   0.0536958
6 17   0.0536958
6 18   0.0536958
6 19   0.0536958
6 20   0.0536958
6 21   0.0536958
6 22   0.0536958
6 23   0.0536958
6 24   0.0536958
6 25   0.0536958
6 26   0.0536958
6 27   0.0536958
6 28   0.0536958
6 29   0.0536958
6 30   0.0536958
6 31   0.0536958
6 32   0.0536958
6 33   0.0536958
6 34   0.0536958
6 35   0.0536958
6 36   0.0536958
6 37   0.0536958
6 38   0.0536958
6 39   0.0536958
6 40   0.0536958
7 1   0.0171865
7 2   0.0171865
7 3   0.0171865
7 4   0.0171865
7 5   0.0171865
7 6   0.0171865
7 7   0.0171865
7 8   0.0171865
7 9   0.0171865
7 10   0.0171865
7 11   0.0171865
7 12   0.0171865
7 13   0.0171865
7 14   0.0171865
7 15   0.0171865
7 16   0.0171865
7 17   0.0171865
7 18   0.0171865
7 19   0.0171865
7 20   0.0171865
7 21   0.0171865
7 22   0.0171865
7 23   0.0171865
7 24   0.0171865
7 25   0.0171865
7 26   0.0171865
7 27   0.0171865
7 28   0.0171865
7 29   0.0171865
7 30   0.0171865
7 31   0.0171865
7 32   0.0171865
7 33   0.0171865
7 34   0.0171865
7 35   0.0171865
7 36   0.0171865
7 37   0.0171865
7 38   0.0171865
7 39   0.0171865
7 40   0.0171865
8 1   -0.0406629
8 2   -0.0406629
8 3   -0.0406629
8 4   -0.0406629
8 5   -0.0406629
8 6   -0.0406629
8 7   -0.0406629
8 8   -0.0406629
8 9   -0.0406629
8 10   -0.0406629
8 11   -0.0406629
8 12   -0.0406629
8 13   -0.0406629
8 14   -0.0406629
8 15   -0.0406629
8 16   -0.0406629
8 17   -0.0406629
8 18   -0.0406629
8 19   -0.0406629
8 20   -0.0406629
8 21   -0.0406629
8 22   -0.0406629
8 23   -0.0406629
8 24   -0.0406629
8 25   -0.0406629
8 26   -0.0406629
8 27   -0.0406629
8 28   -0.0406629
8 29   -0.0406629
8 30   -0.0406629
8 31   -0.0406629
8 32   -0.0406629
8 33   -0.0406629
8 34   -0.0406629
8 35   -0.0406629
8 36   -0.0406629
8 37   -0.0406629
8 38   -0.0406629
8 39   -0.0406629
8 40   -0.0406629
9 1   -0.0738856
9 2   -0.0738856
9 3   -0.0738856
9 4   -0.0738856
9 5   -0.0738856
9 6   -0.0738856
9 7   -0.0738856
9 8   -0.0738856
9 9   -0.0738856
9 10   -0.0738856
9 11   -0.0738856
9 12   -0.0738856
9 13   -0.0738856
9 14   -0.0738856
9 15   -0.0738856
9 16   -0.0738856
9 17   -0.0738856
9 18   -0.0738856
9 19   -0.0738856
9 20   -0.0738856
9 21   -0.0738856
9 22   -0.0738856
9 23   -0.0738856
9 24   -0.0738856
9 25   -0.0738856
9 26   -0.0738856
9 27   -0.0738856
9 28   -0.0738856
9 29   -0.0738856
9 30   -0.0738856
9 31   -0.0738856
9 32   -0.0738856
9 33   -0.0738856
9 34   -0.0738856
9 35   -0.0738856
9 36   -0.0738856
9 37   -0.0738856
9 38   -0.0738856
9 39   -0.0738856
9 40   -0.0738856
10 1   -0.0720056
10 2   -0.0720056
10 3   -0.0720056
10 4   -0.0720056
10 5   -0.0720056
10 6   -0.0720056
10 7   -0.0720056
10 8   -0.0720056
10 9   -0.0720056
10 10   -0.0720056
10 11   -0.0720056
10 12   -0.0720056
10 13   -0.0720056
10 14   -0.0720056
10 15   -0.0720056
10 16   -0.0720056
10 17   -0.0720056
10 18   -0.0720056
10 19   -0.0720056
10 20   -0.0720056
10 21   -0.0720056
10 22   -0.0720056
10 23   -0.0720056
10 24   -0.0720056
10 25   -0.0720056
10 26   -0.0720056
10 27   -0.0720056
10 28   -0.0720056
10 29   -0.0720056
10 30   -0.0720056
10 31   -0.0720056
10 32   -0.0720056
10 33   -0.0720056
10 34   -0.0720056
10 35   -0.0720056
10 36   -0.0720056
10 37   -0.0720056
10 38   -0.0720056
10 39   -0.0720056
10 40   -0.0720056
11 1   -0.0344896
11 2   -0.0344896
11 3   -0.0344896
11 4   -0.0344896
11 5   -0.0344896
11 6   -0.0344896
11 7   -0.0344896
11 8   -0.0344896
11 9   -0.0344896
11 10   -0.0344896
11 11   -0.0344896
11 12   -0.0344896
11 13   -0.0344896
11 14   -0.0344896
11 15   -0.0344896
11 16   -0.0344896
11 17   -0.0344896
11 18   -0.0344896
11 19   -0.0344896
11 20   -0.0344896
11 21   -0.0344896
11 22   -0.0344896
11 23   -0.0344896
11 24   -0.0344896
11 25   -0.0344896
11 26   -0.0344896
11 27   -0.0344896
11 28   -0.0344896
11 29   -0.0344896
11 30   -0.0344896
11 31   -0.0344896
11 32   -0.0344896
11 33   -0.0344896
11 34   -0.0344896
11 35   -0.0344896
11 36   -0.0344896
11 37   -0.0344896
11 38   -0.0344896
11 39   -0.0344896
11 40   -0.0344896
12 1   0.0449068
12 2   0.0449068
12 3   0.0449068
12 4   0.0449068
12 5   0.0449068
12 6   0.0449068
12 7   0.0449068
12 8   0.0449068
12 9   0.0449068
12 10   0.0449068
12 11   0.0449068
12 12   0.0449068
12 13   0.0449068
12 14   0.0449068
12 15   0.0449068
12 16   0.0449068
12 17   0.0449068
12 18   0.0449068
12 19   0.0449068
12 20   0.0449068
12 21   0.0449068
12 22   0.0449068
12 23   0.0449068
12 24   0.0449068
12 25   0.0449068
12 26   0.0449068
12 27   0.0449068
12 28   0.0449068
12 29   0.0449068
12 30   0.0449068
12 31   0.0449068
12 32   0.0449068
12 33   0.0449068
12 34   0.0449068
12 35   0.0449068
12 36   0.0449068
12 37   0.0449068
12 38   0.0449068
12 39   0.0449068
12 40   0.0449068
13 1   0.152198
13 2   0.152198
13 3   0.152198
13 4   0.152198
13 5   0.152198
13 6   0.152198
13 7   0.152198
13 8   0.152198
13 9   0.152198
13 10   0.152198
13 11   0.152198
13 12   0.152198
13 13   0.152198
13 14   0.152198
13 15   0.152198
13 16   0.152198
13 17   0.152198
13 18   0.152198
13 19   0.152198
13 20   0.152198
13 21   0.152198
13 22   0.152198
13 23   0.152198
13 24   0.152198
13 25   0.152198
13 26   0.152198
13 27   0.152198
13 28   0.152198
13 29   0.152198
13 30   0.152198
13 31   0.152198
13 32   0.152198
13 33   0.152198
13 34   0.152198
13 35   0.152198
13 36   0.152198
13 37   0.152198
13 38   0.152198
13 39   0.152198
13 40   0.152198
14 1   0.256491
14 2   0.256491
14 3   0.256491
14 4   0.256491
14 5   0.256491
14 6   0.256491
14 7   0.256491
14 8   0.256491
14 9   0.256491
14 10   0.256491
14 11   0.256491
14 12   0.256491
14 13   0.256491
14 14   0.256491
14 15   0.256491
14 16   0.256491
14 17   0.256491
14 18   0.256491
14 19   0.256491
14 20   0.256491
14 21   0.256491
14 22   0.256491
14 23   0.256491
14 24   0.256491
14 25   0.256491
14 26   0.256491
14 27   0.256491
14 28   0.256491
14 29   0.256491
14 30   0.256491
14 31   0.256491
14 32   0.256491
14 33   0.256491
14 34   0.256491
14 35   0.256491
14 36   0.256491
14 37   0.256491
14 38   0.256491
14 39   0.256491
14 40   0.256491
15 1   0.338788
15 2   0.338788
15 3   0.338788
15 4   0.338788
15 5   0.338788
15 6   0.338788
15 7   0.338788
15 8   0.338788
15 9   0.338788
15 10   0.338788
15 11   0.338788
15 12   0.338788
15 13   0.338788
15 14   0.338788
15 15   0.338788
15 16   0.338788
15 17   0.338788
15 18   0.338788
15 19   0.338788
15 20   0.338788
15 21   0.338788
15 22   0.338788
15 23   0.338788
15 24   0.338788
15 25   0.338788
15 26   0.338788
15 27   0.338788
15 28   0.338788
15 29   0.338788
15 30   0.338788
15 31   0.338788
15 32   0.338788
15 33   0.338788
15 34   0.338788
15 35   0.338788
15 36   0.338788
15 37   0.338788
15 38   0.338788
15 39   0.338788
15 40   0.338788
16 1   0.399907
16 2   0.399907
16 3   0.399907
16 4   0.399907
16 5   0.399907
16 6   0.399907
16 7   0.399907
16 8   0.399907
16 9   0.399907
16 10   0.399907
16 11   0.399907
16 12   0.399907
16 13   0.399907
16 14   0.399907
16 15   0.399907
16 16   0.399907
16 17   0.399907
16 18   0.399907
16 19   0.399907
16 20   0.399907
16 21   0.399907
16 22   0.399907
16 23   0.399907
16 24   0.399907
16 25   0.399907
16 26   0.399907
16 27   0.399907
16 28   0.399907
16 29   0.399907
16 30   0.399907
16 31   0.399907
16 32   0.399907
16 33   0.399907
16 34   0.399907
16 35   0.399907
16 36   0.399907
16 37   0.399907
16 38   0.399907
16 39   0.399907
16 40   0.399907
17 1   0.444041
17 2   0.444041
17 3   0.444041
17 4   0.444041
17 5   0.444041
17 6   0.444041
17 7   0.444041
17 8   0.444041
17 9   0.444041
17 10   0.444041
17 11   0.444041
17 12   0.444041
17 13   0.444041
17 14   0.444041
17 15   0.444041
17 16   0.444041
17 17   0.444041
17 18   0.444041
17 19   0.444041
17 20   0.444041
17 21   0.444041
17 22   0.444041
17 23   0.444041
17 24   0.444041
17 25   0.444041
17 26   0.444041
17 27   0.444041
17 28   0.444041
17 29   0.444041
17 30   0.444041
17 31   0.444041
17 32   0.444041
17 33   0.444041
17 34   0.444041
17 35   0.444041
17 36   0.444041
17 37   0.444041
17 38   0.444041
17 39   0.444041
17 40   0.444041
18 1   0.471434
18 2   0.471434
18 3   0.471434
18 4   0.471434
18 5   0.471434
18 6   0.471434
18 7   0.471434
18 8   0.471434
18 9   0.471434
18 10   0.471434
18 11   0.471434
18 12   0.471434
18 13   0.471434
18 14   0.471434
18 15   0.471434
18 16   0.471434
18 17   0.471434
18 18   0.471434
18 19   0.471434
18 20   0.471434
18 21   0.471434
18 22   0.471434
18 23   0.471434
18 24   0.471434
18 25   0.471434
18 26   0.471434
18 27   0.471434
18 28   0.471434
18 29   0.471434
18 30   0.471434
18 31   0.471434
18 32   0.471434
18 33   0.471434
18 34   0.471434
18 35   0.471434
18 36   0.471434
18 37   0.471434
18 38   0.471434
18 39   0.471434
18 40   0.471434
19 1   0.48627
19 2   0.48627
19 3   0.48627
19 4   0.48627
19 5   0.48627
19 6   0.48627
19 7   0.48627
19 8   0.48627
19 9   0.48627
19 10   0.48627
19 11   0.48627
19 12   0.48627
19 13   0.48627
19 14   0.48627
19 15   0.48627
19 16   0.48627
19 17   0.48627
19 18   0.48627
19 19   0.48627
19 20   0.48627
19 21   0.48627
19 22   0.48627
19 23   0.48627
19 24   0.48627
19 25   0.48627
19 26   0.48627
19 27   0.48627
19 28   0.48627
19 29   0.48627
19 30   0.48627
19 31   0.48627
19 32   0.48627
19 33   0.48627
19 34   0.48627
19 35   0.48627
19 36   0.48627
19 37   0.48627
19 38   0.48627
19 39   0.48627
19 40   0.48627
20 1   0.492992
20 2   0.492992
20 3   0.492992
20 4   0.492992
20 5   0.492992
20 6   0.492992
20 7   0.492992
20 8   0.492992
20 9   0.492992
20 10   0.492992
20 11   0.492992
20 12   0.492992
20 13   0.492992
20 14   0.492992
20 15   0.492992
20 16   0.492992
20 17   0.492992
20 18   0.492992
20 19   0.492992
20 20   0.492992
20 21   0.492992
20 22   0.492992
20 23   0.492992
20 24   0.492992
20 25   0.492992
20 26   0.492992
20 27   0.492992
20 28   0.492992
20 29   0.492992
20 30   0.492992
20 31   0.492992
20 32   0.492992
20 33   0.492992
20 34   0.492992
20 35   0.492992
20 36   0.492992
20 37   0.492992
20 38   0.492992
20 39   0.492992
20 40   0.492992
21 1   0.496837
21 2   0.496837
21 3   0.496837
21 4   0.496837
21 5   0.496837
21 6   0.496837
21 7   0.496837
21 8   0.496837
21 9   0.496837
21 10   0.496837
21 11   0.496837
21 12   0.496837
21 13   0.496837
21 14   0.496837
21 15   0.496837
21 16   0.496837
21 17   0.496837
21 18   0.496837
21 19   0.496837
21 20   0.496837
21 21   0.496837
21 22   0.496837
21 23   0.496837
21 24   0.496837
21 25   0.496837
21 26   0.496837
21 27   0.496837
21 28   0.496837
21 29   0.496837
21 30   0.496837
21 31   0.496837
21 32   0.496837
21 33   0.496837
21 34   0.496837
21 35   0.496837
21 36   0.496837
21 37   0.496837
21 38   0.496837
21 39   0.496837
21 40   0.496837
22 1   0.502668
22 2   0.502668
22 3   0.502668
22 4   0.502668
22 5   0.502668
22 6   0.502668
22 7   0.502668
22 8   0.502668
22 9   0.502668
22 10   0.502668
22 11   0.502668
22 12   0.502668
22 13   0.502668
22 14   0.502668
22 15   0.502668
22 16   0.502668
22 17   0.502668
22 18   0.502668
22 19   0.502668
22 20   0.502668
22 21   0.502668
22 22   0.502668
22 23   0.502668
22 24   0.502668
22 25   0.502668
22 26   0.502668
22 27   0.502668
22 28   0.502668
22 29   0.502668
22 30   0.502668
22 31   0.502668
22 32   0.502668
22 33   0.502668
22 34   0.502668
22 35   0.502668
22 36   0.502668
22 37   0.502668
22 38   0.502668
22 39   0.502668
22 40   0.502668
23 1   0.507971
23 2   0.507971
23 3   0.507971
23 4   0.507971
23 5   0.507971
23 6   0.507971
23 7   0.507971
23 8   0.507971
23 9   0.507971
23 10   0.507971
23 11   0.507971
23 12   0.507971
23 13   0.507971
23 14   0.507971
23 15   0.507971
23 16   0.507971
23 17   0.507971
23 18   0.507971
23 19   0.507971
23 20   0.507971
23 21   0.507971
23 22   0.507971
23 23   0.507971
23 24   0.507971
23 25   0.507971
23 26   0.507971
23 27   0.507971
23 28   0.507971
23 29   0.507971
23 30   0.507971
23 31   0.507971
23 32   0.507971
23 33   0.507971
23 34   0.507971
23 35   0.507971
23 36   0.507971
23 37   0.507971
23 38   0.507971
23 39   0.507971
23 40   0.507971
24 1   0.514457
24 2   0.514457
24 3   0.514457
24 4   0.514457
24 5   0.514457
24 6   0.514457
24 7   0.514457
24 8   0.514457
24 9   0.514457
24 10   0.514457
24 11   0.514457
24 12   0.514457
24 13   0.514457
24 14   0.514457
24 15   0.514457
24 16   0.514457
24 17   0.514457
24 18   0.514457
24 19   0.514457
24 20   0.514457
24 21   0.514457
24 22   0.514457
24 23   0.514457
24 24   0.514457
24 25   0.514457
24 26   0.514457
24 27   0.514457
24 28   0.514457
24 29   0.514457
24 30   0.514457
24 31   0.514457
24 32   0.514457
24 33   0.514457
24 34   0.514457
24 35   0.514457
24 36   0.514457
24 37   0.514457
24 38   0.514457
24 39   0.514457
24 40   0.514457
25 1   0.526965
25 2   0.526965
25 3   0.526965
25 4   0.526965
25 5   0.526965
25 6   0.526965
25 7   0.526965
25 8   0.526965
25 9   0.526965
25 10   0.526965
25 11   0.526965
25 12   0.526965
25 13   0.526965
25 14   0.526965
25 15   0.526965
25 16   0.526965
25 17   0.526965
25 18   0.526965
25 19   0.526965
25 20   0.526965
25 21   0.526965
25 22   0.526965
25 23   0.526965
25 24   0.526965
25 25   0.526965
25 26   0.526965
25 27   0.526965
25 28   0.526965
25 29   0.526965
25 30   0.526965
25 31   0.526965
25 32   0.526965
25 33   0.526965
25 34   0.526965
25 35   0.526965
25 36   0.526965
25 37   0.526965
25 38   0.526965
25 39   0.526965
25 40   0.526965
26 1   0.555576
26 2   0.555576
26 3   0.555576
26 4   0.555576
26 5   0.555576
26 6   0.555576
26 7   0.555576
26 8   0.555576
26 9   0.555576
26 10   0.555576
26 11   0.555576
26 12   0.555576
26 13   0.555576
26 14   0.555576
26 15   0.555576
26 16   0.555576
26 17   0.555576
26 18   0.555576
26 19   0.555576
26 20   0.555576
26 21   0.555576
26 22   0.555576
26 23   0.555576
26 24   0.555576
26 25   0.555576
26 26   0.555576
26 27   0.555576
26 28   0.555576
26 29   0.555576
26 30   0.555576
26 31   0.555576
26 32   0.555576
26 33   0.555576
26 34   0.555576
26 35   0.555576
26 36   0.555576
26 37   0.555576
26 38   0.555576
26 39   0.555576
26 40   0.555576
27 1   0.603073
27 2   0.603073
27 3   0.603073
27 4   0.603073
27 5   0.603073
27 6   0.603073
27 7   0.603073
27 8   0.603073
27 9   0.603073
27 10   0.603073
27 11   0.603073
27 12   0.603073
27 13   0.603073
27 14   0.603073
27 15   0.603073
27 16   0.603073
27 17   0.603073
27 18   0.603073
27 19   0.603073
27 20   0.603073
27 21   0.603073
27 22   0.603073
27 23   0.603073
27 24   0.603073
27 25   0.603073
27 26   0.603073
27 27   0.603073
27 28   0.603073
27 29   0.603073
27 30   0.603073
27 31   0.603073
27 32   0.603073
27 33   0.603073
27 34   0.603073
27 35   0.603073
27 36   0.603073
27 37   0.603073
27 38   0.603073
27 39   0.603073
27 40   0.603073
28 1   0.661435
28 2   0.661435
28 3   0.661435
28 4   0.661435
28 5   0.661435
28 6   0.661435
28 7   0.661435
28 8   0.661435
28 9   0.661435
28 10   0.661435
28 11   0.661435
28 12   0.661435
28 13   0.661435
28 14   0.661435
28 15   0.661435
28 16   0.661435
28 17   0.661435
28 18   0.661435
28 19   0.661435
28 20   0.661435
28 21   0.661435
28 22   0.661435
28 23   0.661435
28 24   0.661435
28 25   0.661435
28 26   0.661435
28 27   0.661435
28 28   0.661435
28 29   0.661435
28 30   0.661435
28 31   0.661435
28 32   0.661435
28 33   0.661435
28 34   0.661435
28 35   0.661435
28 36   0.661435
28 37   0.661435
28 38   0.661435
28 39   0.661435
28 40   0.661435
29 1   0.739495
29 2   0.739495
29 3   0.739495
29 4   0.739495
29 5   0.739495
29 6   0.739495
29 7   0.739495
29 8   0.739495
29 9   0.739495
29 10   0.739495
29 11   0.739495
29 12   0.739495
29 13   0.739495
29 14   0.739495
29 15   0.739495
29 16   0.739495
29 17   0.739495
29 18   0.739495
29 19   0.739495
29 20   0.739495
29 21   0.739495
29 22   0.739495
29 23   0.739495
29 24   0.739495
29 25   0.739495
29 26   0.739495
29 27   0.739495
29 28   0.739495
29 29   0.739495
29 30   0.739495
29 31   0.739495
29 32   0.739495
29 33   0.739495
29 34   0.739495
29 35   0.739495
29 36   0.739495
29 37   0.739495
29 38   0.739495
29 39   0.739495
29 40   0.739495
30 1   0.848204
30 2   0.848204
30 3   0.848204
30 4   0.848204
30 5   0.848204
30 6   0.848204
30 7   0.848204
30 8   0.848204
30 9   0.848204
30 10   0.848204
30 11   0.848204
30 12   0.848204
30 13   0.848204
30 14   0.848204
30 15   0.848204
30 16   0.848204
30 17   0.848204
30 18   0.848204
30 19   0.848204
30 20   0.848204
30 21   0.848204
30 22   0.848204
30 23   0.848204
30 24   0.848204
30 25   0.848204
30 26   0.848204
30 27   0.848204
30 28   0.848204
30 29   0.848204
30 30   0.848204
30 31   0.848204
30 32   0.848204
30 33   0.848204
30 34   0.848204
30 35   0.848204
30 36   0.848204
30 37   0.848204
30 38   0.848204
30 39   0.848204
30 40   0.848204
31 1   0.959662
31 2   0.959662
31 3   0.959662
31 4   0.959662
31 5   0.959662
31 6   0.959662
31 7   0.959662
31 8   0.959662
31 9   0.959662
31 10   0.959662
31 11   0.959662
31 12   0.959662
31 13   0.959662
31 14   0.959662
31 15   0.959662
31 16   0.959662
31 17   0.959662
31 18   0.959662
31 19   0.959662
31 20   0.959662
31 21   0.959662
31 22   0.959662
31 23   0.959662
31 24   0.959662
31 25   0.959662
31 26   0.959662
31 27   0.959662
31 28   0.959662
31 29   0.959662
31 30   0.959662
31 31   0.959662
31 32   0.959662
31 33   0.959662
31 34   0.959662
31 35   0.959662
31 36   0.959662
31 37   0.959662
31 38   0.959662
31 39   0.959662
31 40   0.959662
32 1   1.03529
32 2   1.03529
32 3   1.03529
32 4   1.03529
32 5   1.03529
32 6   1.03529
32 7   1.03529
32 8   1.03529
32 9   1.03529
32 10   1.03529
32 11   1.03529
32 12   1.03529
32 13   1.03529
32 14   1.03529
32 15   1.03529
32 16   1.03529
32 17   1.03529
32 18   1.03529
32 19   1.03529
32 20   1.03529
32 21   1.03529
32 22   1.03529
32 23   1.03529
32 24   1.03529
32 25   1.03529
32 26   1.03529
32 27   1.03529
32 28   1.03529
32 29   1.03529
32 30   1.03529
32 31   1.03529
32 32   1.03529
32 33   1.03529
32 34   1.03529
32 35   1.03529
32 36   1.03529
32 37   1.03529
32 38   1.03529
32 39   1.03529
32 40   1.03529
33 1   1.06839
33 2   1.06839
33 3   1.06839
33 4   1.06839
33 5   1.06839
33 6   1.06839
33 7   1.06839
33 8   1.06839
33 9   1.06839
33 10   1.06839
33 11   1.06839
33 12   1.06839
33 13   1.06839
33 14   1.06839
33 15   1.06839
33 16   1.06839
33 17   1.06839
33 18   1.06839
33 19   1.06839
33 20   1.06839
33 21   1.06839
33 22   1.06839
33 23   1.06839
33 24   1.06839
33 25   1.06839
33 26   1.06839
33 27   1.06839
33 28   1.06839
33 29   1.06839
33 30   1.06839
33 31   1.06839
33 32   1.06839
33 33   1.06839
33 34   1.06839
33 35   1.06839
33 36   1.06839
33 37   1.06839
33 38   1.06839
33 39   1.06839
33 40   1.06839
34 1   1.06982
34 2   1.06982
34 3   1.06982
34 4   1.06982
34 5   1.06982
34 6   1.06982
34 7   1.06982
34 8   1.06982
34 9   1.06982
34 10   1.06982
34 11   1.06982
34 12   1.06982
34 13   1.06982
34 14   1.06982
34 15   1.06982
34 16   1.06982
34 17   1.06982
34 18   1.06982
34 19   1.06982
34 20   1.06982
34 21   1.06982
34 22   1.06982
34 23   1.06982
34 24   1.06982
34 25   1.06982
34 26   1.06982
34 27   1.06982
34 28   1.06982
34 29   1.06982
34 30   1.06982
34 31   1.06982
34 32   1.06982
34 33   1.06982
34 34   1.06982
34 35   1.06982
34 36   1.06982
34 37   1.06982
34 38   1.06982
34 39   1.06982
34 40   1.06982
35 1   1.0416
35 2   1.0416
35 3   1.0416
35 4   1.0416
35 5   1.0416
35 6   1.0416
35 7   1.0416
35 8   1.0416
35 9   1.0416
35 10   1.0416
35 11   1.0416
35 12   1.0416
35 13   1.0416
35 14   1.0416
35 15   1.0416
35 16   1.0416
35 17   1.0416
35 18   1.0416
35 19   1.0416
35 20   1.0416
35 21   1.0416
35 22   1.0416
35 23   1.0416
35 24   1.0416
35 25   1.0416
35 26   1.0416
35 27   1.0416
35 28   1.0416
35 29   1.0416
35 30   1.0416
35 31   1.0416
35 32   1.0416
35 33   1.0416
35 34   1.0416
35 35   1.0416
35 36   1.0416
35 37   1.0416
35 38   1.0416
35 39   1.0416
35 40   1.0416
36 1   0.993221
36 2   0.993221
36 3   0.993221
36 4   0.993221
36 5   0.993221
36 6   0.993221
36 7   0.993221
36 8   0.993221
36 9   0.993221
36 10   0.993221
36 11   0.993221
36 12   0.993221
36 13   0.993221
36 14   0.993221
36 15   0.993221
36 16   0.993221
36 17   0.993221
36 18   0.993221
36 19   0.993221
36 20   0.993221
36 21   0.993221
36 22   0.993221
36 23   0.993221
36 24   0.993221
36 25   0.993221
36 26   0.993221
36 27   0.993221
36 28   0.993221
36 29   0.993221
36 30   0.993221
36 31   0.993221
36 32   0.993221
36 33   0.993221
36 34   0.993221
36 35   0.993221
36 36   0.993221
36 37   0.993221
36 38   0.993221
36 39   0.993221
36 40   0.993221
37 1   0.952033
37 2   0.952033
37 3   0.952033
37 4   0.952033
37 5   0.952033
37 6   0.952033
37 7   0.952033
37 8   0.952033
37 9   0.952033
37 10   0.952033
37 11   0.952033
37 12   0.952033
37 13   0.952033
37 14   0.952033
37 15   0.952033
37 16   0.952033
37 17   0.952033
37 18   0.952033
37 19   0.952033
37 20   0.952033
37 21   0.952033
37 22   0.952033
37 23   0.952033
37 24   0.952033
37 25   0.952033
37 26   0.952033
37 27   0.952033
37 28   0.952033
37 29   0.952033
37 30   0.952033
37 31   0.952033
37 32   0.952033
37 33   0.952033
37 34   0.952033
37 35   0.952033
37 36   0.952033
37 37   0.952033
37 38   0.952033
37 39   0.952033
37 40   0.952033
38 1   0.952996
38 2   0.952996
38 3   0.952996
38 4   0.952996
38 5   0.952996
38 6   0.952996
38 7   0.952996
38 8   0.952996
38 9   0.952996
38 10   0.952996
38 11   0.952996
38 12   0.952996
38 13   0.952996
38 14   0.952996
38 15   0.952996
38 16   0.952996
38 17   0.952996
38 18   0.952996
38 19   0.952996
38 20   0.952996
38 21   0.952996
38 22   0.952996
38 23   0.952996
38 24   0.952996
38 25   0.952996
38 26   0.952996
38 27   0.952996
38 28   0.952996
38 29   0.952996
38 30   0.952996
38 31   0.952996
38 32   0.952996
38 33   0.952996
38 34   0.952996
38 35   0.952996
38 36   0.952996
38 37   0.952996
38 38   0.952996
38 39   0.952996
38 40   0.952996
39 1   0.99681
39 2   0.99681
39 3   0.99681
39 4   0.99681
39 5   0.99681
39 6   0.99681
39 7   0.99681
39 8   0.99681
39 9   0.99681
39 10   0.99681
39 11   0.99681
39 12   0.99681
39 13   0.99681
39 14   0.99681
39 15   0.99681
39 16   0.99681
39 17   0.99681
39 18   0.99681
39 19   0.99681
39 20   0.99681
39 21   0.99681
39 22   0.99681
39 23   0.99681
39 24   0.99681
39 25   0.99681
39 26   0.99681
39 27   0.99681
39 28   0.99681
39 29   0.99681
39 30   0.99681
39 31   0.99681
39 32   0.99681
39 33   0.99681
39 34   0.99681
39 35   0.99681
39 36   0.99681
39 37   0.99681
39 38   0.99681
39 39   0.99681
39 40   0.99681
40 1   1.04393
40 2   1.04393
40 3   1.04393
40 4   1.04393
40 5   1.04393
40 6   1.04393
40 7   1.04393
40 8   1.04393
40 9   1.04393
40 10   1.04393
40 11   1.04393
40 12   1.04393
40 13   1.04393
40 14   1.04393
40 15   1.04393
40 16   1.04393
40 17   1.04393
40 18   1.04393
40 19   1.04393
40 20   1.04393
40 21   1.04393
40 22   1.04393
40 23   1.04393
40 24   1.04393
40 25   1.04393
40 26   1.04393
40 27   1.04393
40 28   1.04393
40 29   1.04393
40 30   1.04393
40 31   1.04393
40 32   1.04393
40 33   1.04393
40 34   1.04393
40 35   1.04393
40 36   1.04393
40 37   1.04393
40 38   1.04393
40 39   1.04393
40 40   1.04393
