1 1   0.160592
1 2   0.160592
1 3   0.160592
1 4   0.160592
1 5   0.160592
1 6   0.160592
1 7   0.160592
1 8   0.160592
1 9   0.160592
1 10   0.160592
1 11   0.160592
1 12   0.160592
1 13   0.160592
1 14   0.160592
1 15   0.160592
1 16   0.160592
1 17   0.160592
1 18   0.160592
1 19   0.160592
1 20   0.160592
1 21   0.160592
1 22   0.160592
1 23   0.160592
1 24   0.160592
1 25   0.160592
1 26   0.160592
1 27   0.160592
1 28   0.160592
1 29   0.160592
1 30   0.160592
1 31   0.160592
1 32   0.160592
1 33   0.160592
1 34   0.160592
1 35   0.160592
1 36   0.160592
1 37   0.160592
1 38   0.160592
1 39   0.160592
1 40   0.160592
2 1   0.173324
2 2   0.173324
2 3   0.173324
2 4   0.173324
2 5   0.173324
2 6   0.173324
2 7   0.173324
2 8   0.173324
2 9   0.173324
2 10   0.173324
2 11   0.173324
2 12   0.173324
2 13   0.173324
2 14   0.173324
2 15   0.173324
2 16   0.173324
2 17   0.173324
2 18   0.173324
2 19   0.173324
2 20   0.173324
2 21   0.173324
2 22   0.173324
2 23   0.173324
2 24   0.173324
2 25   0.173324
2 26   0.173324
2 27   0.173324
2 28   0.173324
2 29   0.173324
2 30   0.173324
2 31   0.173324
2 32   0.173324
2 33   0.173324
2 34   0.173324
2 35   0.173324
2 36   0.173324
2 37   0.173324
2 38   0.173324
2 39   0.173324
2 40   0.173324
3 1   0.198664
3 2   0.198664
3 3   0.198664
3 4   0.198664
3 5   0.198664
3 6   0.198664
3 7   0.198664
3 8   0.198664
3 9   0.198664
3 10   0.198664
3 11   0.198664
3 12   0.198664
3 13   0.198664
3 14   0.198664
3 15   0.198664
3 16   0.198664
3 17   0.198664
3 18   0.198664
3 19   0.198664
3 20   0.198664
3 21   0.198664
3 22   0.198664
3 23   0.198664
3 24   0.198664
3 25   0.198664
3 26   0.198664
3 27   0.198664
3 28   0.198664
3 29   0.198664
3 30   0.198664
3 31   0.198664
3 32   0.198664
3 33   0.198664
3 34   0.198664
3 35   0.198664
3 36   0.198664
3 37   0.198664
3 38   0.198664
3 39   0.198664
3 40   0.198664
4 1   0.235949
4 2   0.235949
4 3   0.235949
4 4   0.235949
4 5   0.235949
4 6   0.235949
4 7   0.235949
4 8   0.235949
4 9   0.235949
4 10   0.235949
4 11   0.235949
4 12   0.235949
4 13   0.235949
4 14   0.235949
4 15   0.235949
4 16   0.235949
4 17   0.235949
4 18   0.235949
4 19   0.235949
4 20   0.235949
4 21   0.235949
4 22   0.235949
4 23   0.235949
4 24   0.235949
4 25   0.235949
4 26   0.235949
4 27   0.235949
4 28   0.235949
4 29   0.235949
4 30   0.235949
4 31   0.235949
4 32   0.235949
4 33   0.235949
4 34   0.235949
4 35   0.235949
4 36   0.235949
4 37   0.235949
4 38   0.235949
4 39   0.235949
4 40   0.235949
5 1   0.28351
5 2   0.28351
5 3   0.28351
5 4   0.28351
5 5   0.28351
5 6   0.28351
5 7   0.28351
5 8   0.28351
5 9   0.28351
5 10   0.28351
5 11   0.28351
5 12   0.28351
5 13   0.28351
5 14   0.28351
5 15   0.28351
5 16   0.28351
5 17   0.28351
5 18   0.28351
5 19   0.28351
5 20   0.28351
5 21   0.28351
5 22   0.28351
5 23   0.28351
5 24   0.28351
5 25   0.28351
5 26   0.28351
5 27   0.28351
5 28   0.28351
5 29   0.28351
5 30   0.28351
5 31   0.28351
5 32   0.28351
5 33   0.28351
5 34   0.28351
5 35   0.28351
5 36   0.28351
5 37   0.28351
5 38   0.28351
5 39   0.28351
5 40   0.28351
6 1   0.338405
6 2   0.338405
6 3   0.338405
6 4   0.338405
6 5   0.338405
6 6   0.338405
6 7   0.338405
6 8   0.338405
6 9   0.338405
6 10   0.338405
6 11   0.338405
6 12   0.338405
6 13   0.338405
6 14   0.338405
6 15   0.338405
6 16   0.338405
6 17   0.338405
6 18   0.338405
6 19   0.338405
6 20   0.338405
6 21   0.338405
6 22   0.338405
6 23   0.338405
6 24   0.338405
6 25   0.338405
6 26   0.338405
6 27   0.338405
6 28   0.338405
6 29   0.338405
6 30   0.338405
6 31   0.338405
6 32   0.338405
6 33   0.338405
6 34   0.338405
6 35   0.338405
6 36   0.338405
6 37   0.338405
6 38   0.338405
6 39   0.338405
6 40   0.338405
7 1   0.396329
7 2   0.396329
7 3   0.396329
7 4   0.396329
7 5   0.396329
7 6   0.396329
7 7   0.396329
7 8   0.396329
7 9   0.396329
7 10   0.396329
7 11   0.396329
7 12   0.396329
7 13   0.396329
7 14   0.396329
7 15   0.396329
7 16   0.396329
7 17   0.396329
7 18   0.396329
7 19   0.396329
7 20   0.396329
7 21   0.396329
7 22   0.396329
7 23   0.396329
7 24   0.396329
7 25   0.396329
7 26   0.396329
7 27   0.396329
7 28   0.396329
7 29   0.396329
7 30   0.396329
7 31   0.396329
7 32   0.396329
7 33   0.396329
7 34   0.396329
7 35   0.396329
7 36   0.396329
7 37   0.396329
7 38   0.396329
7 39   0.396329
7 40   0.396329
8 1   0.451769
8 2   0.451769
8 3   0.451769
8 4   0.451769
8 5   0.451769
8 6   0.451769
8 7   0.451769
8 8   0.451769
8 9   0.451769
8 10   0.451769
8 11   0.451769
8 12   0.451769
8 13   0.451769
8 14   0.451769
8 15   0.451769
8 16   0.451769
8 17   0.451769
8 18   0.451769
8 19   0.451769
8 20   0.451769
8 21   0.451769
8 22   0.451769
8 23   0.451769
8 24   0.451769
8 25   0.451769
8 26   0.451769
8 27   0.451769
8 28   0.451769
8 29   0.451769
8 30   0.451769
8 31   0.451769
8 32   0.451769
8 33   0.451769
8 34   0.451769
8 35   0.451769
8 36   0.451769
8 37   0.451769
8 38   0.451769
8 39   0.451769
8 40   0.451769
9 1   0.498754
9 2   0.498754
9 3   0.498754
9 4   0.498754
9 5   0.498754
9 6   0.498754
9 7   0.498754
9 8   0.498754
9 9   0.498754
9 10   0.498754
9 11   0.498754
9 12   0.498754
9 13   0.498754
9 14   0.498754
9 15   0.498754
9 16   0.498754
9 17   0.498754
9 18   0.498754
9 19   0.498754
9 20   0.498754
9 21   0.498754
9 22   0.498754
9 23   0.498754
9 24   0.498754
9 25   0.498754
9 26   0.498754
9 27   0.498754
9 28   0.498754
9 29   0.498754
9 30   0.498754
9 31   0.498754
9 32   0.498754
9 33   0.498754
9 34   0.498754
9 35   0.498754
9 36   0.498754
9 37   0.498754
9 38   0.498754
9 39   0.498754
9 40   0.498754
10 1   0.5324
10 2   0.5324
10 3   0.5324
10 4   0.5324
10 5   0.5324
10 6   0.5324
10 7   0.5324
10 8   0.5324
10 9   0.5324
10 10   0.5324
10 11   0.5324
10 12   0.5324
10 13   0.5324
10 14   0.5324
10 15   0.5324
10 16   0.5324
10 17   0.5324
10 18   0.5324
10 19   0.5324
10 20   0.5324
10 21   0.5324
10 22   0.5324
10 23   0.5324
10 24   0.5324
10 25   0.5324
10 26   0.5324
10 27   0.5324
10 28   0.5324
10 29   0.5324
10 30   0.5324
10 31   0.5324
10 32   0.5324
10 33   0.5324
10 34   0.5324
10 35   0.5324
10 36   0.5324
10 37   0.5324
10 38   0.5324
10 39   0.5324
10 40   0.5324
11 1   0.550545
11 2   0.550545
11 3   0.550545
11 4   0.550545
11 5   0.550545
11 6   0.550545
11 7   0.550545
11 8   0.550545
11 9   0.550545
11 10   0.550545
11 11   0.550545
11 12   0.550545
11 13   0.550545
11 14   0.550545
11 15   0.550545
11 16   0.550545
11 17   0.550545
11 18   0.550545
11 19   0.550545
11 20   0.550545
11 21   0.550545
11 22   0.550545
11 23   0.550545
11 24   0.550545
11 25   0.550545
11 26   0.550545
11 27   0.550545
11 28   0.550545
11 29   0.550545
11 30   0.550545
11 31   0.550545
11 32   0.550545
11 33   0.550545
11 34   0.550545
11 35   0.550545
11 36   0.550545
11 37   0.550545
11 38   0.550545
11 39   0.550545
11 40   0.550545
12 1   0.55433
12 2   0.55433
12 3   0.55433
12 4   0.55433
12 5   0.55433
12 6   0.55433
12 7   0.55433
12 8   0.55433
12 9   0.55433
12 10   0.55433
12 11   0.55433
12 12   0.55433
12 13   0.55433
12 14   0.55433
12 15   0.55433
12 16   0.55433
12 17   0.55433
12 18   0.55433
12 19   0.55433
12 20   0.55433
12 21   0.55433
12 22   0.55433
12 23   0.55433
12 24   0.55433
12 25   0.55433
12 26   0.55433
12 27   0.55433
12 28   0.55433
12 29   0.55433
12 30   0.55433
12 31   0.55433
12 32   0.55433
12 33   0.55433
12 34   0.55433
12 35   0.55433
12 36   0.55433
12 37   0.55433
12 38   0.55433
12 39   0.55433
12 40   0.55433
13 1   0.547232
13 2   0.547232
13 3   0.547232
13 4   0.547232
13 5   0.547232
13 6   0.547232
13 7   0.547232
13 8   0.547232
13 9   0.547232
13 10   0.547232
13 11   0.547232
13 12   0.547232
13 13   0.547232
13 14   0.547232
13 15   0.547232
13 16   0.547232
13 17   0.547232
13 18   0.547232
13 19   0.547232
13 20   0.547232
13 21   0.547232
13 22   0.547232
13 23   0.547232
13 24   0.547232
13 25   0.547232
13 26   0.547232
13 27   0.547232
13 28   0.547232
13 29   0.547232
13 30   0.547232
13 31   0.547232
13 32   0.547232
13 33   0.547232
13 34   0.547232
13 35   0.547232
13 36   0.547232
13 37   0.547232
13 38   0.547232
13 39   0.547232
13 40   0.547232
14 1   0.533344
14 2   0.533344
14 3   0.533344
14 4   0.533344
14 5   0.533344
14 6   0.533344
14 7   0.533344
14 8   0.533344
14 9   0.533344
14 10   0.533344
14 11   0.533344
14 12   0.533344
14 13   0.533344
14 14   0.533344
14 15   0.533344
14 16   0.533344
14 17   0.533344
14 18   0.533344
14 19   0.533344
14 20   0.533344
14 21   0.533344
14 22   0.533344
14 23   0.533344
14 24   0.533344
14 25   0.533344
14 26   0.533344
14 27   0.533344
14 28   0.533344
14 29   0.533344
14 30   0.533344
14 31   0.533344
14 32   0.533344
14 33   0.533344
14 34   0.533344
14 35   0.533344
14 36   0.533344
14 37   0.533344
14 38   0.533344
14 39   0.533344
14 40   0.533344
15 1   0.51623
15 2   0.51623
15 3   0.51623
15 4   0.51623
15 5   0.51623
15 6   0.51623
15 7   0.51623
15 8   0.51623
15 9   0.51623
15 10   0.51623
15 11   0.51623
15 12   0.51623
15 13   0.51623
15 14   0.51623
15 15   0.51623
15 16   0.51623
15 17   0.51623
15 18   0.51623
15 19   0.51623
15 20   0.51623
15 21   0.51623
15 22   0.51623
15 23   0.51623
15 24   0.51623
15 25   0.51623
15 26   0.51623
15 27   0.51623
15 28   0.51623
15 29   0.51623
15 30   0.51623
15 31   0.51623
15 32   0.51623
15 33   0.51623
15 34   0.51623
15 35   0.51623
15 36   0.51623
15 37   0.51623
15 38   0.51623
15 39   0.51623
15 40   0.51623
16 1   0.498885
16 2   0.498885
16 3   0.498885
16 4   0.498885
16 5   0.498885
16 6   0.498885
16 7   0.498885
16 8   0.498885
16 9   0.498885
16 10   0.498885
16 11   0.498885
16 12   0.498885
16 13   0.498885
16 14   0.498885
16 15   0.498885
16 16   0.498885
16 17   0.498885
16 18   0.498885
16 19   0.498885
16 20   0.498885
16 21   0.498885
16 22   0.498885
16 23   0.498885
16 24   0.498885
16 25   0.498885
16 26   0.498885
16 27   0.498885
16 28   0.498885
16 29   0.498885
16 30   0.498885
16 31   0.498885
16 32   0.498885
16 33   0.498885
16 34   0.498885
16 35   0.498885
16 36   0.498885
16 37   0.498885
16 38   0.498885
16 39   0.498885
16 40   0.498885
17 1   0.484209
17 2   0.484209
17 3   0.484209
17 4   0.484209
17 5   0.484209
17 6   0.484209
17 7   0.484209
17 8   0.484209
17 9   0.484209
17 10   0.484209
17 11   0.484209
17 12   0.484209
17 13   0.484209
17 14   0.484209
17 15   0.484209
17 16   0.484209
17 17   0.484209
17 18   0.484209
17 19   0.484209
17 20   0.484209
17 21   0.484209
17 22   0.484209
17 23   0.484209
17 24   0.484209
17 25   0.484209
17 26   0.484209
17 27   0.484209
17 28   0.484209
17 29   0.484209
17 30   0.484209
17 31   0.484209
17 32   0.484209
17 33   0.484209
17 34   0.484209
17 35   0.484209
17 36   0.484209
17 37   0.484209
17 38   0.484209
17 39   0.484209
17 40   0.484209
18 1   0.475049
18 2   0.475049
18 3   0.475049
18 4   0.475049
18 5   0.475049
18 6   0.475049
18 7   0.475049
18 8   0.475049
18 9   0.475049
18 10   0.475049
18 11   0.475049
18 12   0.475049
18 13   0.475049
18 14   0.475049
18 15   0.475049
18 16   0.475049
18 17   0.475049
18 18   0.475049
18 19   0.475049
18 20   0.475049
18 21   0.475049
18 22   0.475049
18 23   0.475049
18 24   0.475049
18 25   0.475049
18 26   0.475049
18 27   0.475049
18 28   0.475049
18 29   0.475049
18 30   0.475049
18 31   0.475049
18 32   0.475049
18 33   0.475049
18 34   0.475049
18 35   0.475049
18 36   0.475049
18 37   0.475049
18 38   0.475049
18 39   0.475049
18 40   0.475049
19 1   0.473513
19 2   0.473513
19 3   0.473513
19 4   0.473513
19 5   0.473513
19 6   0.473513
19 7   0.473513
19 8   0.473513
19 9   0.473513
19 10   0.473513
19 11   0.473513
19 12   0.473513
19 13   0.473513
19 14   0.473513
19 15   0.473513
19 16   0.473513
19 17   0.473513
19 18   0.473513
19 19   0.473513
19 20   0.473513
19 21   0.473513
19 22   0.473513
19 23   0.473513
19 24   0.473513
19 25   0.473513
19 26   0.473513
19 27   0.473513
19 28   0.473513
19 29   0.473513
19 30   0.473513
19 31   0.473513
19 32   0.473513
19 33   0.473513
19 34   0.473513
19 35   0.473513
19 36   0.473513
19 37   0.473513
19 38   0.473513
19 39   0.473513
19 40   0.473513
20 1   0.479975
20 2   0.479975
20 3   0.479975
20 4   0.479975
20 5   0.479975
20 6   0.479975
20 7   0.479975
20 8   0.479975
20 9   0.479975
20 10   0.479975
20 11   0.479975
20 12   0.479975
20 13   0.479975
20 14   0.479975
20 15   0.479975
20 16   0.479975
20 17   0.479975
20 18   0.479975
20 19   0.479975
20 20   0.479975
20 21   0.479975
20 22   0.479975
20 23   0.479975
20 24   0.479975
20 25   0.479975
20 26   0.479975
20 27   0.479975
20 28   0.479975
20 29   0.479975
20 30   0.479975
20 31   0.479975
20 32   0.479975
20 33   0.479975
20 34   0.479975
20 35   0.479975
20 36   0.479975
20 37   0.479975
20 38   0.479975
20 39   0.479975
20 40   0.479975
21 1   0.492534
21 2   0.492534
21 3   0.492534
21 4   0.492534
21 5   0.492534
21 6   0.492534
21 7   0.492534
21 8   0.492534
21 9   0.492534
21 10   0.492534
21 11   0.492534
21 12   0.492534
21 13   0.492534
21 14   0.492534
21 15   0.492534
21 16   0.492534
21 17   0.492534
21 18   0.492534
21 19   0.492534
21 20   0.492534
21 21   0.492534
21 22   0.492534
21 23   0.492534
21 24   0.492534
21 25   0.492534
21 26   0.492534
21 27   0.492534
21 28   0.492534
21 29   0.492534
21 30   0.492534
21 31   0.492534
21 32   0.492534
21 33   0.492534
21 34   0.492534
21 35   0.492534
21 36   0.492534
21 37   0.492534
21 38   0.492534
21 39   0.492534
21 40   0.492534
22 1   0.507391
22 2   0.507391
22 3   0.507391
22 4   0.507391
22 5   0.507391
22 6   0.507391
22 7   0.507391
22 8   0.507391
22 9   0.507391
22 10   0.507391
22 11   0.507391
22 12   0.507391
22 13   0.507391
22 14   0.507391
22 15   0.507391
22 16   0.507391
22 17   0.507391
22 18   0.507391
22 19   0.507391
22 20   0.507391
22 21   0.507391
22 22   0.507391
22 23   0.507391
22 24   0.507391
22 25   0.507391
22 26   0.507391
22 27   0.507391
22 28   0.507391
22 29   0.507391
22 30   0.507391
22 31   0.507391
22 32   0.507391
22 33   0.507391
22 34   0.507391
22 35   0.507391
22 36   0.507391
22 37   0.507391
22 38   0.507391
22 39   0.507391
22 40   0.507391
23 1   0.520035
23 2   0.520035
23 3   0.520035
23 4   0.520035
23 5   0.520035
23 6   0.520035
23 7   0.520035
23 8   0.520035
23 9   0.520035
23 10   0.520035
23 11   0.520035
23 12   0.520035
23 13   0.520035
23 14   0.520035
23 15   0.520035
23 16   0.520035
23 17   0.520035
23 18   0.520035
23 19   0.520035
23 20   0.520035
23 21   0.520035
23 22   0.520035
23 23   0.520035
23 24   0.520035
23 25   0.520035
23 26   0.520035
23 27   0.520035
23 28   0.520035
23 29   0.520035
23 30   0.520035
23 31   0.520035
23 32   0.520035
23 33   0.520035
23 34   0.520035
23 35   0.520035
23 36   0.520035
23 37   0.520035
23 38   0.520035
23 39   0.520035
23 40   0.520035
24 1   0.526653
24 2   0.526653
24 3   0.526653
24 4   0.526653
24 5   0.526653
24 6   0.526653
24 7   0.526653
24 8   0.526653
24 9   0.526653
24 10   0.526653
24 11   0.526653
24 12   0.526653
24 13   0.526653
24 14   0.526653
24 15   0.526653
24 16   0.526653
24 17   0.526653
24 18   0.526653
24 19   0.526653
24 20   0.526653
24 21   0.526653
24 22   0.526653
24 23   0.526653
24 24   0.526653
24 25   0.526653
24 26   0.526653
24 27   0.526653
24 28   0.526653
24 29   0.526653
24 30   0.526653
24 31   0.526653
24 32   0.526653
24 33   0.526653
24 34   0.526653
24 35   0.526653
24 36   0.526653
24 37   0.526653
24 38   0.526653
24 39   0.526653
24 40   0.526653
25 1   0.525211
25 2   0.525211
25 3   0.525211
25 4   0.525211
25 5   0.525211
25 6   0.525211
25 7   0.525211
25 8   0.525211
25 9   0.525211
25 10   0.525211
25 11   0.525211
25 12   0.525211
25 13   0.525211
25 14   0.525211
25 15   0.525211
25 16   0.525211
25 17   0.525211
25 18   0.525211
25 19   0.525211
25 20   0.525211
25 21   0.525211
25 22   0.525211
25 23   0.525211
25 24   0.525211
25 25   0.525211
25 26   0.525211
25 27   0.525211
25 28   0.525211
25 29   0.525211
25 30   0.525211
25 31   0.525211
25 32   0.525211
25 33   0.525211
25 34   0.525211
25 35   0.525211
25 36   0.525211
25 37   0.525211
25 38   0.525211
25 39   0.525211
25 40   0.525211
26 1   0.515862
26 2   0.515862
26 3   0.515862
26 4   0.515862
26 5   0.515862
26 6   0.515862
26 7   0.515862
26 8   0.515862
26 9   0.515862
26 10   0.515862
26 11   0.515862
26 12   0.515862
26 13   0.515862
26 14   0.515862
26 15   0.515862
26 16   0.515862
26 17   0.515862
26 18   0.515862
26 19   0.515862
26 20   0.515862
26 21   0.515862
26 22   0.515862
26 23   0.515862
26 24   0.515862
26 25   0.515862
26 26   0.515862
26 27   0.515862
26 28   0.515862
26 29   0.515862
26 30   0.515862
26 31   0.515862
26 32   0.515862
26 33   0.515862
26 34   0.515862
26 35   0.515862
26 36   0.515862
26 37   0.515862
26 38   0.515862
26 39   0.515862
26 40   0.515862
27 1   0.500679
27 2   0.500679
27 3   0.500679
27 4   0.500679
27 5   0.500679
27 6   0.500679
27 7   0.500679
27 8   0.500679
27 9   0.500679
27 10   0.500679
27 11   0.500679
27 12   0.500679
27 13   0.500679
27 14   0.500679
27 15   0.500679
27 16   0.500679
27 17   0.500679
27 18   0.500679
27 19   0.500679
27 20   0.500679
27 21   0.500679
27 22   0.500679
27 23   0.500679
27 24   0.500679
27 25   0.500679
27 26   0.500679
27 27   0.500679
27 28   0.500679
27 29   0.500679
27 30   0.500679
27 31   0.500679
27 32   0.500679
27 33   0.500679
27 34   0.500679
27 35   0.500679
27 36   0.500679
27 37   0.500679
27 38   0.500679
27 39   0.500679
27 40   0.500679
28 1   0.482805
28 2   0.482805
28 3   0.482805
28 4   0.482805
28 5   0.482805
28 6   0.482805
28 7   0.482805
28 8   0.482805
28 9   0.482805
28 10   0.482805
28 11   0.482805
28 12   0.482805
28 13   0.482805
28 14   0.482805
28 15   0.482805
28 16   0.482805
28 17   0.482805
28 18   0.482805
28 19   0.482805
28 20   0.482805
28 21   0.482805
28 22   0.482805
28 23   0.482805
28 24   0.482805
28 25   0.482805
28 26   0.482805
28 27   0.482805
28 28   0.482805
28 29   0.482805
28 30   0.482805
28 31   0.482805
28 32   0.482805
28 33   0.482805
28 34   0.482805
28 35   0.482805
28 36   0.482805
28 37   0.482805
28 38   0.482805
28 39   0.482805
28 40   0.482805
29 1   0.465462
29 2   0.465462
29 3   0.465462
29 4   0.465462
29 5   0.465462
29 6   0.465462
29 7   0.465462
29 8   0.465462
29 9   0.465462
29 10   0.465462
29 11   0.465462
29 12   0.465462
29 13   0.465462
29 14   0.465462
29 15   0.465462
29 16   0.465462
29 17   0.465462
29 18   0.465462
29 19   0.465462
29 20   0.465462
29 21   0.465462
29 22   0.465462
29 23   0.465462
29 24   0.465462
29 25   0.465462
29 26   0.465462
29 27   0.465462
29 28   0.465462
29 29   0.465462
29 30   0.465462
29 31   0.465462
29 32   0.465462
29 33   0.465462
29 34   0.465462
29 35   0.465462
29 36   0.465462
29 37   0.465462
29 38   0.465462
29 39   0.465462
29 40   0.465462
30 1   0.451463
30 2   0.451463
30 3   0.451463
30 4   0.451463
30 5   0.451463
30 6   0.451463
30 7   0.451463
30 8   0.451463
30 9   0.451463
30 10   0.451463
30 11   0.451463
30 12   0.451463
30 13   0.451463
30 14   0.451463
30 15   0.451463
30 16   0.451463
30 17   0.451463
30 18   0.451463
30 19   0.451463
30 20   0.451463
30 21   0.451463
30 22   0.451463
30 23   0.451463
30 24   0.451463
30 25   0.451463
30 26   0.451463
30 27   0.451463
30 28   0.451463
30 29   0.451463
30 30   0.451463
30 31   0.451463
30 32   0.451463
30 33   0.451463
30 34   0.451463
30 35   0.451463
30 36   0.451463
30 37   0.451463
30 38   0.451463
30 39   0.451463
30 40   0.451463
31 1   0.443578
31 2   0.443578
31 3   0.443578
31 4   0.443578
31 5   0.443578
31 6   0.443578
31 7   0.443578
31 8   0.443578
31 9   0.443578
31 10   0.443578
31 11   0.443578
31 12   0.443578
31 13   0.443578
31 14   0.443578
31 15   0.443578
31 16   0.443578
31 17   0.443578
31 18   0.443578
31 19   0.443578
31 20   0.443578
31 21   0.443578
31 22   0.443578
31 23   0.443578
31 24   0.443578
31 25   0.443578
31 26   0.443578
31 27   0.443578
31 28   0.443578
31 29   0.443578
31 30   0.443578
31 31   0.443578
31 32   0.443578
31 33   0.443578
31 34   0.443578
31 35   0.443578
31 36   0.443578
31 37   0.443578
31 38   0.443578
31 39   0.443578
31 40   0.443578
32 1   0.445118
32 2   0.445118
32 3   0.445118
32 4   0.445118
32 5   0.445118
32 6   0.445118
32 7   0.445118
32 8   0.445118
32 9   0.445118
32 10   0.445118
32 11   0.445118
32 12   0.445118
32 13   0.445118
32 14   0.445118
32 15   0.445118
32 16   0.445118
32 17   0.445118
32 18   0.445118
32 19   0.445118
32 20   0.445118
32 21   0.445118
32 22   0.445118
32 23   0.445118
32 24   0.445118
32 25   0.445118
32 26   0.445118
32 27   0.445118
32 28   0.445118
32 29   0.445118
32 30   0.445118
32 31   0.445118
32 32   0.445118
32 33   0.445118
32 34   0.445118
32 35   0.445118
32 36   0.445118
32 37   0.445118
32 38   0.445118
32 39   0.445118
32 40   0.445118
33 1   0.45952
33 2   0.45952
33 3   0.45952
33 4   0.45952
33 5   0.45952
33 6   0.45952
33 7   0.45952
33 8   0.45952
33 9   0.45952
33 10   0.45952
33 11   0.45952
33 12   0.45952
33 13   0.45952
33 14   0.45952
33 15   0.45952
33 16   0.45952
33 17   0.45952
33 18   0.45952
33 19   0.45952
33 20   0.45952
33 21   0.45952
33 22   0.45952
33 23   0.45952
33 24   0.45952
33 25   0.45952
33 26   0.45952
33 27   0.45952
33 28   0.45952
33 29   0.45952
33 30   0.45952
33 31   0.45952
33 32   0.45952
33 33   0.45952
33 34   0.45952
33 35   0.45952
33 36   0.45952
33 37   0.45952
33 38   0.45952
33 39   0.45952
33 40   0.45952
34 1   0.488533
34 2   0.488533
34 3   0.488533
34 4   0.488533
34 5   0.488533
34 6   0.488533
34 7   0.488533
34 8   0.488533
34 9   0.488533
34 10   0.488533
34 11   0.488533
34 12   0.488533
34 13   0.488533
34 14   0.488533
34 15   0.488533
34 16   0.488533
34 17   0.488533
34 18   0.488533
34 19   0.488533
34 20   0.488533
34 21   0.488533
34 22   0.488533
34 23   0.488533
34 24   0.488533
34 25   0.488533
34 26   0.488533
34 27   0.488533
34 28   0.488533
34 29   0.488533
34 30   0.488533
34 31   0.488533
34 32   0.488533
34 33   0.488533
34 34   0.488533
34 35   0.488533
34 36   0.488533
34 37   0.488533
34 38   0.488533
34 39   0.488533
34 40   0.488533
35 1   0.530212
35 2   0.530212
35 3   0.530212
35 4   0.530212
35 5   0.530212
35 6   0.530212
35 7   0.530212
35 8   0.530212
35 9   0.530212
35 10   0.530212
35 11   0.530212
35 12   0.530212
35 13   0.530212
35 14   0.530212
35 15   0.530212
35 16   0.530212
35 17   0.530212
35 18   0.530212
35 19   0.530212
35 20   0.530212
35 21   0.530212
35 22   0.530212
35 23   0.530212
35 24   0.530212
35 25   0.530212
35 26   0.530212
35 27   0.530212
35 28   0.530212
35 29   0.530212
35 30   0.530212
35 31   0.530212
35 32   0.530212
35 33   0.530212
35 34   0.530212
35 35   0.530212
35 36   0.530212
35 37   0.530212
35 38   0.530212
35 39   0.530212
35 40   0.530212
36 1   0.578595
36 2   0.578595
36 3   0.578595
36 4   0.578595
36 5   0.578595
36 6   0.578595
36 7   0.578595
36 8   0.578595
36 9   0.578595
36 10   0.578595
36 11   0.578595
36 12   0.578595
36 13   0.578595
36 14   0.578595
36 15   0.578595
36 16   0.578595
36 17   0.578595
36 18   0.578595
36 19   0.578595
36 20   0.578595
36 21   0.578595
36 22   0.578595
36 23   0.578595
36 24   0.578595
36 25   0.578595
36 26   0.578595
36 27   0.578595
36 28   0.578595
36 29   0.578595
36 30   0.578595
36 31   0.578595
36 32   0.578595
36 33   0.578595
36 34   0.578595
36 35   0.578595
36 36   0.578595
36 37   0.578595
36 38   0.578595
36 39   0.578595
36 40   0.578595
37 1   0.625688
37 2   0.625688
37 3   0.625688
37 4   0.625688
37 5   0.625688
37 6   0.625688
37 7   0.625688
37 8   0.625688
37 9   0.625688
37 10   0.625688
37 11   0.625688
37 12   0.625688
37 13   0.625688
37 14   0.625688
37 15   0.625688
37 16   0.625688
37 17   0.625688
37 18   0.625688
37 19   0.625688
37 20   0.625688
37 21   0.625688
37 22   0.625688
37 23   0.625688
37 24   0.625688
37 25   0.625688
37 26   0.625688
37 27   0.625688
37 28   0.625688
37 29   0.625688
37 30   0.625688
37 31   0.625688
37 32   0.625688
37 33   0.625688
37 34   0.625688
37 35   0.625688
37 36   0.625688
37 37   0.625688
37 38   0.625688
37 39   0.625688
37 40   0.625688
38 1   0.664498
38 2   0.664498
38 3   0.664498
38 4   0.664498
38 5   0.664498
38 6   0.664498
38 7   0.664498
38 8   0.664498
38 9   0.664498
38 10   0.664498
38 11   0.664498
38 12   0.664498
38 13   0.664498
38 14   0.664498
38 15   0.664498
38 16   0.664498
38 17   0.664498
38 18   0.664498
38 19   0.664498
38 20   0.664498
38 21   0.664498
38 22   0.664498
38 23   0.664498
38 24   0.664498
38 25   0.664498
38 26   0.664498
38 27   0.664498
38 28   0.664498
38 29   0.664498
38 30   0.664498
38 31   0.664498
38 32   0.664498
38 33   0.664498
38 34   0.664498
38 35   0.664498
38 36   0.664498
38 37   0.664498
38 38   0.664498
38 39   0.664498
38 40   0.664498
39 1   0.691039
39 2   0.691039
39 3   0.691039
39 4   0.691039
39 5   0.691039
39 6   0.691039
39 7   0.691039
39 8   0.691039
39 9   0.691039
39 10   0.691039
39 11   0.691039
39 12   0.691039
39 13   0.691039
39 14   0.691039
39 15   0.691039
39 16   0.691039
39 17   0.691039
39 18   0.691039
39 19   0.691039
39 20   0.691039
39 21   0.691039
39 22   0.691039
39 23   0.691039
39 24   0.691039
39 25   0.691039
39 26   0.691039
39 27   0.691039
39 28   0.691039
39 29   0.691039
39 30   0.691039
39 31   0.691039
39 32   0.691039
39 33   0.691039
39 34   0.691039
39 35   0.691039
39 36   0.691039
39 37   0.691039
39 38   0.691039
39 39   0.691039
39 40   0.691039
40 1   0.704216
40 2   0.704216
40 3   0.704216
40 4   0.704216
40 5   0.704216
40 6   0.704216
40 7   0.704216
40 8   0.704216
40 9   0.704216
40 10   0.704216
40 11   0.704216
40 12   0.704216
40 13   0.704216
40 14   0.704216
40 15   0.704216
40 16   0.704216
40 17   0.704216
40 18   0.704216
40 19   0.704216
40 20   0.704216
40 21   0.704216
40 22   0.704216
40 23   0.704216
40 24   0.704216
40 25   0.704216
40 26   0.704216
40 27   0.704216
40 28   0.704216
40 29   0.704216
40 30   0.704216
40 31   0.704216
40 32   0.704216
40 33   0.704216
40 34   0.704216
40 35   0.704216
40 36   0.704216
40 37   0.704216
40 38   0.704216
40 39   0.704216
40 40   0.704216
