1 1   -0.000817339
1 2   -0.000817339
1 3   -0.000817339
1 4   -0.000817339
1 5   -0.000817339
1 6   -0.000817339
1 7   -0.000817339
1 8   -0.000817339
1 9   -0.000817339
1 10   -0.000817339
1 11   -0.000817339
1 12   -0.000817339
1 13   -0.000817339
1 14   -0.000817339
1 15   -0.000817339
1 16   -0.000817339
1 17   -0.000817339
1 18   -0.000817339
1 19   -0.000817339
1 20   -0.000817339
1 21   -0.000817339
1 22   -0.000817339
1 23   -0.000817339
1 24   -0.000817339
1 25   -0.000817339
1 26   -0.000817339
1 27   -0.000817339
1 28   -0.000817339
1 29   -0.000817339
1 30   -0.000817339
1 31   -0.000817339
1 32   -0.000817339
1 33   -0.000817339
1 34   -0.000817339
1 35   -0.000817339
1 36   -0.000817339
1 37   -0.000817339
1 38   -0.000817339
1 39   -0.000817339
1 40   -0.000817339
2 1   0.00298928
2 2   0.00298928
2 3   0.00298928
2 4   0.00298928
2 5   0.00298928
2 6   0.00298928
2 7   0.00298928
2 8   0.00298928
2 9   0.00298928
2 10   0.00298928
2 11   0.00298928
2 12   0.00298928
2 13   0.00298928
2 14   0.00298928
2 15   0.00298928
2 16   0.00298928
2 17   0.00298928
2 18   0.00298928
2 19   0.00298928
2 20   0.00298928
2 21   0.00298928
2 22   0.00298928
2 23   0.00298928
2 24   0.00298928
2 25   0.00298928
2 26   0.00298928
2 27   0.00298928
2 28   0.00298928
2 29   0.00298928
2 30   0.00298928
2 31   0.00298928
2 32   0.00298928
2 33   0.00298928
2 34   0.00298928
2 35   0.00298928
2 36   0.00298928
2 37   0.00298928
2 38   0.00298928
2 39   0.00298928
2 40   0.00298928
3 1   -5.84632e-005
3 2   -5.84632e-005
3 3   -5.84632e-005
3 4   -5.84632e-005
3 5   -5.84632e-005
3 6   -5.84632e-005
3 7   -5.84632e-005
3 8   -5.84632e-005
3 9   -5.84632e-005
3 10   -5.84632e-005
3 11   -5.84632e-005
3 12   -5.84632e-005
3 13   -5.84632e-005
3 14   -5.84632e-005
3 15   -5.84632e-005
3 16   -5.84632e-005
3 17   -5.84632e-005
3 18   -5.84632e-005
3 19   -5.84632e-005
3 20   -5.84632e-005
3 21   -5.84632e-005
3 22   -5.84632e-005
3 23   -5.84632e-005
3 24   -5.84632e-005
3 25   -5.84632e-005
3 26   -5.84632e-005
3 27   -5.84632e-005
3 28   -5.84632e-005
3 29   -5.84632e-005
3 30   -5.84632e-005
3 31   -5.84632e-005
3 32   -5.84632e-005
3 33   -5.84632e-005
3 34   -5.84632e-005
3 35   -5.84632e-005
3 36   -5.84632e-005
3 37   -5.84632e-005
3 38   -5.84632e-005
3 39   -5.84632e-005
3 40   -5.84632e-005
4 1   -0.00467172
4 2   -0.00467172
4 3   -0.00467172
4 4   -0.00467172
4 5   -0.00467172
4 6   -0.00467172
4 7   -0.00467172
4 8   -0.00467172
4 9   -0.00467172
4 10   -0.00467172
4 11   -0.00467172
4 12   -0.00467172
4 13   -0.00467172
4 14   -0.00467172
4 15   -0.00467172
4 16   -0.00467172
4 17   -0.00467172
4 18   -0.00467172
4 19   -0.00467172
4 20   -0.00467172
4 21   -0.00467172
4 22   -0.00467172
4 23   -0.00467172
4 24   -0.00467172
4 25   -0.00467172
4 26   -0.00467172
4 27   -0.00467172
4 28   -0.00467172
4 29   -0.00467172
4 30   -0.00467172
4 31   -0.00467172
4 32   -0.00467172
4 33   -0.00467172
4 34   -0.00467172
4 35   -0.00467172
4 36   -0.00467172
4 37   -0.00467172
4 38   -0.00467172
4 39   -0.00467172
4 40   -0.00467172
5 1   -0.00147888
5 2   -0.00147888
5 3   -0.00147888
5 4   -0.00147888
5 5   -0.00147888
5 6   -0.00147888
5 7   -0.00147888
5 8   -0.00147888
5 9   -0.00147888
5 10   -0.00147888
5 11   -0.00147888
5 12   -0.00147888
5 13   -0.00147888
5 14   -0.00147888
5 15   -0.00147888
5 16   -0.00147888
5 17   -0.00147888
5 18   -0.00147888
5 19   -0.00147888
5 20   -0.00147888
5 21   -0.00147888
5 22   -0.00147888
5 23   -0.00147888
5 24   -0.00147888
5 25   -0.00147888
5 26   -0.00147888
5 27   -0.00147888
5 28   -0.00147888
5 29   -0.00147888
5 30   -0.00147888
5 31   -0.00147888
5 32   -0.00147888
5 33   -0.00147888
5 34   -0.00147888
5 35   -0.00147888
5 36   -0.00147888
5 37   -0.00147888
5 38   -0.00147888
5 39   -0.00147888
5 40   -0.00147888
6 1   0.00732774
6 2   0.00732774
6 3   0.00732774
6 4   0.00732774
6 5   0.00732774
6 6   0.00732774
6 7   0.00732774
6 8   0.00732774
6 9   0.00732774
6 10   0.00732774
6 11   0.00732774
6 12   0.00732774
6 13   0.00732774
6 14   0.00732774
6 15   0.00732774
6 16   0.00732774
6 17   0.00732774
6 18   0.00732774
6 19   0.00732774
6 20   0.00732774
6 21   0.00732774
6 22   0.00732774
6 23   0.00732774
6 24   0.00732774
6 25   0.00732774
6 26   0.00732774
6 27   0.00732774
6 28   0.00732774
6 29   0.00732774
6 30   0.00732774
6 31   0.00732774
6 32   0.00732774
6 33   0.00732774
6 34   0.00732774
6 35   0.00732774
6 36   0.00732774
6 37   0.00732774
6 38   0.00732774
6 39   0.00732774
6 40   0.00732774
7 1   0.00677712
7 2   0.00677712
7 3   0.00677712
7 4   0.00677712
7 5   0.00677712
7 6   0.00677712
7 7   0.00677712
7 8   0.00677712
7 9   0.00677712
7 10   0.00677712
7 11   0.00677712
7 12   0.00677712
7 13   0.00677712
7 14   0.00677712
7 15   0.00677712
7 16   0.00677712
7 17   0.00677712
7 18   0.00677712
7 19   0.00677712
7 20   0.00677712
7 21   0.00677712
7 22   0.00677712
7 23   0.00677712
7 24   0.00677712
7 25   0.00677712
7 26   0.00677712
7 27   0.00677712
7 28   0.00677712
7 29   0.00677712
7 30   0.00677712
7 31   0.00677712
7 32   0.00677712
7 33   0.00677712
7 34   0.00677712
7 35   0.00677712
7 36   0.00677712
7 37   0.00677712
7 38   0.00677712
7 39   0.00677712
7 40   0.00677712
8 1   -0.00800665
8 2   -0.00800665
8 3   -0.00800665
8 4   -0.00800665
8 5   -0.00800665
8 6   -0.00800665
8 7   -0.00800665
8 8   -0.00800665
8 9   -0.00800665
8 10   -0.00800665
8 11   -0.00800665
8 12   -0.00800665
8 13   -0.00800665
8 14   -0.00800665
8 15   -0.00800665
8 16   -0.00800665
8 17   -0.00800665
8 18   -0.00800665
8 19   -0.00800665
8 20   -0.00800665
8 21   -0.00800665
8 22   -0.00800665
8 23   -0.00800665
8 24   -0.00800665
8 25   -0.00800665
8 26   -0.00800665
8 27   -0.00800665
8 28   -0.00800665
8 29   -0.00800665
8 30   -0.00800665
8 31   -0.00800665
8 32   -0.00800665
8 33   -0.00800665
8 34   -0.00800665
8 35   -0.00800665
8 36   -0.00800665
8 37   -0.00800665
8 38   -0.00800665
8 39   -0.00800665
8 40   -0.00800665
9 1   -0.0125781
9 2   -0.0125781
9 3   -0.0125781
9 4   -0.0125781
9 5   -0.0125781
9 6   -0.0125781
9 7   -0.0125781
9 8   -0.0125781
9 9   -0.0125781
9 10   -0.0125781
9 11   -0.0125781
9 12   -0.0125781
9 13   -0.0125781
9 14   -0.0125781
9 15   -0.0125781
9 16   -0.0125781
9 17   -0.0125781
9 18   -0.0125781
9 19   -0.0125781
9 20   -0.0125781
9 21   -0.0125781
9 22   -0.0125781
9 23   -0.0125781
9 24   -0.0125781
9 25   -0.0125781
9 26   -0.0125781
9 27   -0.0125781
9 28   -0.0125781
9 29   -0.0125781
9 30   -0.0125781
9 31   -0.0125781
9 32   -0.0125781
9 33   -0.0125781
9 34   -0.0125781
9 35   -0.0125781
9 36   -0.0125781
9 37   -0.0125781
9 38   -0.0125781
9 39   -0.0125781
9 40   -0.0125781
10 1   0.00785268
10 2   0.00785268
10 3   0.00785268
10 4   0.00785268
10 5   0.00785268
10 6   0.00785268
10 7   0.00785268
10 8   0.00785268
10 9   0.00785268
10 10   0.00785268
10 11   0.00785268
10 12   0.00785268
10 13   0.00785268
10 14   0.00785268
10 15   0.00785268
10 16   0.00785268
10 17   0.00785268
10 18   0.00785268
10 19   0.00785268
10 20   0.00785268
10 21   0.00785268
10 22   0.00785268
10 23   0.00785268
10 24   0.00785268
10 25   0.00785268
10 26   0.00785268
10 27   0.00785268
10 28   0.00785268
10 29   0.00785268
10 30   0.00785268
10 31   0.00785268
10 32   0.00785268
10 33   0.00785268
10 34   0.00785268
10 35   0.00785268
10 36   0.00785268
10 37   0.00785268
10 38   0.00785268
10 39   0.00785268
10 40   0.00785268
11 1   0.0250394
11 2   0.0250394
11 3   0.0250394
11 4   0.0250394
11 5   0.0250394
11 6   0.0250394
11 7   0.0250394
11 8   0.0250394
11 9   0.0250394
11 10   0.0250394
11 11   0.0250394
11 12   0.0250394
11 13   0.0250394
11 14   0.0250394
11 15   0.0250394
11 16   0.0250394
11 17   0.0250394
11 18   0.0250394
11 19   0.0250394
11 20   0.0250394
11 21   0.0250394
11 22   0.0250394
11 23   0.0250394
11 24   0.0250394
11 25   0.0250394
11 26   0.0250394
11 27   0.0250394
11 28   0.0250394
11 29   0.0250394
11 30   0.0250394
11 31   0.0250394
11 32   0.0250394
11 33   0.0250394
11 34   0.0250394
11 35   0.0250394
11 36   0.0250394
11 37   0.0250394
11 38   0.0250394
11 39   0.0250394
11 40   0.0250394
12 1   0.0201
12 2   0.0201
12 3   0.0201
12 4   0.0201
12 5   0.0201
12 6   0.0201
12 7   0.0201
12 8   0.0201
12 9   0.0201
12 10   0.0201
12 11   0.0201
12 12   0.0201
12 13   0.0201
12 14   0.0201
12 15   0.0201
12 16   0.0201
12 17   0.0201
12 18   0.0201
12 19   0.0201
12 20   0.0201
12 21   0.0201
12 22   0.0201
12 23   0.0201
12 24   0.0201
12 25   0.0201
12 26   0.0201
12 27   0.0201
12 28   0.0201
12 29   0.0201
12 30   0.0201
12 31   0.0201
12 32   0.0201
12 33   0.0201
12 34   0.0201
12 35   0.0201
12 36   0.0201
12 37   0.0201
12 38   0.0201
12 39   0.0201
12 40   0.0201
13 1   0.00929963
13 2   0.00929963
13 3   0.00929963
13 4   0.00929963
13 5   0.00929963
13 6   0.00929963
13 7   0.00929963
13 8   0.00929963
13 9   0.00929963
13 10   0.00929963
13 11   0.00929963
13 12   0.00929963
13 13   0.00929963
13 14   0.00929963
13 15   0.00929963
13 16   0.00929963
13 17   0.00929963
13 18   0.00929963
13 19   0.00929963
13 20   0.00929963
13 21   0.00929963
13 22   0.00929963
13 23   0.00929963
13 24   0.00929963
13 25   0.00929963
13 26   0.00929963
13 27   0.00929963
13 28   0.00929963
13 29   0.00929963
13 30   0.00929963
13 31   0.00929963
13 32   0.00929963
13 33   0.00929963
13 34   0.00929963
13 35   0.00929963
13 36   0.00929963
13 37   0.00929963
13 38   0.00929963
13 39   0.00929963
13 40   0.00929963
14 1   0.0204869
14 2   0.0204869
14 3   0.0204869
14 4   0.0204869
14 5   0.0204869
14 6   0.0204869
14 7   0.0204869
14 8   0.0204869
14 9   0.0204869
14 10   0.0204869
14 11   0.0204869
14 12   0.0204869
14 13   0.0204869
14 14   0.0204869
14 15   0.0204869
14 16   0.0204869
14 17   0.0204869
14 18   0.0204869
14 19   0.0204869
14 20   0.0204869
14 21   0.0204869
14 22   0.0204869
14 23   0.0204869
14 24   0.0204869
14 25   0.0204869
14 26   0.0204869
14 27   0.0204869
14 28   0.0204869
14 29   0.0204869
14 30   0.0204869
14 31   0.0204869
14 32   0.0204869
14 33   0.0204869
14 34   0.0204869
14 35   0.0204869
14 36   0.0204869
14 37   0.0204869
14 38   0.0204869
14 39   0.0204869
14 40   0.0204869
15 1   0.0698228
15 2   0.0698228
15 3   0.0698228
15 4   0.0698228
15 5   0.0698228
15 6   0.0698228
15 7   0.0698228
15 8   0.0698228
15 9   0.0698228
15 10   0.0698228
15 11   0.0698228
15 12   0.0698228
15 13   0.0698228
15 14   0.0698228
15 15   0.0698228
15 16   0.0698228
15 17   0.0698228
15 18   0.0698228
15 19   0.0698228
15 20   0.0698228
15 21   0.0698228
15 22   0.0698228
15 23   0.0698228
15 24   0.0698228
15 25   0.0698228
15 26   0.0698228
15 27   0.0698228
15 28   0.0698228
15 29   0.0698228
15 30   0.0698228
15 31   0.0698228
15 32   0.0698228
15 33   0.0698228
15 34   0.0698228
15 35   0.0698228
15 36   0.0698228
15 37   0.0698228
15 38   0.0698228
15 39   0.0698228
15 40   0.0698228
16 1   0.15309
16 2   0.15309
16 3   0.15309
16 4   0.15309
16 5   0.15309
16 6   0.15309
16 7   0.15309
16 8   0.15309
16 9   0.15309
16 10   0.15309
16 11   0.15309
16 12   0.15309
16 13   0.15309
16 14   0.15309
16 15   0.15309
16 16   0.15309
16 17   0.15309
16 18   0.15309
16 19   0.15309
16 20   0.15309
16 21   0.15309
16 22   0.15309
16 23   0.15309
16 24   0.15309
16 25   0.15309
16 26   0.15309
16 27   0.15309
16 28   0.15309
16 29   0.15309
16 30   0.15309
16 31   0.15309
16 32   0.15309
16 33   0.15309
16 34   0.15309
16 35   0.15309
16 36   0.15309
16 37   0.15309
16 38   0.15309
16 39   0.15309
16 40   0.15309
17 1   0.247311
17 2   0.247311
17 3   0.247311
17 4   0.247311
17 5   0.247311
17 6   0.247311
17 7   0.247311
17 8   0.247311
17 9   0.247311
17 10   0.247311
17 11   0.247311
17 12   0.247311
17 13   0.247311
17 14   0.247311
17 15   0.247311
17 16   0.247311
17 17   0.247311
17 18   0.247311
17 19   0.247311
17 20   0.247311
17 21   0.247311
17 22   0.247311
17 23   0.247311
17 24   0.247311
17 25   0.247311
17 26   0.247311
17 27   0.247311
17 28   0.247311
17 29   0.247311
17 30   0.247311
17 31   0.247311
17 32   0.247311
17 33   0.247311
17 34   0.247311
17 35   0.247311
17 36   0.247311
17 37   0.247311
17 38   0.247311
17 39   0.247311
17 40   0.247311
18 1   0.324734
18 2   0.324734
18 3   0.324734
18 4   0.324734
18 5   0.324734
18 6   0.324734
18 7   0.324734
18 8   0.324734
18 9   0.324734
18 10   0.324734
18 11   0.324734
18 12   0.324734
18 13   0.324734
18 14   0.324734
18 15   0.324734
18 16   0.324734
18 17   0.324734
18 18   0.324734
18 19   0.324734
18 20   0.324734
18 21   0.324734
18 22   0.324734
18 23   0.324734
18 24   0.324734
18 25   0.324734
18 26   0.324734
18 27   0.324734
18 28   0.324734
18 29   0.324734
18 30   0.324734
18 31   0.324734
18 32   0.324734
18 33   0.324734
18 34   0.324734
18 35   0.324734
18 36   0.324734
18 37   0.324734
18 38   0.324734
18 39   0.324734
18 40   0.324734
19 1   0.382297
19 2   0.382297
19 3   0.382297
19 4   0.382297
19 5   0.382297
19 6   0.382297
19 7   0.382297
19 8   0.382297
19 9   0.382297
19 10   0.382297
19 11   0.382297
19 12   0.382297
19 13   0.382297
19 14   0.382297
19 15   0.382297
19 16   0.382297
19 17   0.382297
19 18   0.382297
19 19   0.382297
19 20   0.382297
19 21   0.382297
19 22   0.382297
19 23   0.382297
19 24   0.382297
19 25   0.382297
19 26   0.382297
19 27   0.382297
19 28   0.382297
19 29   0.382297
19 30   0.382297
19 31   0.382297
19 32   0.382297
19 33   0.382297
19 34   0.382297
19 35   0.382297
19 36   0.382297
19 37   0.382297
19 38   0.382297
19 39   0.382297
19 40   0.382297
20 1   0.430318
20 2   0.430318
20 3   0.430318
20 4   0.430318
20 5   0.430318
20 6   0.430318
20 7   0.430318
20 8   0.430318
20 9   0.430318
20 10   0.430318
20 11   0.430318
20 12   0.430318
20 13   0.430318
20 14   0.430318
20 15   0.430318
20 16   0.430318
20 17   0.430318
20 18   0.430318
20 19   0.430318
20 20   0.430318
20 21   0.430318
20 22   0.430318
20 23   0.430318
20 24   0.430318
20 25   0.430318
20 26   0.430318
20 27   0.430318
20 28   0.430318
20 29   0.430318
20 30   0.430318
20 31   0.430318
20 32   0.430318
20 33   0.430318
20 34   0.430318
20 35   0.430318
20 36   0.430318
20 37   0.430318
20 38   0.430318
20 39   0.430318
20 40   0.430318
21 1   0.475992
21 2   0.475992
21 3   0.475992
21 4   0.475992
21 5   0.475992
21 6   0.475992
21 7   0.475992
21 8   0.475992
21 9   0.475992
21 10   0.475992
21 11   0.475992
21 12   0.475992
21 13   0.475992
21 14   0.475992
21 15   0.475992
21 16   0.475992
21 17   0.475992
21 18   0.475992
21 19   0.475992
21 20   0.475992
21 21   0.475992
21 22   0.475992
21 23   0.475992
21 24   0.475992
21 25   0.475992
21 26   0.475992
21 27   0.475992
21 28   0.475992
21 29   0.475992
21 30   0.475992
21 31   0.475992
21 32   0.475992
21 33   0.475992
21 34   0.475992
21 35   0.475992
21 36   0.475992
21 37   0.475992
21 38   0.475992
21 39   0.475992
21 40   0.475992
22 1   0.523554
22 2   0.523554
22 3   0.523554
22 4   0.523554
22 5   0.523554
22 6   0.523554
22 7   0.523554
22 8   0.523554
22 9   0.523554
22 10   0.523554
22 11   0.523554
22 12   0.523554
22 13   0.523554
22 14   0.523554
22 15   0.523554
22 16   0.523554
22 17   0.523554
22 18   0.523554
22 19   0.523554
22 20   0.523554
22 21   0.523554
22 22   0.523554
22 23   0.523554
22 24   0.523554
22 25   0.523554
22 26   0.523554
22 27   0.523554
22 28   0.523554
22 29   0.523554
22 30   0.523554
22 31   0.523554
22 32   0.523554
22 33   0.523554
22 34   0.523554
22 35   0.523554
22 36   0.523554
22 37   0.523554
22 38   0.523554
22 39   0.523554
22 40   0.523554
23 1   0.570872
23 2   0.570872
23 3   0.570872
23 4   0.570872
23 5   0.570872
23 6   0.570872
23 7   0.570872
23 8   0.570872
23 9   0.570872
23 10   0.570872
23 11   0.570872
23 12   0.570872
23 13   0.570872
23 14   0.570872
23 15   0.570872
23 16   0.570872
23 17   0.570872
23 18   0.570872
23 19   0.570872
23 20   0.570872
23 21   0.570872
23 22   0.570872
23 23   0.570872
23 24   0.570872
23 25   0.570872
23 26   0.570872
23 27   0.570872
23 28   0.570872
23 29   0.570872
23 30   0.570872
23 31   0.570872
23 32   0.570872
23 33   0.570872
23 34   0.570872
23 35   0.570872
23 36   0.570872
23 37   0.570872
23 38   0.570872
23 39   0.570872
23 40   0.570872
24 1   0.617461
24 2   0.617461
24 3   0.617461
24 4   0.617461
24 5   0.617461
24 6   0.617461
24 7   0.617461
24 8   0.617461
24 9   0.617461
24 10   0.617461
24 11   0.617461
24 12   0.617461
24 13   0.617461
24 14   0.617461
24 15   0.617461
24 16   0.617461
24 17   0.617461
24 18   0.617461
24 19   0.617461
24 20   0.617461
24 21   0.617461
24 22   0.617461
24 23   0.617461
24 24   0.617461
24 25   0.617461
24 26   0.617461
24 27   0.617461
24 28   0.617461
24 29   0.617461
24 30   0.617461
24 31   0.617461
24 32   0.617461
24 33   0.617461
24 34   0.617461
24 35   0.617461
24 36   0.617461
24 37   0.617461
24 38   0.617461
24 39   0.617461
24 40   0.617461
25 1   0.674278
25 2   0.674278
25 3   0.674278
25 4   0.674278
25 5   0.674278
25 6   0.674278
25 7   0.674278
25 8   0.674278
25 9   0.674278
25 10   0.674278
25 11   0.674278
25 12   0.674278
25 13   0.674278
25 14   0.674278
25 15   0.674278
25 16   0.674278
25 17   0.674278
25 18   0.674278
25 19   0.674278
25 20   0.674278
25 21   0.674278
25 22   0.674278
25 23   0.674278
25 24   0.674278
25 25   0.674278
25 26   0.674278
25 27   0.674278
25 28   0.674278
25 29   0.674278
25 30   0.674278
25 31   0.674278
25 32   0.674278
25 33   0.674278
25 34   0.674278
25 35   0.674278
25 36   0.674278
25 37   0.674278
25 38   0.674278
25 39   0.674278
25 40   0.674278
26 1   0.754172
26 2   0.754172
26 3   0.754172
26 4   0.754172
26 5   0.754172
26 6   0.754172
26 7   0.754172
26 8   0.754172
26 9   0.754172
26 10   0.754172
26 11   0.754172
26 12   0.754172
26 13   0.754172
26 14   0.754172
26 15   0.754172
26 16   0.754172
26 17   0.754172
26 18   0.754172
26 19   0.754172
26 20   0.754172
26 21   0.754172
26 22   0.754172
26 23   0.754172
26 24   0.754172
26 25   0.754172
26 26   0.754172
26 27   0.754172
26 28   0.754172
26 29   0.754172
26 30   0.754172
26 31   0.754172
26 32   0.754172
26 33   0.754172
26 34   0.754172
26 35   0.754172
26 36   0.754172
26 37   0.754172
26 38   0.754172
26 39   0.754172
26 40   0.754172
27 1   0.847332
27 2   0.847332
27 3   0.847332
27 4   0.847332
27 5   0.847332
27 6   0.847332
27 7   0.847332
27 8   0.847332
27 9   0.847332
27 10   0.847332
27 11   0.847332
27 12   0.847332
27 13   0.847332
27 14   0.847332
27 15   0.847332
27 16   0.847332
27 17   0.847332
27 18   0.847332
27 19   0.847332
27 20   0.847332
27 21   0.847332
27 22   0.847332
27 23   0.847332
27 24   0.847332
27 25   0.847332
27 26   0.847332
27 27   0.847332
27 28   0.847332
27 29   0.847332
27 30   0.847332
27 31   0.847332
27 32   0.847332
27 33   0.847332
27 34   0.847332
27 35   0.847332
27 36   0.847332
27 37   0.847332
27 38   0.847332
27 39   0.847332
27 40   0.847332
28 1   0.928267
28 2   0.928267
28 3   0.928267
28 4   0.928267
28 5   0.928267
28 6   0.928267
28 7   0.928267
28 8   0.928267
28 9   0.928267
28 10   0.928267
28 11   0.928267
28 12   0.928267
28 13   0.928267
28 14   0.928267
28 15   0.928267
28 16   0.928267
28 17   0.928267
28 18   0.928267
28 19   0.928267
28 20   0.928267
28 21   0.928267
28 22   0.928267
28 23   0.928267
28 24   0.928267
28 25   0.928267
28 26   0.928267
28 27   0.928267
28 28   0.928267
28 29   0.928267
28 30   0.928267
28 31   0.928267
28 32   0.928267
28 33   0.928267
28 34   0.928267
28 35   0.928267
28 36   0.928267
28 37   0.928267
28 38   0.928267
28 39   0.928267
28 40   0.928267
29 1   0.980574
29 2   0.980574
29 3   0.980574
29 4   0.980574
29 5   0.980574
29 6   0.980574
29 7   0.980574
29 8   0.980574
29 9   0.980574
29 10   0.980574
29 11   0.980574
29 12   0.980574
29 13   0.980574
29 14   0.980574
29 15   0.980574
29 16   0.980574
29 17   0.980574
29 18   0.980574
29 19   0.980574
29 20   0.980574
29 21   0.980574
29 22   0.980574
29 23   0.980574
29 24   0.980574
29 25   0.980574
29 26   0.980574
29 27   0.980574
29 28   0.980574
29 29   0.980574
29 30   0.980574
29 31   0.980574
29 32   0.980574
29 33   0.980574
29 34   0.980574
29 35   0.980574
29 36   0.980574
29 37   0.980574
29 38   0.980574
29 39   0.980574
29 40   0.980574
30 1   0.992622
30 2   0.992622
30 3   0.992622
30 4   0.992622
30 5   0.992622
30 6   0.992622
30 7   0.992622
30 8   0.992622
30 9   0.992622
30 10   0.992622
30 11   0.992622
30 12   0.992622
30 13   0.992622
30 14   0.992622
30 15   0.992622
30 16   0.992622
30 17   0.992622
30 18   0.992622
30 19   0.992622
30 20   0.992622
30 21   0.992622
30 22   0.992622
30 23   0.992622
30 24   0.992622
30 25   0.992622
30 26   0.992622
30 27   0.992622
30 28   0.992622
30 29   0.992622
30 30   0.992622
30 31   0.992622
30 32   0.992622
30 33   0.992622
30 34   0.992622
30 35   0.992622
30 36   0.992622
30 37   0.992622
30 38   0.992622
30 39   0.992622
30 40   0.992622
31 1   0.977804
31 2   0.977804
31 3   0.977804
31 4   0.977804
31 5   0.977804
31 6   0.977804
31 7   0.977804
31 8   0.977804
31 9   0.977804
31 10   0.977804
31 11   0.977804
31 12   0.977804
31 13   0.977804
31 14   0.977804
31 15   0.977804
31 16   0.977804
31 17   0.977804
31 18   0.977804
31 19   0.977804
31 20   0.977804
31 21   0.977804
31 22   0.977804
31 23   0.977804
31 24   0.977804
31 25   0.977804
31 26   0.977804
31 27   0.977804
31 28   0.977804
31 29   0.977804
31 30   0.977804
31 31   0.977804
31 32   0.977804
31 33   0.977804
31 34   0.977804
31 35   0.977804
31 36   0.977804
31 37   0.977804
31 38   0.977804
31 39   0.977804
31 40   0.977804
32 1   0.974376
32 2   0.974376
32 3   0.974376
32 4   0.974376
32 5   0.974376
32 6   0.974376
32 7   0.974376
32 8   0.974376
32 9   0.974376
32 10   0.974376
32 11   0.974376
32 12   0.974376
32 13   0.974376
32 14   0.974376
32 15   0.974376
32 16   0.974376
32 17   0.974376
32 18   0.974376
32 19   0.974376
32 20   0.974376
32 21   0.974376
32 22   0.974376
32 23   0.974376
32 24   0.974376
32 25   0.974376
32 26   0.974376
32 27   0.974376
32 28   0.974376
32 29   0.974376
32 30   0.974376
32 31   0.974376
32 32   0.974376
32 33   0.974376
32 34   0.974376
32 35   0.974376
32 36   0.974376
32 37   0.974376
32 38   0.974376
32 39   0.974376
32 40   0.974376
33 1   0.994561
33 2   0.994561
33 3   0.994561
33 4   0.994561
33 5   0.994561
33 6   0.994561
33 7   0.994561
33 8   0.994561
33 9   0.994561
33 10   0.994561
33 11   0.994561
33 12   0.994561
33 13   0.994561
33 14   0.994561
33 15   0.994561
33 16   0.994561
33 17   0.994561
33 18   0.994561
33 19   0.994561
33 20   0.994561
33 21   0.994561
33 22   0.994561
33 23   0.994561
33 24   0.994561
33 25   0.994561
33 26   0.994561
33 27   0.994561
33 28   0.994561
33 29   0.994561
33 30   0.994561
33 31   0.994561
33 32   0.994561
33 33   0.994561
33 34   0.994561
33 35   0.994561
33 36   0.994561
33 37   0.994561
33 38   0.994561
33 39   0.994561
33 40   0.994561
34 1   1.01246
34 2   1.01246
34 3   1.01246
34 4   1.01246
34 5   1.01246
34 6   1.01246
34 7   1.01246
34 8   1.01246
34 9   1.01246
34 10   1.01246
34 11   1.01246
34 12   1.01246
34 13   1.01246
34 14   1.01246
34 15   1.01246
34 16   1.01246
34 17   1.01246
34 18   1.01246
34 19   1.01246
34 20   1.01246
34 21   1.01246
34 22   1.01246
34 23   1.01246
34 24   1.01246
34 25   1.01246
34 26   1.01246
34 27   1.01246
34 28   1.01246
34 29   1.01246
34 30   1.01246
34 31   1.01246
34 32   1.01246
34 33   1.01246
34 34   1.01246
34 35   1.01246
34 36   1.01246
34 37   1.01246
34 38   1.01246
34 39   1.01246
34 40   1.01246
35 1   1.0066
35 2   1.0066
35 3   1.0066
35 4   1.0066
35 5   1.0066
35 6   1.0066
35 7   1.0066
35 8   1.0066
35 9   1.0066
35 10   1.0066
35 11   1.0066
35 12   1.0066
35 13   1.0066
35 14   1.0066
35 15   1.0066
35 16   1.0066
35 17   1.0066
35 18   1.0066
35 19   1.0066
35 20   1.0066
35 21   1.0066
35 22   1.0066
35 23   1.0066
35 24   1.0066
35 25   1.0066
35 26   1.0066
35 27   1.0066
35 28   1.0066
35 29   1.0066
35 30   1.0066
35 31   1.0066
35 32   1.0066
35 33   1.0066
35 34   1.0066
35 35   1.0066
35 36   1.0066
35 37   1.0066
35 38   1.0066
35 39   1.0066
35 40   1.0066
36 1   0.993356
36 2   0.993356
36 3   0.993356
36 4   0.993356
36 5   0.993356
36 6   0.993356
36 7   0.993356
36 8   0.993356
36 9   0.993356
36 10   0.993356
36 11   0.993356
36 12   0.993356
36 13   0.993356
36 14   0.993356
36 15   0.993356
36 16   0.993356
36 17   0.993356
36 18   0.993356
36 19   0.993356
36 20   0.993356
36 21   0.993356
36 22   0.993356
36 23   0.993356
36 24   0.993356
36 25   0.993356
36 26   0.993356
36 27   0.993356
36 28   0.993356
36 29   0.993356
36 30   0.993356
36 31   0.993356
36 32   0.993356
36 33   0.993356
36 34   0.993356
36 35   0.993356
36 36   0.993356
36 37   0.993356
36 38   0.993356
36 39   0.993356
36 40   0.993356
37 1   0.993325
37 2   0.993325
37 3   0.993325
37 4   0.993325
37 5   0.993325
37 6   0.993325
37 7   0.993325
37 8   0.993325
37 9   0.993325
37 10   0.993325
37 11   0.993325
37 12   0.993325
37 13   0.993325
37 14   0.993325
37 15   0.993325
37 16   0.993325
37 17   0.993325
37 18   0.993325
37 19   0.993325
37 20   0.993325
37 21   0.993325
37 22   0.993325
37 23   0.993325
37 24   0.993325
37 25   0.993325
37 26   0.993325
37 27   0.993325
37 28   0.993325
37 29   0.993325
37 30   0.993325
37 31   0.993325
37 32   0.993325
37 33   0.993325
37 34   0.993325
37 35   0.993325
37 36   0.993325
37 37   0.993325
37 38   0.993325
37 39   0.993325
37 40   0.993325
38 1   1.00301
38 2   1.00301
38 3   1.00301
38 4   1.00301
38 5   1.00301
38 6   1.00301
38 7   1.00301
38 8   1.00301
38 9   1.00301
38 10   1.00301
38 11   1.00301
38 12   1.00301
38 13   1.00301
38 14   1.00301
38 15   1.00301
38 16   1.00301
38 17   1.00301
38 18   1.00301
38 19   1.00301
38 20   1.00301
38 21   1.00301
38 22   1.00301
38 23   1.00301
38 24   1.00301
38 25   1.00301
38 26   1.00301
38 27   1.00301
38 28   1.00301
38 29   1.00301
38 30   1.00301
38 31   1.00301
38 32   1.00301
38 33   1.00301
38 34   1.00301
38 35   1.00301
38 36   1.00301
38 37   1.00301
38 38   1.00301
38 39   1.00301
38 40   1.00301
39 1   1.00433
39 2   1.00433
39 3   1.00433
39 4   1.00433
39 5   1.00433
39 6   1.00433
39 7   1.00433
39 8   1.00433
39 9   1.00433
39 10   1.00433
39 11   1.00433
39 12   1.00433
39 13   1.00433
39 14   1.00433
39 15   1.00433
39 16   1.00433
39 17   1.00433
39 18   1.00433
39 19   1.00433
39 20   1.00433
39 21   1.00433
39 22   1.00433
39 23   1.00433
39 24   1.00433
39 25   1.00433
39 26   1.00433
39 27   1.00433
39 28   1.00433
39 29   1.00433
39 30   1.00433
39 31   1.00433
39 32   1.00433
39 33   1.00433
39 34   1.00433
39 35   1.00433
39 36   1.00433
39 37   1.00433
39 38   1.00433
39 39   1.00433
39 40   1.00433
40 1   0.997317
40 2   0.997317
40 3   0.997317
40 4   0.997317
40 5   0.997317
40 6   0.997317
40 7   0.997317
40 8   0.997317
40 9   0.997317
40 10   0.997317
40 11   0.997317
40 12   0.997317
40 13   0.997317
40 14   0.997317
40 15   0.997317
40 16   0.997317
40 17   0.997317
40 18   0.997317
40 19   0.997317
40 20   0.997317
40 21   0.997317
40 22   0.997317
40 23   0.997317
40 24   0.997317
40 25   0.997317
40 26   0.997317
40 27   0.997317
40 28   0.997317
40 29   0.997317
40 30   0.997317
40 31   0.997317
40 32   0.997317
40 33   0.997317
40 34   0.997317
40 35   0.997317
40 36   0.997317
40 37   0.997317
40 38   0.997317
40 39   0.997317
40 40   0.997317
