1 1   0.96784
1 2   0.96784
1 3   0.96784
1 4   0.96784
1 5   0.96784
1 6   0.96784
1 7   0.96784
1 8   0.96784
1 9   0.96784
1 10   0.96784
1 11   0.96784
1 12   0.96784
1 13   0.96784
1 14   0.96784
1 15   0.96784
1 16   0.96784
1 17   0.96784
1 18   0.96784
1 19   0.96784
1 20   0.96784
1 21   0.96784
1 22   0.96784
1 23   0.96784
1 24   0.96784
1 25   0.96784
1 26   0.96784
1 27   0.96784
1 28   0.96784
1 29   0.96784
1 30   0.96784
1 31   0.96784
1 32   0.96784
1 33   0.96784
1 34   0.96784
1 35   0.96784
1 36   0.96784
1 37   0.96784
1 38   0.96784
1 39   0.96784
1 40   0.96784
2 1   0.965088
2 2   0.965088
2 3   0.965088
2 4   0.965088
2 5   0.965088
2 6   0.965088
2 7   0.965088
2 8   0.965088
2 9   0.965088
2 10   0.965088
2 11   0.965088
2 12   0.965088
2 13   0.965088
2 14   0.965088
2 15   0.965088
2 16   0.965088
2 17   0.965088
2 18   0.965088
2 19   0.965088
2 20   0.965088
2 21   0.965088
2 22   0.965088
2 23   0.965088
2 24   0.965088
2 25   0.965088
2 26   0.965088
2 27   0.965088
2 28   0.965088
2 29   0.965088
2 30   0.965088
2 31   0.965088
2 32   0.965088
2 33   0.965088
2 34   0.965088
2 35   0.965088
2 36   0.965088
2 37   0.965088
2 38   0.965088
2 39   0.965088
2 40   0.965088
3 1   0.957548
3 2   0.957548
3 3   0.957548
3 4   0.957548
3 5   0.957548
3 6   0.957548
3 7   0.957548
3 8   0.957548
3 9   0.957548
3 10   0.957548
3 11   0.957548
3 12   0.957548
3 13   0.957548
3 14   0.957548
3 15   0.957548
3 16   0.957548
3 17   0.957548
3 18   0.957548
3 19   0.957548
3 20   0.957548
3 21   0.957548
3 22   0.957548
3 23   0.957548
3 24   0.957548
3 25   0.957548
3 26   0.957548
3 27   0.957548
3 28   0.957548
3 29   0.957548
3 30   0.957548
3 31   0.957548
3 32   0.957548
3 33   0.957548
3 34   0.957548
3 35   0.957548
3 36   0.957548
3 37   0.957548
3 38   0.957548
3 39   0.957548
3 40   0.957548
4 1   0.942417
4 2   0.942417
4 3   0.942417
4 4   0.942417
4 5   0.942417
4 6   0.942417
4 7   0.942417
4 8   0.942417
4 9   0.942417
4 10   0.942417
4 11   0.942417
4 12   0.942417
4 13   0.942417
4 14   0.942417
4 15   0.942417
4 16   0.942417
4 17   0.942417
4 18   0.942417
4 19   0.942417
4 20   0.942417
4 21   0.942417
4 22   0.942417
4 23   0.942417
4 24   0.942417
4 25   0.942417
4 26   0.942417
4 27   0.942417
4 28   0.942417
4 29   0.942417
4 30   0.942417
4 31   0.942417
4 32   0.942417
4 33   0.942417
4 34   0.942417
4 35   0.942417
4 36   0.942417
4 37   0.942417
4 38   0.942417
4 39   0.942417
4 40   0.942417
5 1   0.917942
5 2   0.917942
5 3   0.917942
5 4   0.917942
5 5   0.917942
5 6   0.917942
5 7   0.917942
5 8   0.917942
5 9   0.917942
5 10   0.917942
5 11   0.917942
5 12   0.917942
5 13   0.917942
5 14   0.917942
5 15   0.917942
5 16   0.917942
5 17   0.917942
5 18   0.917942
5 19   0.917942
5 20   0.917942
5 21   0.917942
5 22   0.917942
5 23   0.917942
5 24   0.917942
5 25   0.917942
5 26   0.917942
5 27   0.917942
5 28   0.917942
5 29   0.917942
5 30   0.917942
5 31   0.917942
5 32   0.917942
5 33   0.917942
5 34   0.917942
5 35   0.917942
5 36   0.917942
5 37   0.917942
5 38   0.917942
5 39   0.917942
5 40   0.917942
6 1   0.88466
6 2   0.88466
6 3   0.88466
6 4   0.88466
6 5   0.88466
6 6   0.88466
6 7   0.88466
6 8   0.88466
6 9   0.88466
6 10   0.88466
6 11   0.88466
6 12   0.88466
6 13   0.88466
6 14   0.88466
6 15   0.88466
6 16   0.88466
6 17   0.88466
6 18   0.88466
6 19   0.88466
6 20   0.88466
6 21   0.88466
6 22   0.88466
6 23   0.88466
6 24   0.88466
6 25   0.88466
6 26   0.88466
6 27   0.88466
6 28   0.88466
6 29   0.88466
6 30   0.88466
6 31   0.88466
6 32   0.88466
6 33   0.88466
6 34   0.88466
6 35   0.88466
6 36   0.88466
6 37   0.88466
6 38   0.88466
6 39   0.88466
6 40   0.88466
7 1   0.845149
7 2   0.845149
7 3   0.845149
7 4   0.845149
7 5   0.845149
7 6   0.845149
7 7   0.845149
7 8   0.845149
7 9   0.845149
7 10   0.845149
7 11   0.845149
7 12   0.845149
7 13   0.845149
7 14   0.845149
7 15   0.845149
7 16   0.845149
7 17   0.845149
7 18   0.845149
7 19   0.845149
7 20   0.845149
7 21   0.845149
7 22   0.845149
7 23   0.845149
7 24   0.845149
7 25   0.845149
7 26   0.845149
7 27   0.845149
7 28   0.845149
7 29   0.845149
7 30   0.845149
7 31   0.845149
7 32   0.845149
7 33   0.845149
7 34   0.845149
7 35   0.845149
7 36   0.845149
7 37   0.845149
7 38   0.845149
7 39   0.845149
7 40   0.845149
8 1   0.802336
8 2   0.802336
8 3   0.802336
8 4   0.802336
8 5   0.802336
8 6   0.802336
8 7   0.802336
8 8   0.802336
8 9   0.802336
8 10   0.802336
8 11   0.802336
8 12   0.802336
8 13   0.802336
8 14   0.802336
8 15   0.802336
8 16   0.802336
8 17   0.802336
8 18   0.802336
8 19   0.802336
8 20   0.802336
8 21   0.802336
8 22   0.802336
8 23   0.802336
8 24   0.802336
8 25   0.802336
8 26   0.802336
8 27   0.802336
8 28   0.802336
8 29   0.802336
8 30   0.802336
8 31   0.802336
8 32   0.802336
8 33   0.802336
8 34   0.802336
8 35   0.802336
8 36   0.802336
8 37   0.802336
8 38   0.802336
8 39   0.802336
8 40   0.802336
9 1   0.75754
9 2   0.75754
9 3   0.75754
9 4   0.75754
9 5   0.75754
9 6   0.75754
9 7   0.75754
9 8   0.75754
9 9   0.75754
9 10   0.75754
9 11   0.75754
9 12   0.75754
9 13   0.75754
9 14   0.75754
9 15   0.75754
9 16   0.75754
9 17   0.75754
9 18   0.75754
9 19   0.75754
9 20   0.75754
9 21   0.75754
9 22   0.75754
9 23   0.75754
9 24   0.75754
9 25   0.75754
9 26   0.75754
9 27   0.75754
9 28   0.75754
9 29   0.75754
9 30   0.75754
9 31   0.75754
9 32   0.75754
9 33   0.75754
9 34   0.75754
9 35   0.75754
9 36   0.75754
9 37   0.75754
9 38   0.75754
9 39   0.75754
9 40   0.75754
10 1   0.709824
10 2   0.709824
10 3   0.709824
10 4   0.709824
10 5   0.709824
10 6   0.709824
10 7   0.709824
10 8   0.709824
10 9   0.709824
10 10   0.709824
10 11   0.709824
10 12   0.709824
10 13   0.709824
10 14   0.709824
10 15   0.709824
10 16   0.709824
10 17   0.709824
10 18   0.709824
10 19   0.709824
10 20   0.709824
10 21   0.709824
10 22   0.709824
10 23   0.709824
10 24   0.709824
10 25   0.709824
10 26   0.709824
10 27   0.709824
10 28   0.709824
10 29   0.709824
10 30   0.709824
10 31   0.709824
10 32   0.709824
10 33   0.709824
10 34   0.709824
10 35   0.709824
10 36   0.709824
10 37   0.709824
10 38   0.709824
10 39   0.709824
10 40   0.709824
11 1   0.657328
11 2   0.657328
11 3   0.657328
11 4   0.657328
11 5   0.657328
11 6   0.657328
11 7   0.657328
11 8   0.657328
11 9   0.657328
11 10   0.657328
11 11   0.657328
11 12   0.657328
11 13   0.657328
11 14   0.657328
11 15   0.657328
11 16   0.657328
11 17   0.657328
11 18   0.657328
11 19   0.657328
11 20   0.657328
11 21   0.657328
11 22   0.657328
11 23   0.657328
11 24   0.657328
11 25   0.657328
11 26   0.657328
11 27   0.657328
11 28   0.657328
11 29   0.657328
11 30   0.657328
11 31   0.657328
11 32   0.657328
11 33   0.657328
11 34   0.657328
11 35   0.657328
11 36   0.657328
11 37   0.657328
11 38   0.657328
11 39   0.657328
11 40   0.657328
12 1   0.599772
12 2   0.599772
12 3   0.599772
12 4   0.599772
12 5   0.599772
12 6   0.599772
12 7   0.599772
12 8   0.599772
12 9   0.599772
12 10   0.599772
12 11   0.599772
12 12   0.599772
12 13   0.599772
12 14   0.599772
12 15   0.599772
12 16   0.599772
12 17   0.599772
12 18   0.599772
12 19   0.599772
12 20   0.599772
12 21   0.599772
12 22   0.599772
12 23   0.599772
12 24   0.599772
12 25   0.599772
12 26   0.599772
12 27   0.599772
12 28   0.599772
12 29   0.599772
12 30   0.599772
12 31   0.599772
12 32   0.599772
12 33   0.599772
12 34   0.599772
12 35   0.599772
12 36   0.599772
12 37   0.599772
12 38   0.599772
12 39   0.599772
12 40   0.599772
13 1   0.540366
13 2   0.540366
13 3   0.540366
13 4   0.540366
13 5   0.540366
13 6   0.540366
13 7   0.540366
13 8   0.540366
13 9   0.540366
13 10   0.540366
13 11   0.540366
13 12   0.540366
13 13   0.540366
13 14   0.540366
13 15   0.540366
13 16   0.540366
13 17   0.540366
13 18   0.540366
13 19   0.540366
13 20   0.540366
13 21   0.540366
13 22   0.540366
13 23   0.540366
13 24   0.540366
13 25   0.540366
13 26   0.540366
13 27   0.540366
13 28   0.540366
13 29   0.540366
13 30   0.540366
13 31   0.540366
13 32   0.540366
13 33   0.540366
13 34   0.540366
13 35   0.540366
13 36   0.540366
13 37   0.540366
13 38   0.540366
13 39   0.540366
13 40   0.540366
14 1   0.485774
14 2   0.485774
14 3   0.485774
14 4   0.485774
14 5   0.485774
14 6   0.485774
14 7   0.485774
14 8   0.485774
14 9   0.485774
14 10   0.485774
14 11   0.485774
14 12   0.485774
14 13   0.485774
14 14   0.485774
14 15   0.485774
14 16   0.485774
14 17   0.485774
14 18   0.485774
14 19   0.485774
14 20   0.485774
14 21   0.485774
14 22   0.485774
14 23   0.485774
14 24   0.485774
14 25   0.485774
14 26   0.485774
14 27   0.485774
14 28   0.485774
14 29   0.485774
14 30   0.485774
14 31   0.485774
14 32   0.485774
14 33   0.485774
14 34   0.485774
14 35   0.485774
14 36   0.485774
14 37   0.485774
14 38   0.485774
14 39   0.485774
14 40   0.485774
15 1   0.444093
15 2   0.444093
15 3   0.444093
15 4   0.444093
15 5   0.444093
15 6   0.444093
15 7   0.444093
15 8   0.444093
15 9   0.444093
15 10   0.444093
15 11   0.444093
15 12   0.444093
15 13   0.444093
15 14   0.444093
15 15   0.444093
15 16   0.444093
15 17   0.444093
15 18   0.444093
15 19   0.444093
15 20   0.444093
15 21   0.444093
15 22   0.444093
15 23   0.444093
15 24   0.444093
15 25   0.444093
15 26   0.444093
15 27   0.444093
15 28   0.444093
15 29   0.444093
15 30   0.444093
15 31   0.444093
15 32   0.444093
15 33   0.444093
15 34   0.444093
15 35   0.444093
15 36   0.444093
15 37   0.444093
15 38   0.444093
15 39   0.444093
15 40   0.444093
16 1   0.421978
16 2   0.421978
16 3   0.421978
16 4   0.421978
16 5   0.421978
16 6   0.421978
16 7   0.421978
16 8   0.421978
16 9   0.421978
16 10   0.421978
16 11   0.421978
16 12   0.421978
16 13   0.421978
16 14   0.421978
16 15   0.421978
16 16   0.421978
16 17   0.421978
16 18   0.421978
16 19   0.421978
16 20   0.421978
16 21   0.421978
16 22   0.421978
16 23   0.421978
16 24   0.421978
16 25   0.421978
16 26   0.421978
16 27   0.421978
16 28   0.421978
16 29   0.421978
16 30   0.421978
16 31   0.421978
16 32   0.421978
16 33   0.421978
16 34   0.421978
16 35   0.421978
16 36   0.421978
16 37   0.421978
16 38   0.421978
16 39   0.421978
16 40   0.421978
17 1   0.422348
17 2   0.422348
17 3   0.422348
17 4   0.422348
17 5   0.422348
17 6   0.422348
17 7   0.422348
17 8   0.422348
17 9   0.422348
17 10   0.422348
17 11   0.422348
17 12   0.422348
17 13   0.422348
17 14   0.422348
17 15   0.422348
17 16   0.422348
17 17   0.422348
17 18   0.422348
17 19   0.422348
17 20   0.422348
17 21   0.422348
17 22   0.422348
17 23   0.422348
17 24   0.422348
17 25   0.422348
17 26   0.422348
17 27   0.422348
17 28   0.422348
17 29   0.422348
17 30   0.422348
17 31   0.422348
17 32   0.422348
17 33   0.422348
17 34   0.422348
17 35   0.422348
17 36   0.422348
17 37   0.422348
17 38   0.422348
17 39   0.422348
17 40   0.422348
18 1   0.443451
18 2   0.443451
18 3   0.443451
18 4   0.443451
18 5   0.443451
18 6   0.443451
18 7   0.443451
18 8   0.443451
18 9   0.443451
18 10   0.443451
18 11   0.443451
18 12   0.443451
18 13   0.443451
18 14   0.443451
18 15   0.443451
18 16   0.443451
18 17   0.443451
18 18   0.443451
18 19   0.443451
18 20   0.443451
18 21   0.443451
18 22   0.443451
18 23   0.443451
18 24   0.443451
18 25   0.443451
18 26   0.443451
18 27   0.443451
18 28   0.443451
18 29   0.443451
18 30   0.443451
18 31   0.443451
18 32   0.443451
18 33   0.443451
18 34   0.443451
18 35   0.443451
18 36   0.443451
18 37   0.443451
18 38   0.443451
18 39   0.443451
18 40   0.443451
19 1   0.479253
19 2   0.479253
19 3   0.479253
19 4   0.479253
19 5   0.479253
19 6   0.479253
19 7   0.479253
19 8   0.479253
19 9   0.479253
19 10   0.479253
19 11   0.479253
19 12   0.479253
19 13   0.479253
19 14   0.479253
19 15   0.479253
19 16   0.479253
19 17   0.479253
19 18   0.479253
19 19   0.479253
19 20   0.479253
19 21   0.479253
19 22   0.479253
19 23   0.479253
19 24   0.479253
19 25   0.479253
19 26   0.479253
19 27   0.479253
19 28   0.479253
19 29   0.479253
19 30   0.479253
19 31   0.479253
19 32   0.479253
19 33   0.479253
19 34   0.479253
19 35   0.479253
19 36   0.479253
19 37   0.479253
19 38   0.479253
19 39   0.479253
19 40   0.479253
20 1   0.520596
20 2   0.520596
20 3   0.520596
20 4   0.520596
20 5   0.520596
20 6   0.520596
20 7   0.520596
20 8   0.520596
20 9   0.520596
20 10   0.520596
20 11   0.520596
20 12   0.520596
20 13   0.520596
20 14   0.520596
20 15   0.520596
20 16   0.520596
20 17   0.520596
20 18   0.520596
20 19   0.520596
20 20   0.520596
20 21   0.520596
20 22   0.520596
20 23   0.520596
20 24   0.520596
20 25   0.520596
20 26   0.520596
20 27   0.520596
20 28   0.520596
20 29   0.520596
20 30   0.520596
20 31   0.520596
20 32   0.520596
20 33   0.520596
20 34   0.520596
20 35   0.520596
20 36   0.520596
20 37   0.520596
20 38   0.520596
20 39   0.520596
20 40   0.520596
21 1   0.556873
21 2   0.556873
21 3   0.556873
21 4   0.556873
21 5   0.556873
21 6   0.556873
21 7   0.556873
21 8   0.556873
21 9   0.556873
21 10   0.556873
21 11   0.556873
21 12   0.556873
21 13   0.556873
21 14   0.556873
21 15   0.556873
21 16   0.556873
21 17   0.556873
21 18   0.556873
21 19   0.556873
21 20   0.556873
21 21   0.556873
21 22   0.556873
21 23   0.556873
21 24   0.556873
21 25   0.556873
21 26   0.556873
21 27   0.556873
21 28   0.556873
21 29   0.556873
21 30   0.556873
21 31   0.556873
21 32   0.556873
21 33   0.556873
21 34   0.556873
21 35   0.556873
21 36   0.556873
21 37   0.556873
21 38   0.556873
21 39   0.556873
21 40   0.556873
22 1   0.578243
22 2   0.578243
22 3   0.578243
22 4   0.578243
22 5   0.578243
22 6   0.578243
22 7   0.578243
22 8   0.578243
22 9   0.578243
22 10   0.578243
22 11   0.578243
22 12   0.578243
22 13   0.578243
22 14   0.578243
22 15   0.578243
22 16   0.578243
22 17   0.578243
22 18   0.578243
22 19   0.578243
22 20   0.578243
22 21   0.578243
22 22   0.578243
22 23   0.578243
22 24   0.578243
22 25   0.578243
22 26   0.578243
22 27   0.578243
22 28   0.578243
22 29   0.578243
22 30   0.578243
22 31   0.578243
22 32   0.578243
22 33   0.578243
22 34   0.578243
22 35   0.578243
22 36   0.578243
22 37   0.578243
22 38   0.578243
22 39   0.578243
22 40   0.578243
23 1   0.578172
23 2   0.578172
23 3   0.578172
23 4   0.578172
23 5   0.578172
23 6   0.578172
23 7   0.578172
23 8   0.578172
23 9   0.578172
23 10   0.578172
23 11   0.578172
23 12   0.578172
23 13   0.578172
23 14   0.578172
23 15   0.578172
23 16   0.578172
23 17   0.578172
23 18   0.578172
23 19   0.578172
23 20   0.578172
23 21   0.578172
23 22   0.578172
23 23   0.578172
23 24   0.578172
23 25   0.578172
23 26   0.578172
23 27   0.578172
23 28   0.578172
23 29   0.578172
23 30   0.578172
23 31   0.578172
23 32   0.578172
23 33   0.578172
23 34   0.578172
23 35   0.578172
23 36   0.578172
23 37   0.578172
23 38   0.578172
23 39   0.578172
23 40   0.578172
24 1   0.555306
24 2   0.555306
24 3   0.555306
24 4   0.555306
24 5   0.555306
24 6   0.555306
24 7   0.555306
24 8   0.555306
24 9   0.555306
24 10   0.555306
24 11   0.555306
24 12   0.555306
24 13   0.555306
24 14   0.555306
24 15   0.555306
24 16   0.555306
24 17   0.555306
24 18   0.555306
24 19   0.555306
24 20   0.555306
24 21   0.555306
24 22   0.555306
24 23   0.555306
24 24   0.555306
24 25   0.555306
24 26   0.555306
24 27   0.555306
24 28   0.555306
24 29   0.555306
24 30   0.555306
24 31   0.555306
24 32   0.555306
24 33   0.555306
24 34   0.555306
24 35   0.555306
24 36   0.555306
24 37   0.555306
24 38   0.555306
24 39   0.555306
24 40   0.555306
25 1   0.513503
25 2   0.513503
25 3   0.513503
25 4   0.513503
25 5   0.513503
25 6   0.513503
25 7   0.513503
25 8   0.513503
25 9   0.513503
25 10   0.513503
25 11   0.513503
25 12   0.513503
25 13   0.513503
25 14   0.513503
25 15   0.513503
25 16   0.513503
25 17   0.513503
25 18   0.513503
25 19   0.513503
25 20   0.513503
25 21   0.513503
25 22   0.513503
25 23   0.513503
25 24   0.513503
25 25   0.513503
25 26   0.513503
25 27   0.513503
25 28   0.513503
25 29   0.513503
25 30   0.513503
25 31   0.513503
25 32   0.513503
25 33   0.513503
25 34   0.513503
25 35   0.513503
25 36   0.513503
25 37   0.513503
25 38   0.513503
25 39   0.513503
25 40   0.513503
26 1   0.459809
26 2   0.459809
26 3   0.459809
26 4   0.459809
26 5   0.459809
26 6   0.459809
26 7   0.459809
26 8   0.459809
26 9   0.459809
26 10   0.459809
26 11   0.459809
26 12   0.459809
26 13   0.459809
26 14   0.459809
26 15   0.459809
26 16   0.459809
26 17   0.459809
26 18   0.459809
26 19   0.459809
26 20   0.459809
26 21   0.459809
26 22   0.459809
26 23   0.459809
26 24   0.459809
26 25   0.459809
26 26   0.459809
26 27   0.459809
26 28   0.459809
26 29   0.459809
26 30   0.459809
26 31   0.459809
26 32   0.459809
26 33   0.459809
26 34   0.459809
26 35   0.459809
26 36   0.459809
26 37   0.459809
26 38   0.459809
26 39   0.459809
26 40   0.459809
27 1   0.40153
27 2   0.40153
27 3   0.40153
27 4   0.40153
27 5   0.40153
27 6   0.40153
27 7   0.40153
27 8   0.40153
27 9   0.40153
27 10   0.40153
27 11   0.40153
27 12   0.40153
27 13   0.40153
27 14   0.40153
27 15   0.40153
27 16   0.40153
27 17   0.40153
27 18   0.40153
27 19   0.40153
27 20   0.40153
27 21   0.40153
27 22   0.40153
27 23   0.40153
27 24   0.40153
27 25   0.40153
27 26   0.40153
27 27   0.40153
27 28   0.40153
27 29   0.40153
27 30   0.40153
27 31   0.40153
27 32   0.40153
27 33   0.40153
27 34   0.40153
27 35   0.40153
27 36   0.40153
27 37   0.40153
27 38   0.40153
27 39   0.40153
27 40   0.40153
28 1   0.344031
28 2   0.344031
28 3   0.344031
28 4   0.344031
28 5   0.344031
28 6   0.344031
28 7   0.344031
28 8   0.344031
28 9   0.344031
28 10   0.344031
28 11   0.344031
28 12   0.344031
28 13   0.344031
28 14   0.344031
28 15   0.344031
28 16   0.344031
28 17   0.344031
28 18   0.344031
28 19   0.344031
28 20   0.344031
28 21   0.344031
28 22   0.344031
28 23   0.344031
28 24   0.344031
28 25   0.344031
28 26   0.344031
28 27   0.344031
28 28   0.344031
28 29   0.344031
28 30   0.344031
28 31   0.344031
28 32   0.344031
28 33   0.344031
28 34   0.344031
28 35   0.344031
28 36   0.344031
28 37   0.344031
28 38   0.344031
28 39   0.344031
28 40   0.344031
29 1   0.290103
29 2   0.290103
29 3   0.290103
29 4   0.290103
29 5   0.290103
29 6   0.290103
29 7   0.290103
29 8   0.290103
29 9   0.290103
29 10   0.290103
29 11   0.290103
29 12   0.290103
29 13   0.290103
29 14   0.290103
29 15   0.290103
29 16   0.290103
29 17   0.290103
29 18   0.290103
29 19   0.290103
29 20   0.290103
29 21   0.290103
29 22   0.290103
29 23   0.290103
29 24   0.290103
29 25   0.290103
29 26   0.290103
29 27   0.290103
29 28   0.290103
29 29   0.290103
29 30   0.290103
29 31   0.290103
29 32   0.290103
29 33   0.290103
29 34   0.290103
29 35   0.290103
29 36   0.290103
29 37   0.290103
29 38   0.290103
29 39   0.290103
29 40   0.290103
30 1   0.24058
30 2   0.24058
30 3   0.24058
30 4   0.24058
30 5   0.24058
30 6   0.24058
30 7   0.24058
30 8   0.24058
30 9   0.24058
30 10   0.24058
30 11   0.24058
30 12   0.24058
30 13   0.24058
30 14   0.24058
30 15   0.24058
30 16   0.24058
30 17   0.24058
30 18   0.24058
30 19   0.24058
30 20   0.24058
30 21   0.24058
30 22   0.24058
30 23   0.24058
30 24   0.24058
30 25   0.24058
30 26   0.24058
30 27   0.24058
30 28   0.24058
30 29   0.24058
30 30   0.24058
30 31   0.24058
30 32   0.24058
30 33   0.24058
30 34   0.24058
30 35   0.24058
30 36   0.24058
30 37   0.24058
30 38   0.24058
30 39   0.24058
30 40   0.24058
31 1   0.195329
31 2   0.195329
31 3   0.195329
31 4   0.195329
31 5   0.195329
31 6   0.195329
31 7   0.195329
31 8   0.195329
31 9   0.195329
31 10   0.195329
31 11   0.195329
31 12   0.195329
31 13   0.195329
31 14   0.195329
31 15   0.195329
31 16   0.195329
31 17   0.195329
31 18   0.195329
31 19   0.195329
31 20   0.195329
31 21   0.195329
31 22   0.195329
31 23   0.195329
31 24   0.195329
31 25   0.195329
31 26   0.195329
31 27   0.195329
31 28   0.195329
31 29   0.195329
31 30   0.195329
31 31   0.195329
31 32   0.195329
31 33   0.195329
31 34   0.195329
31 35   0.195329
31 36   0.195329
31 37   0.195329
31 38   0.195329
31 39   0.195329
31 40   0.195329
32 1   0.154042
32 2   0.154042
32 3   0.154042
32 4   0.154042
32 5   0.154042
32 6   0.154042
32 7   0.154042
32 8   0.154042
32 9   0.154042
32 10   0.154042
32 11   0.154042
32 12   0.154042
32 13   0.154042
32 14   0.154042
32 15   0.154042
32 16   0.154042
32 17   0.154042
32 18   0.154042
32 19   0.154042
32 20   0.154042
32 21   0.154042
32 22   0.154042
32 23   0.154042
32 24   0.154042
32 25   0.154042
32 26   0.154042
32 27   0.154042
32 28   0.154042
32 29   0.154042
32 30   0.154042
32 31   0.154042
32 32   0.154042
32 33   0.154042
32 34   0.154042
32 35   0.154042
32 36   0.154042
32 37   0.154042
32 38   0.154042
32 39   0.154042
32 40   0.154042
33 1   0.116703
33 2   0.116703
33 3   0.116703
33 4   0.116703
33 5   0.116703
33 6   0.116703
33 7   0.116703
33 8   0.116703
33 9   0.116703
33 10   0.116703
33 11   0.116703
33 12   0.116703
33 13   0.116703
33 14   0.116703
33 15   0.116703
33 16   0.116703
33 17   0.116703
33 18   0.116703
33 19   0.116703
33 20   0.116703
33 21   0.116703
33 22   0.116703
33 23   0.116703
33 24   0.116703
33 25   0.116703
33 26   0.116703
33 27   0.116703
33 28   0.116703
33 29   0.116703
33 30   0.116703
33 31   0.116703
33 32   0.116703
33 33   0.116703
33 34   0.116703
33 35   0.116703
33 36   0.116703
33 37   0.116703
33 38   0.116703
33 39   0.116703
33 40   0.116703
34 1   0.0838604
34 2   0.0838604
34 3   0.0838604
34 4   0.0838604
34 5   0.0838604
34 6   0.0838604
34 7   0.0838604
34 8   0.0838604
34 9   0.0838604
34 10   0.0838604
34 11   0.0838604
34 12   0.0838604
34 13   0.0838604
34 14   0.0838604
34 15   0.0838604
34 16   0.0838604
34 17   0.0838604
34 18   0.0838604
34 19   0.0838604
34 20   0.0838604
34 21   0.0838604
34 22   0.0838604
34 23   0.0838604
34 24   0.0838604
34 25   0.0838604
34 26   0.0838604
34 27   0.0838604
34 28   0.0838604
34 29   0.0838604
34 30   0.0838604
34 31   0.0838604
34 32   0.0838604
34 33   0.0838604
34 34   0.0838604
34 35   0.0838604
34 36   0.0838604
34 37   0.0838604
34 38   0.0838604
34 39   0.0838604
34 40   0.0838604
35 1   0.0566527
35 2   0.0566527
35 3   0.0566527
35 4   0.0566527
35 5   0.0566527
35 6   0.0566527
35 7   0.0566527
35 8   0.0566527
35 9   0.0566527
35 10   0.0566527
35 11   0.0566527
35 12   0.0566527
35 13   0.0566527
35 14   0.0566527
35 15   0.0566527
35 16   0.0566527
35 17   0.0566527
35 18   0.0566527
35 19   0.0566527
35 20   0.0566527
35 21   0.0566527
35 22   0.0566527
35 23   0.0566527
35 24   0.0566527
35 25   0.0566527
35 26   0.0566527
35 27   0.0566527
35 28   0.0566527
35 29   0.0566527
35 30   0.0566527
35 31   0.0566527
35 32   0.0566527
35 33   0.0566527
35 34   0.0566527
35 35   0.0566527
35 36   0.0566527
35 37   0.0566527
35 38   0.0566527
35 39   0.0566527
35 40   0.0566527
36 1   0.0363986
36 2   0.0363986
36 3   0.0363986
36 4   0.0363986
36 5   0.0363986
36 6   0.0363986
36 7   0.0363986
36 8   0.0363986
36 9   0.0363986
36 10   0.0363986
36 11   0.0363986
36 12   0.0363986
36 13   0.0363986
36 14   0.0363986
36 15   0.0363986
36 16   0.0363986
36 17   0.0363986
36 18   0.0363986
36 19   0.0363986
36 20   0.0363986
36 21   0.0363986
36 22   0.0363986
36 23   0.0363986
36 24   0.0363986
36 25   0.0363986
36 26   0.0363986
36 27   0.0363986
36 28   0.0363986
36 29   0.0363986
36 30   0.0363986
36 31   0.0363986
36 32   0.0363986
36 33   0.0363986
36 34   0.0363986
36 35   0.0363986
36 36   0.0363986
36 37   0.0363986
36 38   0.0363986
36 39   0.0363986
36 40   0.0363986
37 1   0.0237674
37 2   0.0237674
37 3   0.0237674
37 4   0.0237674
37 5   0.0237674
37 6   0.0237674
37 7   0.0237674
37 8   0.0237674
37 9   0.0237674
37 10   0.0237674
37 11   0.0237674
37 12   0.0237674
37 13   0.0237674
37 14   0.0237674
37 15   0.0237674
37 16   0.0237674
37 17   0.0237674
37 18   0.0237674
37 19   0.0237674
37 20   0.0237674
37 21   0.0237674
37 22   0.0237674
37 23   0.0237674
37 24   0.0237674
37 25   0.0237674
37 26   0.0237674
37 27   0.0237674
37 28   0.0237674
37 29   0.0237674
37 30   0.0237674
37 31   0.0237674
37 32   0.0237674
37 33   0.0237674
37 34   0.0237674
37 35   0.0237674
37 36   0.0237674
37 37   0.0237674
37 38   0.0237674
37 39   0.0237674
37 40   0.0237674
38 1   0.0179874
38 2   0.0179874
38 3   0.0179874
38 4   0.0179874
38 5   0.0179874
38 6   0.0179874
38 7   0.0179874
38 8   0.0179874
38 9   0.0179874
38 10   0.0179874
38 11   0.0179874
38 12   0.0179874
38 13   0.0179874
38 14   0.0179874
38 15   0.0179874
38 16   0.0179874
38 17   0.0179874
38 18   0.0179874
38 19   0.0179874
38 20   0.0179874
38 21   0.0179874
38 22   0.0179874
38 23   0.0179874
38 24   0.0179874
38 25   0.0179874
38 26   0.0179874
38 27   0.0179874
38 28   0.0179874
38 29   0.0179874
38 30   0.0179874
38 31   0.0179874
38 32   0.0179874
38 33   0.0179874
38 34   0.0179874
38 35   0.0179874
38 36   0.0179874
38 37   0.0179874
38 38   0.0179874
38 39   0.0179874
38 40   0.0179874
39 1   0.0167547
39 2   0.0167547
39 3   0.0167547
39 4   0.0167547
39 5   0.0167547
39 6   0.0167547
39 7   0.0167547
39 8   0.0167547
39 9   0.0167547
39 10   0.0167547
39 11   0.0167547
39 12   0.0167547
39 13   0.0167547
39 14   0.0167547
39 15   0.0167547
39 16   0.0167547
39 17   0.0167547
39 18   0.0167547
39 19   0.0167547
39 20   0.0167547
39 21   0.0167547
39 22   0.0167547
39 23   0.0167547
39 24   0.0167547
39 25   0.0167547
39 26   0.0167547
39 27   0.0167547
39 28   0.0167547
39 29   0.0167547
39 30   0.0167547
39 31   0.0167547
39 32   0.0167547
39 33   0.0167547
39 34   0.0167547
39 35   0.0167547
39 36   0.0167547
39 37   0.0167547
39 38   0.0167547
39 39   0.0167547
39 40   0.0167547
40 1   0.0171524
40 2   0.0171524
40 3   0.0171524
40 4   0.0171524
40 5   0.0171524
40 6   0.0171524
40 7   0.0171524
40 8   0.0171524
40 9   0.0171524
40 10   0.0171524
40 11   0.0171524
40 12   0.0171524
40 13   0.0171524
40 14   0.0171524
40 15   0.0171524
40 16   0.0171524
40 17   0.0171524
40 18   0.0171524
40 19   0.0171524
40 20   0.0171524
40 21   0.0171524
40 22   0.0171524
40 23   0.0171524
40 24   0.0171524
40 25   0.0171524
40 26   0.0171524
40 27   0.0171524
40 28   0.0171524
40 29   0.0171524
40 30   0.0171524
40 31   0.0171524
40 32   0.0171524
40 33   0.0171524
40 34   0.0171524
40 35   0.0171524
40 36   0.0171524
40 37   0.0171524
40 38   0.0171524
40 39   0.0171524
40 40   0.0171524
