1 1   1
1 2   1
1 3   1
1 4   1
1 5   1
1 6   1
1 7   1
1 8   1
1 9   1
1 10   1
1 11   1
1 12   1
1 13   1
1 14   1
1 15   1
1 16   1
1 17   1
1 18   1
1 19   1
1 20   1
1 21   1
1 22   1
1 23   1
1 24   1
1 25   1
1 26   1
1 27   1
1 28   1
1 29   1
1 30   1
1 31   1
1 32   1
1 33   1
1 34   1
1 35   1
1 36   1
1 37   1
1 38   1
1 39   1
1 40   1
2 1   1
2 2   1
2 3   1
2 4   1
2 5   1
2 6   1
2 7   1
2 8   1
2 9   1
2 10   1
2 11   1
2 12   1
2 13   1
2 14   1
2 15   1
2 16   1
2 17   1
2 18   1
2 19   1
2 20   1
2 21   1
2 22   1
2 23   1
2 24   1
2 25   1
2 26   1
2 27   1
2 28   1
2 29   1
2 30   1
2 31   1
2 32   1
2 33   1
2 34   1
2 35   1
2 36   1
2 37   1
2 38   1
2 39   1
2 40   1
3 1   1
3 2   1
3 3   1
3 4   1
3 5   1
3 6   1
3 7   1
3 8   1
3 9   1
3 10   1
3 11   1
3 12   1
3 13   1
3 14   1
3 15   1
3 16   1
3 17   1
3 18   1
3 19   1
3 20   1
3 21   1
3 22   1
3 23   1
3 24   1
3 25   1
3 26   1
3 27   1
3 28   1
3 29   1
3 30   1
3 31   1
3 32   1
3 33   1
3 34   1
3 35   1
3 36   1
3 37   1
3 38   1
3 39   1
3 40   1
4 1   1
4 2   1
4 3   1
4 4   1
4 5   1
4 6   1
4 7   1
4 8   1
4 9   1
4 10   1
4 11   1
4 12   1
4 13   1
4 14   1
4 15   1
4 16   1
4 17   1
4 18   1
4 19   1
4 20   1
4 21   1
4 22   1
4 23   1
4 24   1
4 25   1
4 26   1
4 27   1
4 28   1
4 29   1
4 30   1
4 31   1
4 32   1
4 33   1
4 34   1
4 35   1
4 36   1
4 37   1
4 38   1
4 39   1
4 40   1
5 1   1
5 2   1
5 3   1
5 4   1
5 5   1
5 6   1
5 7   1
5 8   1
5 9   1
5 10   1
5 11   1
5 12   1
5 13   1
5 14   1
5 15   1
5 16   1
5 17   1
5 18   1
5 19   1
5 20   1
5 21   1
5 22   1
5 23   1
5 24   1
5 25   1
5 26   1
5 27   1
5 28   1
5 29   1
5 30   1
5 31   1
5 32   1
5 33   1
5 34   1
5 35   1
5 36   1
5 37   1
5 38   1
5 39   1
5 40   1
6 1   1
6 2   1
6 3   1
6 4   1
6 5   1
6 6   1
6 7   1
6 8   1
6 9   1
6 10   1
6 11   1
6 12   1
6 13   1
6 14   1
6 15   1
6 16   1
6 17   1
6 18   1
6 19   1
6 20   1
6 21   1
6 22   1
6 23   1
6 24   1
6 25   1
6 26   1
6 27   1
6 28   1
6 29   1
6 30   1
6 31   1
6 32   1
6 33   1
6 34   1
6 35   1
6 36   1
6 37   1
6 38   1
6 39   1
6 40   1
7 1   1
7 2   1
7 3   1
7 4   1
7 5   1
7 6   1
7 7   1
7 8   1
7 9   1
7 10   1
7 11   1
7 12   1
7 13   1
7 14   1
7 15   1
7 16   1
7 17   1
7 18   1
7 19   1
7 20   1
7 21   1
7 22   1
7 23   1
7 24   1
7 25   1
7 26   1
7 27   1
7 28   1
7 29   1
7 30   1
7 31   1
7 32   1
7 33   1
7 34   1
7 35   1
7 36   1
7 37   1
7 38   1
7 39   1
7 40   1
8 1   1
8 2   1
8 3   1
8 4   1
8 5   1
8 6   1
8 7   1
8 8   1
8 9   1
8 10   1
8 11   1
8 12   1
8 13   1
8 14   1
8 15   1
8 16   1
8 17   1
8 18   1
8 19   1
8 20   1
8 21   1
8 22   1
8 23   1
8 24   1
8 25   1
8 26   1
8 27   1
8 28   1
8 29   1
8 30   1
8 31   1
8 32   1
8 33   1
8 34   1
8 35   1
8 36   1
8 37   1
8 38   1
8 39   1
8 40   1
9 1   1
9 2   1
9 3   1
9 4   1
9 5   1
9 6   1
9 7   1
9 8   1
9 9   1
9 10   1
9 11   1
9 12   1
9 13   1
9 14   1
9 15   1
9 16   1
9 17   1
9 18   1
9 19   1
9 20   1
9 21   1
9 22   1
9 23   1
9 24   1
9 25   1
9 26   1
9 27   1
9 28   1
9 29   1
9 30   1
9 31   1
9 32   1
9 33   1
9 34   1
9 35   1
9 36   1
9 37   1
9 38   1
9 39   1
9 40   1
10 1   0.999986
10 2   0.999986
10 3   0.999986
10 4   0.999986
10 5   0.999986
10 6   0.999986
10 7   0.999986
10 8   0.999986
10 9   0.999986
10 10   0.999986
10 11   0.999986
10 12   0.999986
10 13   0.999986
10 14   0.999986
10 15   0.999986
10 16   0.999986
10 17   0.999986
10 18   0.999986
10 19   0.999986
10 20   0.999986
10 21   0.999986
10 22   0.999986
10 23   0.999986
10 24   0.999986
10 25   0.999986
10 26   0.999986
10 27   0.999986
10 28   0.999986
10 29   0.999986
10 30   0.999986
10 31   0.999986
10 32   0.999986
10 33   0.999986
10 34   0.999986
10 35   0.999986
10 36   0.999986
10 37   0.999986
10 38   0.999986
10 39   0.999986
10 40   0.999986
11 1   0.999516
11 2   0.999516
11 3   0.999516
11 4   0.999516
11 5   0.999516
11 6   0.999516
11 7   0.999516
11 8   0.999516
11 9   0.999516
11 10   0.999516
11 11   0.999516
11 12   0.999516
11 13   0.999516
11 14   0.999516
11 15   0.999516
11 16   0.999516
11 17   0.999516
11 18   0.999516
11 19   0.999516
11 20   0.999516
11 21   0.999516
11 22   0.999516
11 23   0.999516
11 24   0.999516
11 25   0.999516
11 26   0.999516
11 27   0.999516
11 28   0.999516
11 29   0.999516
11 30   0.999516
11 31   0.999516
11 32   0.999516
11 33   0.999516
11 34   0.999516
11 35   0.999516
11 36   0.999516
11 37   0.999516
11 38   0.999516
11 39   0.999516
11 40   0.999516
12 1   0.992875
12 2   0.992875
12 3   0.992875
12 4   0.992875
12 5   0.992875
12 6   0.992875
12 7   0.992875
12 8   0.992875
12 9   0.992875
12 10   0.992875
12 11   0.992875
12 12   0.992875
12 13   0.992875
12 14   0.992875
12 15   0.992875
12 16   0.992875
12 17   0.992875
12 18   0.992875
12 19   0.992875
12 20   0.992875
12 21   0.992875
12 22   0.992875
12 23   0.992875
12 24   0.992875
12 25   0.992875
12 26   0.992875
12 27   0.992875
12 28   0.992875
12 29   0.992875
12 30   0.992875
12 31   0.992875
12 32   0.992875
12 33   0.992875
12 34   0.992875
12 35   0.992875
12 36   0.992875
12 37   0.992875
12 38   0.992875
12 39   0.992875
12 40   0.992875
13 1   0.944877
13 2   0.944877
13 3   0.944877
13 4   0.944877
13 5   0.944877
13 6   0.944877
13 7   0.944877
13 8   0.944877
13 9   0.944877
13 10   0.944877
13 11   0.944877
13 12   0.944877
13 13   0.944877
13 14   0.944877
13 15   0.944877
13 16   0.944877
13 17   0.944877
13 18   0.944877
13 19   0.944877
13 20   0.944877
13 21   0.944877
13 22   0.944877
13 23   0.944877
13 24   0.944877
13 25   0.944877
13 26   0.944877
13 27   0.944877
13 28   0.944877
13 29   0.944877
13 30   0.944877
13 31   0.944877
13 32   0.944877
13 33   0.944877
13 34   0.944877
13 35   0.944877
13 36   0.944877
13 37   0.944877
13 38   0.944877
13 39   0.944877
13 40   0.944877
14 1   0.763604
14 2   0.763604
14 3   0.763604
14 4   0.763604
14 5   0.763604
14 6   0.763604
14 7   0.763604
14 8   0.763604
14 9   0.763604
14 10   0.763604
14 11   0.763604
14 12   0.763604
14 13   0.763604
14 14   0.763604
14 15   0.763604
14 16   0.763604
14 17   0.763604
14 18   0.763604
14 19   0.763604
14 20   0.763604
14 21   0.763604
14 22   0.763604
14 23   0.763604
14 24   0.763604
14 25   0.763604
14 26   0.763604
14 27   0.763604
14 28   0.763604
14 29   0.763604
14 30   0.763604
14 31   0.763604
14 32   0.763604
14 33   0.763604
14 34   0.763604
14 35   0.763604
14 36   0.763604
14 37   0.763604
14 38   0.763604
14 39   0.763604
14 40   0.763604
15 1   0.458458
15 2   0.458458
15 3   0.458458
15 4   0.458458
15 5   0.458458
15 6   0.458458
15 7   0.458458
15 8   0.458458
15 9   0.458458
15 10   0.458458
15 11   0.458458
15 12   0.458458
15 13   0.458458
15 14   0.458458
15 15   0.458458
15 16   0.458458
15 17   0.458458
15 18   0.458458
15 19   0.458458
15 20   0.458458
15 21   0.458458
15 22   0.458458
15 23   0.458458
15 24   0.458458
15 25   0.458458
15 26   0.458458
15 27   0.458458
15 28   0.458458
15 29   0.458458
15 30   0.458458
15 31   0.458458
15 32   0.458458
15 33   0.458458
15 34   0.458458
15 35   0.458458
15 36   0.458458
15 37   0.458458
15 38   0.458458
15 39   0.458458
15 40   0.458458
16 1   0.401346
16 2   0.401346
16 3   0.401346
16 4   0.401346
16 5   0.401346
16 6   0.401346
16 7   0.401346
16 8   0.401346
16 9   0.401346
16 10   0.401346
16 11   0.401346
16 12   0.401346
16 13   0.401346
16 14   0.401346
16 15   0.401346
16 16   0.401346
16 17   0.401346
16 18   0.401346
16 19   0.401346
16 20   0.401346
16 21   0.401346
16 22   0.401346
16 23   0.401346
16 24   0.401346
16 25   0.401346
16 26   0.401346
16 27   0.401346
16 28   0.401346
16 29   0.401346
16 30   0.401346
16 31   0.401346
16 32   0.401346
16 33   0.401346
16 34   0.401346
16 35   0.401346
16 36   0.401346
16 37   0.401346
16 38   0.401346
16 39   0.401346
16 40   0.401346
17 1   0.59374
17 2   0.59374
17 3   0.59374
17 4   0.59374
17 5   0.59374
17 6   0.59374
17 7   0.59374
17 8   0.59374
17 9   0.59374
17 10   0.59374
17 11   0.59374
17 12   0.59374
17 13   0.59374
17 14   0.59374
17 15   0.59374
17 16   0.59374
17 17   0.59374
17 18   0.59374
17 19   0.59374
17 20   0.59374
17 21   0.59374
17 22   0.59374
17 23   0.59374
17 24   0.59374
17 25   0.59374
17 26   0.59374
17 27   0.59374
17 28   0.59374
17 29   0.59374
17 30   0.59374
17 31   0.59374
17 32   0.59374
17 33   0.59374
17 34   0.59374
17 35   0.59374
17 36   0.59374
17 37   0.59374
17 38   0.59374
17 39   0.59374
17 40   0.59374
18 1   0.442285
18 2   0.442285
18 3   0.442285
18 4   0.442285
18 5   0.442285
18 6   0.442285
18 7   0.442285
18 8   0.442285
18 9   0.442285
18 10   0.442285
18 11   0.442285
18 12   0.442285
18 13   0.442285
18 14   0.442285
18 15   0.442285
18 16   0.442285
18 17   0.442285
18 18   0.442285
18 19   0.442285
18 20   0.442285
18 21   0.442285
18 22   0.442285
18 23   0.442285
18 24   0.442285
18 25   0.442285
18 26   0.442285
18 27   0.442285
18 28   0.442285
18 29   0.442285
18 30   0.442285
18 31   0.442285
18 32   0.442285
18 33   0.442285
18 34   0.442285
18 35   0.442285
18 36   0.442285
18 37   0.442285
18 38   0.442285
18 39   0.442285
18 40   0.442285
19 1   0.536235
19 2   0.536235
19 3   0.536235
19 4   0.536235
19 5   0.536235
19 6   0.536235
19 7   0.536235
19 8   0.536235
19 9   0.536235
19 10   0.536235
19 11   0.536235
19 12   0.536235
19 13   0.536235
19 14   0.536235
19 15   0.536235
19 16   0.536235
19 17   0.536235
19 18   0.536235
19 19   0.536235
19 20   0.536235
19 21   0.536235
19 22   0.536235
19 23   0.536235
19 24   0.536235
19 25   0.536235
19 26   0.536235
19 27   0.536235
19 28   0.536235
19 29   0.536235
19 30   0.536235
19 31   0.536235
19 32   0.536235
19 33   0.536235
19 34   0.536235
19 35   0.536235
19 36   0.536235
19 37   0.536235
19 38   0.536235
19 39   0.536235
19 40   0.536235
20 1   0.463865
20 2   0.463865
20 3   0.463865
20 4   0.463865
20 5   0.463865
20 6   0.463865
20 7   0.463865
20 8   0.463865
20 9   0.463865
20 10   0.463865
20 11   0.463865
20 12   0.463865
20 13   0.463865
20 14   0.463865
20 15   0.463865
20 16   0.463865
20 17   0.463865
20 18   0.463865
20 19   0.463865
20 20   0.463865
20 21   0.463865
20 22   0.463865
20 23   0.463865
20 24   0.463865
20 25   0.463865
20 26   0.463865
20 27   0.463865
20 28   0.463865
20 29   0.463865
20 30   0.463865
20 31   0.463865
20 32   0.463865
20 33   0.463865
20 34   0.463865
20 35   0.463865
20 36   0.463865
20 37   0.463865
20 38   0.463865
20 39   0.463865
20 40   0.463865
21 1   0.557815
21 2   0.557815
21 3   0.557815
21 4   0.557815
21 5   0.557815
21 6   0.557815
21 7   0.557815
21 8   0.557815
21 9   0.557815
21 10   0.557815
21 11   0.557815
21 12   0.557815
21 13   0.557815
21 14   0.557815
21 15   0.557815
21 16   0.557815
21 17   0.557815
21 18   0.557815
21 19   0.557815
21 20   0.557815
21 21   0.557815
21 22   0.557815
21 23   0.557815
21 24   0.557815
21 25   0.557815
21 26   0.557815
21 27   0.557815
21 28   0.557815
21 29   0.557815
21 30   0.557815
21 31   0.557815
21 32   0.557815
21 33   0.557815
21 34   0.557815
21 35   0.557815
21 36   0.557815
21 37   0.557815
21 38   0.557815
21 39   0.557815
21 40   0.557815
22 1   0.40636
22 2   0.40636
22 3   0.40636
22 4   0.40636
22 5   0.40636
22 6   0.40636
22 7   0.40636
22 8   0.40636
22 9   0.40636
22 10   0.40636
22 11   0.40636
22 12   0.40636
22 13   0.40636
22 14   0.40636
22 15   0.40636
22 16   0.40636
22 17   0.40636
22 18   0.40636
22 19   0.40636
22 20   0.40636
22 21   0.40636
22 22   0.40636
22 23   0.40636
22 24   0.40636
22 25   0.40636
22 26   0.40636
22 27   0.40636
22 28   0.40636
22 29   0.40636
22 30   0.40636
22 31   0.40636
22 32   0.40636
22 33   0.40636
22 34   0.40636
22 35   0.40636
22 36   0.40636
22 37   0.40636
22 38   0.40636
22 39   0.40636
22 40   0.40636
23 1   0.598754
23 2   0.598754
23 3   0.598754
23 4   0.598754
23 5   0.598754
23 6   0.598754
23 7   0.598754
23 8   0.598754
23 9   0.598754
23 10   0.598754
23 11   0.598754
23 12   0.598754
23 13   0.598754
23 14   0.598754
23 15   0.598754
23 16   0.598754
23 17   0.598754
23 18   0.598754
23 19   0.598754
23 20   0.598754
23 21   0.598754
23 22   0.598754
23 23   0.598754
23 24   0.598754
23 25   0.598754
23 26   0.598754
23 27   0.598754
23 28   0.598754
23 29   0.598754
23 30   0.598754
23 31   0.598754
23 32   0.598754
23 33   0.598754
23 34   0.598754
23 35   0.598754
23 36   0.598754
23 37   0.598754
23 38   0.598754
23 39   0.598754
23 40   0.598754
24 1   0.541642
24 2   0.541642
24 3   0.541642
24 4   0.541642
24 5   0.541642
24 6   0.541642
24 7   0.541642
24 8   0.541642
24 9   0.541642
24 10   0.541642
24 11   0.541642
24 12   0.541642
24 13   0.541642
24 14   0.541642
24 15   0.541642
24 16   0.541642
24 17   0.541642
24 18   0.541642
24 19   0.541642
24 20   0.541642
24 21   0.541642
24 22   0.541642
24 23   0.541642
24 24   0.541642
24 25   0.541642
24 26   0.541642
24 27   0.541642
24 28   0.541642
24 29   0.541642
24 30   0.541642
24 31   0.541642
24 32   0.541642
24 33   0.541642
24 34   0.541642
24 35   0.541642
24 36   0.541642
24 37   0.541642
24 38   0.541642
24 39   0.541642
24 40   0.541642
25 1   0.236496
25 2   0.236496
25 3   0.236496
25 4   0.236496
25 5   0.236496
25 6   0.236496
25 7   0.236496
25 8   0.236496
25 9   0.236496
25 10   0.236496
25 11   0.236496
25 12   0.236496
25 13   0.236496
25 14   0.236496
25 15   0.236496
25 16   0.236496
25 17   0.236496
25 18   0.236496
25 19   0.236496
25 20   0.236496
25 21   0.236496
25 22   0.236496
25 23   0.236496
25 24   0.236496
25 25   0.236496
25 26   0.236496
25 27   0.236496
25 28   0.236496
25 29   0.236496
25 30   0.236496
25 31   0.236496
25 32   0.236496
25 33   0.236496
25 34   0.236496
25 35   0.236496
25 36   0.236496
25 37   0.236496
25 38   0.236496
25 39   0.236496
25 40   0.236496
26 1   0.0552228
26 2   0.0552228
26 3   0.0552228
26 4   0.0552228
26 5   0.0552228
26 6   0.0552228
26 7   0.0552228
26 8   0.0552228
26 9   0.0552228
26 10   0.0552228
26 11   0.0552228
26 12   0.0552228
26 13   0.0552228
26 14   0.0552228
26 15   0.0552228
26 16   0.0552228
26 17   0.0552228
26 18   0.0552228
26 19   0.0552228
26 20   0.0552228
26 21   0.0552228
26 22   0.0552228
26 23   0.0552228
26 24   0.0552228
26 25   0.0552228
26 26   0.0552228
26 27   0.0552228
26 28   0.0552228
26 29   0.0552228
26 30   0.0552228
26 31   0.0552228
26 32   0.0552228
26 33   0.0552228
26 34   0.0552228
26 35   0.0552228
26 36   0.0552228
26 37   0.0552228
26 38   0.0552228
26 39   0.0552228
26 40   0.0552228
27 1   0.00722519
27 2   0.00722519
27 3   0.00722519
27 4   0.00722519
27 5   0.00722519
27 6   0.00722519
27 7   0.00722519
27 8   0.00722519
27 9   0.00722519
27 10   0.00722519
27 11   0.00722519
27 12   0.00722519
27 13   0.00722519
27 14   0.00722519
27 15   0.00722519
27 16   0.00722519
27 17   0.00722519
27 18   0.00722519
27 19   0.00722519
27 20   0.00722519
27 21   0.00722519
27 22   0.00722519
27 23   0.00722519
27 24   0.00722519
27 25   0.00722519
27 26   0.00722519
27 27   0.00722519
27 28   0.00722519
27 29   0.00722519
27 30   0.00722519
27 31   0.00722519
27 32   0.00722519
27 33   0.00722519
27 34   0.00722519
27 35   0.00722519
27 36   0.00722519
27 37   0.00722519
27 38   0.00722519
27 39   0.00722519
27 40   0.00722519
28 1   0.000584429
28 2   0.000584429
28 3   0.000584429
28 4   0.000584429
28 5   0.000584429
28 6   0.000584429
28 7   0.000584429
28 8   0.000584429
28 9   0.000584429
28 10   0.000584429
28 11   0.000584429
28 12   0.000584429
28 13   0.000584429
28 14   0.000584429
28 15   0.000584429
28 16   0.000584429
28 17   0.000584429
28 18   0.000584429
28 19   0.000584429
28 20   0.000584429
28 21   0.000584429
28 22   0.000584429
28 23   0.000584429
28 24   0.000584429
28 25   0.000584429
28 26   0.000584429
28 27   0.000584429
28 28   0.000584429
28 29   0.000584429
28 30   0.000584429
28 31   0.000584429
28 32   0.000584429
28 33   0.000584429
28 34   0.000584429
28 35   0.000584429
28 36   0.000584429
28 37   0.000584429
28 38   0.000584429
28 39   0.000584429
28 40   0.000584429
29 1   0.000113584
29 2   0.000113584
29 3   0.000113584
29 4   0.000113584
29 5   0.000113584
29 6   0.000113584
29 7   0.000113584
29 8   0.000113584
29 9   0.000113584
29 10   0.000113584
29 11   0.000113584
29 12   0.000113584
29 13   0.000113584
29 14   0.000113584
29 15   0.000113584
29 16   0.000113584
29 17   0.000113584
29 18   0.000113584
29 19   0.000113584
29 20   0.000113584
29 21   0.000113584
29 22   0.000113584
29 23   0.000113584
29 24   0.000113584
29 25   0.000113584
29 26   0.000113584
29 27   0.000113584
29 28   0.000113584
29 29   0.000113584
29 30   0.000113584
29 31   0.000113584
29 32   0.000113584
29 33   0.000113584
29 34   0.000113584
29 35   0.000113584
29 36   0.000113584
29 37   0.000113584
29 38   0.000113584
29 39   0.000113584
29 40   0.000113584
30 1   0.0001
30 2   0.0001
30 3   0.0001
30 4   0.0001
30 5   0.0001
30 6   0.0001
30 7   0.0001
30 8   0.0001
30 9   0.0001
30 10   0.0001
30 11   0.0001
30 12   0.0001
30 13   0.0001
30 14   0.0001
30 15   0.0001
30 16   0.0001
30 17   0.0001
30 18   0.0001
30 19   0.0001
30 20   0.0001
30 21   0.0001
30 22   0.0001
30 23   0.0001
30 24   0.0001
30 25   0.0001
30 26   0.0001
30 27   0.0001
30 28   0.0001
30 29   0.0001
30 30   0.0001
30 31   0.0001
30 32   0.0001
30 33   0.0001
30 34   0.0001
30 35   0.0001
30 36   0.0001
30 37   0.0001
30 38   0.0001
30 39   0.0001
30 40   0.0001
31 1   0.0001
31 2   0.0001
31 3   0.0001
31 4   0.0001
31 5   0.0001
31 6   0.0001
31 7   0.0001
31 8   0.0001
31 9   0.0001
31 10   0.0001
31 11   0.0001
31 12   0.0001
31 13   0.0001
31 14   0.0001
31 15   0.0001
31 16   0.0001
31 17   0.0001
31 18   0.0001
31 19   0.0001
31 20   0.0001
31 21   0.0001
31 22   0.0001
31 23   0.0001
31 24   0.0001
31 25   0.0001
31 26   0.0001
31 27   0.0001
31 28   0.0001
31 29   0.0001
31 30   0.0001
31 31   0.0001
31 32   0.0001
31 33   0.0001
31 34   0.0001
31 35   0.0001
31 36   0.0001
31 37   0.0001
31 38   0.0001
31 39   0.0001
31 40   0.0001
32 1   0.0001
32 2   0.0001
32 3   0.0001
32 4   0.0001
32 5   0.0001
32 6   0.0001
32 7   0.0001
32 8   0.0001
32 9   0.0001
32 10   0.0001
32 11   0.0001
32 12   0.0001
32 13   0.0001
32 14   0.0001
32 15   0.0001
32 16   0.0001
32 17   0.0001
32 18   0.0001
32 19   0.0001
32 20   0.0001
32 21   0.0001
32 22   0.0001
32 23   0.0001
32 24   0.0001
32 25   0.0001
32 26   0.0001
32 27   0.0001
32 28   0.0001
32 29   0.0001
32 30   0.0001
32 31   0.0001
32 32   0.0001
32 33   0.0001
32 34   0.0001
32 35   0.0001
32 36   0.0001
32 37   0.0001
32 38   0.0001
32 39   0.0001
32 40   0.0001
33 1   0.0001
33 2   0.0001
33 3   0.0001
33 4   0.0001
33 5   0.0001
33 6   0.0001
33 7   0.0001
33 8   0.0001
33 9   0.0001
33 10   0.0001
33 11   0.0001
33 12   0.0001
33 13   0.0001
33 14   0.0001
33 15   0.0001
33 16   0.0001
33 17   0.0001
33 18   0.0001
33 19   0.0001
33 20   0.0001
33 21   0.0001
33 22   0.0001
33 23   0.0001
33 24   0.0001
33 25   0.0001
33 26   0.0001
33 27   0.0001
33 28   0.0001
33 29   0.0001
33 30   0.0001
33 31   0.0001
33 32   0.0001
33 33   0.0001
33 34   0.0001
33 35   0.0001
33 36   0.0001
33 37   0.0001
33 38   0.0001
33 39   0.0001
33 40   0.0001
34 1   0.0001
34 2   0.0001
34 3   0.0001
34 4   0.0001
34 5   0.0001
34 6   0.0001
34 7   0.0001
34 8   0.0001
34 9   0.0001
34 10   0.0001
34 11   0.0001
34 12   0.0001
34 13   0.0001
34 14   0.0001
34 15   0.0001
34 16   0.0001
34 17   0.0001
34 18   0.0001
34 19   0.0001
34 20   0.0001
34 21   0.0001
34 22   0.0001
34 23   0.0001
34 24   0.0001
34 25   0.0001
34 26   0.0001
34 27   0.0001
34 28   0.0001
34 29   0.0001
34 30   0.0001
34 31   0.0001
34 32   0.0001
34 33   0.0001
34 34   0.0001
34 35   0.0001
34 36   0.0001
34 37   0.0001
34 38   0.0001
34 39   0.0001
34 40   0.0001
35 1   0.0001
35 2   0.0001
35 3   0.0001
35 4   0.0001
35 5   0.0001
35 6   0.0001
35 7   0.0001
35 8   0.0001
35 9   0.0001
35 10   0.0001
35 11   0.0001
35 12   0.0001
35 13   0.0001
35 14   0.0001
35 15   0.0001
35 16   0.0001
35 17   0.0001
35 18   0.0001
35 19   0.0001
35 20   0.0001
35 21   0.0001
35 22   0.0001
35 23   0.0001
35 24   0.0001
35 25   0.0001
35 26   0.0001
35 27   0.0001
35 28   0.0001
35 29   0.0001
35 30   0.0001
35 31   0.0001
35 32   0.0001
35 33   0.0001
35 34   0.0001
35 35   0.0001
35 36   0.0001
35 37   0.0001
35 38   0.0001
35 39   0.0001
35 40   0.0001
36 1   0.0001
36 2   0.0001
36 3   0.0001
36 4   0.0001
36 5   0.0001
36 6   0.0001
36 7   0.0001
36 8   0.0001
36 9   0.0001
36 10   0.0001
36 11   0.0001
36 12   0.0001
36 13   0.0001
36 14   0.0001
36 15   0.0001
36 16   0.0001
36 17   0.0001
36 18   0.0001
36 19   0.0001
36 20   0.0001
36 21   0.0001
36 22   0.0001
36 23   0.0001
36 24   0.0001
36 25   0.0001
36 26   0.0001
36 27   0.0001
36 28   0.0001
36 29   0.0001
36 30   0.0001
36 31   0.0001
36 32   0.0001
36 33   0.0001
36 34   0.0001
36 35   0.0001
36 36   0.0001
36 37   0.0001
36 38   0.0001
36 39   0.0001
36 40   0.0001
37 1   0.0001
37 2   0.0001
37 3   0.0001
37 4   0.0001
37 5   0.0001
37 6   0.0001
37 7   0.0001
37 8   0.0001
37 9   0.0001
37 10   0.0001
37 11   0.0001
37 12   0.0001
37 13   0.0001
37 14   0.0001
37 15   0.0001
37 16   0.0001
37 17   0.0001
37 18   0.0001
37 19   0.0001
37 20   0.0001
37 21   0.0001
37 22   0.0001
37 23   0.0001
37 24   0.0001
37 25   0.0001
37 26   0.0001
37 27   0.0001
37 28   0.0001
37 29   0.0001
37 30   0.0001
37 31   0.0001
37 32   0.0001
37 33   0.0001
37 34   0.0001
37 35   0.0001
37 36   0.0001
37 37   0.0001
37 38   0.0001
37 39   0.0001
37 40   0.0001
38 1   0.0001
38 2   0.0001
38 3   0.0001
38 4   0.0001
38 5   0.0001
38 6   0.0001
38 7   0.0001
38 8   0.0001
38 9   0.0001
38 10   0.0001
38 11   0.0001
38 12   0.0001
38 13   0.0001
38 14   0.0001
38 15   0.0001
38 16   0.0001
38 17   0.0001
38 18   0.0001
38 19   0.0001
38 20   0.0001
38 21   0.0001
38 22   0.0001
38 23   0.0001
38 24   0.0001
38 25   0.0001
38 26   0.0001
38 27   0.0001
38 28   0.0001
38 29   0.0001
38 30   0.0001
38 31   0.0001
38 32   0.0001
38 33   0.0001
38 34   0.0001
38 35   0.0001
38 36   0.0001
38 37   0.0001
38 38   0.0001
38 39   0.0001
38 40   0.0001
39 1   0.0001
39 2   0.0001
39 3   0.0001
39 4   0.0001
39 5   0.0001
39 6   0.0001
39 7   0.0001
39 8   0.0001
39 9   0.0001
39 10   0.0001
39 11   0.0001
39 12   0.0001
39 13   0.0001
39 14   0.0001
39 15   0.0001
39 16   0.0001
39 17   0.0001
39 18   0.0001
39 19   0.0001
39 20   0.0001
39 21   0.0001
39 22   0.0001
39 23   0.0001
39 24   0.0001
39 25   0.0001
39 26   0.0001
39 27   0.0001
39 28   0.0001
39 29   0.0001
39 30   0.0001
39 31   0.0001
39 32   0.0001
39 33   0.0001
39 34   0.0001
39 35   0.0001
39 36   0.0001
39 37   0.0001
39 38   0.0001
39 39   0.0001
39 40   0.0001
40 1   0.0001
40 2   0.0001
40 3   0.0001
40 4   0.0001
40 5   0.0001
40 6   0.0001
40 7   0.0001
40 8   0.0001
40 9   0.0001
40 10   0.0001
40 11   0.0001
40 12   0.0001
40 13   0.0001
40 14   0.0001
40 15   0.0001
40 16   0.0001
40 17   0.0001
40 18   0.0001
40 19   0.0001
40 20   0.0001
40 21   0.0001
40 22   0.0001
40 23   0.0001
40 24   0.0001
40 25   0.0001
40 26   0.0001
40 27   0.0001
40 28   0.0001
40 29   0.0001
40 30   0.0001
40 31   0.0001
40 32   0.0001
40 33   0.0001
40 34   0.0001
40 35   0.0001
40 36   0.0001
40 37   0.0001
40 38   0.0001
40 39   0.0001
40 40   0.0001
