1 1   0.752568
1 2   0.752568
1 3   0.752568
1 4   0.752568
1 5   0.752568
1 6   0.752568
1 7   0.752568
1 8   0.752568
1 9   0.752568
1 10   0.752568
1 11   0.752568
1 12   0.752568
1 13   0.752568
1 14   0.752568
1 15   0.752568
1 16   0.752568
1 17   0.752568
1 18   0.752568
1 19   0.752568
1 20   0.752568
1 21   0.752568
1 22   0.752568
1 23   0.752568
1 24   0.752568
1 25   0.752568
1 26   0.752568
1 27   0.752568
1 28   0.752568
1 29   0.752568
1 30   0.752568
1 31   0.752568
1 32   0.752568
1 33   0.752568
1 34   0.752568
1 35   0.752568
1 36   0.752568
1 37   0.752568
1 38   0.752568
1 39   0.752568
1 40   0.752568
2 1   0.748106
2 2   0.748106
2 3   0.748106
2 4   0.748106
2 5   0.748106
2 6   0.748106
2 7   0.748106
2 8   0.748106
2 9   0.748106
2 10   0.748106
2 11   0.748106
2 12   0.748106
2 13   0.748106
2 14   0.748106
2 15   0.748106
2 16   0.748106
2 17   0.748106
2 18   0.748106
2 19   0.748106
2 20   0.748106
2 21   0.748106
2 22   0.748106
2 23   0.748106
2 24   0.748106
2 25   0.748106
2 26   0.748106
2 27   0.748106
2 28   0.748106
2 29   0.748106
2 30   0.748106
2 31   0.748106
2 32   0.748106
2 33   0.748106
2 34   0.748106
2 35   0.748106
2 36   0.748106
2 37   0.748106
2 38   0.748106
2 39   0.748106
2 40   0.748106
3 1   0.737003
3 2   0.737003
3 3   0.737003
3 4   0.737003
3 5   0.737003
3 6   0.737003
3 7   0.737003
3 8   0.737003
3 9   0.737003
3 10   0.737003
3 11   0.737003
3 12   0.737003
3 13   0.737003
3 14   0.737003
3 15   0.737003
3 16   0.737003
3 17   0.737003
3 18   0.737003
3 19   0.737003
3 20   0.737003
3 21   0.737003
3 22   0.737003
3 23   0.737003
3 24   0.737003
3 25   0.737003
3 26   0.737003
3 27   0.737003
3 28   0.737003
3 29   0.737003
3 30   0.737003
3 31   0.737003
3 32   0.737003
3 33   0.737003
3 34   0.737003
3 35   0.737003
3 36   0.737003
3 37   0.737003
3 38   0.737003
3 39   0.737003
3 40   0.737003
4 1   0.716628
4 2   0.716628
4 3   0.716628
4 4   0.716628
4 5   0.716628
4 6   0.716628
4 7   0.716628
4 8   0.716628
4 9   0.716628
4 10   0.716628
4 11   0.716628
4 12   0.716628
4 13   0.716628
4 14   0.716628
4 15   0.716628
4 16   0.716628
4 17   0.716628
4 18   0.716628
4 19   0.716628
4 20   0.716628
4 21   0.716628
4 22   0.716628
4 23   0.716628
4 24   0.716628
4 25   0.716628
4 26   0.716628
4 27   0.716628
4 28   0.716628
4 29   0.716628
4 30   0.716628
4 31   0.716628
4 32   0.716628
4 33   0.716628
4 34   0.716628
4 35   0.716628
4 36   0.716628
4 37   0.716628
4 38   0.716628
4 39   0.716628
4 40   0.716628
5 1   0.68591
5 2   0.68591
5 3   0.68591
5 4   0.68591
5 5   0.68591
5 6   0.68591
5 7   0.68591
5 8   0.68591
5 9   0.68591
5 10   0.68591
5 11   0.68591
5 12   0.68591
5 13   0.68591
5 14   0.68591
5 15   0.68591
5 16   0.68591
5 17   0.68591
5 18   0.68591
5 19   0.68591
5 20   0.68591
5 21   0.68591
5 22   0.68591
5 23   0.68591
5 24   0.68591
5 25   0.68591
5 26   0.68591
5 27   0.68591
5 28   0.68591
5 29   0.68591
5 30   0.68591
5 31   0.68591
5 32   0.68591
5 33   0.68591
5 34   0.68591
5 35   0.68591
5 36   0.68591
5 37   0.68591
5 38   0.68591
5 39   0.68591
5 40   0.68591
6 1   0.646385
6 2   0.646385
6 3   0.646385
6 4   0.646385
6 5   0.646385
6 6   0.646385
6 7   0.646385
6 8   0.646385
6 9   0.646385
6 10   0.646385
6 11   0.646385
6 12   0.646385
6 13   0.646385
6 14   0.646385
6 15   0.646385
6 16   0.646385
6 17   0.646385
6 18   0.646385
6 19   0.646385
6 20   0.646385
6 21   0.646385
6 22   0.646385
6 23   0.646385
6 24   0.646385
6 25   0.646385
6 26   0.646385
6 27   0.646385
6 28   0.646385
6 29   0.646385
6 30   0.646385
6 31   0.646385
6 32   0.646385
6 33   0.646385
6 34   0.646385
6 35   0.646385
6 36   0.646385
6 37   0.646385
6 38   0.646385
6 39   0.646385
6 40   0.646385
7 1   0.602131
7 2   0.602131
7 3   0.602131
7 4   0.602131
7 5   0.602131
7 6   0.602131
7 7   0.602131
7 8   0.602131
7 9   0.602131
7 10   0.602131
7 11   0.602131
7 12   0.602131
7 13   0.602131
7 14   0.602131
7 15   0.602131
7 16   0.602131
7 17   0.602131
7 18   0.602131
7 19   0.602131
7 20   0.602131
7 21   0.602131
7 22   0.602131
7 23   0.602131
7 24   0.602131
7 25   0.602131
7 26   0.602131
7 27   0.602131
7 28   0.602131
7 29   0.602131
7 30   0.602131
7 31   0.602131
7 32   0.602131
7 33   0.602131
7 34   0.602131
7 35   0.602131
7 36   0.602131
7 37   0.602131
7 38   0.602131
7 39   0.602131
7 40   0.602131
8 1   0.55888
8 2   0.55888
8 3   0.55888
8 4   0.55888
8 5   0.55888
8 6   0.55888
8 7   0.55888
8 8   0.55888
8 9   0.55888
8 10   0.55888
8 11   0.55888
8 12   0.55888
8 13   0.55888
8 14   0.55888
8 15   0.55888
8 16   0.55888
8 17   0.55888
8 18   0.55888
8 19   0.55888
8 20   0.55888
8 21   0.55888
8 22   0.55888
8 23   0.55888
8 24   0.55888
8 25   0.55888
8 26   0.55888
8 27   0.55888
8 28   0.55888
8 29   0.55888
8 30   0.55888
8 31   0.55888
8 32   0.55888
8 33   0.55888
8 34   0.55888
8 35   0.55888
8 36   0.55888
8 37   0.55888
8 38   0.55888
8 39   0.55888
8 40   0.55888
9 1   0.522494
9 2   0.522494
9 3   0.522494
9 4   0.522494
9 5   0.522494
9 6   0.522494
9 7   0.522494
9 8   0.522494
9 9   0.522494
9 10   0.522494
9 11   0.522494
9 12   0.522494
9 13   0.522494
9 14   0.522494
9 15   0.522494
9 16   0.522494
9 17   0.522494
9 18   0.522494
9 19   0.522494
9 20   0.522494
9 21   0.522494
9 22   0.522494
9 23   0.522494
9 24   0.522494
9 25   0.522494
9 26   0.522494
9 27   0.522494
9 28   0.522494
9 29   0.522494
9 30   0.522494
9 31   0.522494
9 32   0.522494
9 33   0.522494
9 34   0.522494
9 35   0.522494
9 36   0.522494
9 37   0.522494
9 38   0.522494
9 39   0.522494
9 40   0.522494
10 1   0.497335
10 2   0.497335
10 3   0.497335
10 4   0.497335
10 5   0.497335
10 6   0.497335
10 7   0.497335
10 8   0.497335
10 9   0.497335
10 10   0.497335
10 11   0.497335
10 12   0.497335
10 13   0.497335
10 14   0.497335
10 15   0.497335
10 16   0.497335
10 17   0.497335
10 18   0.497335
10 19   0.497335
10 20   0.497335
10 21   0.497335
10 22   0.497335
10 23   0.497335
10 24   0.497335
10 25   0.497335
10 26   0.497335
10 27   0.497335
10 28   0.497335
10 29   0.497335
10 30   0.497335
10 31   0.497335
10 32   0.497335
10 33   0.497335
10 34   0.497335
10 35   0.497335
10 36   0.497335
10 37   0.497335
10 38   0.497335
10 39   0.497335
10 40   0.497335
11 1   0.485248
11 2   0.485248
11 3   0.485248
11 4   0.485248
11 5   0.485248
11 6   0.485248
11 7   0.485248
11 8   0.485248
11 9   0.485248
11 10   0.485248
11 11   0.485248
11 12   0.485248
11 13   0.485248
11 14   0.485248
11 15   0.485248
11 16   0.485248
11 17   0.485248
11 18   0.485248
11 19   0.485248
11 20   0.485248
11 21   0.485248
11 22   0.485248
11 23   0.485248
11 24   0.485248
11 25   0.485248
11 26   0.485248
11 27   0.485248
11 28   0.485248
11 29   0.485248
11 30   0.485248
11 31   0.485248
11 32   0.485248
11 33   0.485248
11 34   0.485248
11 35   0.485248
11 36   0.485248
11 37   0.485248
11 38   0.485248
11 39   0.485248
11 40   0.485248
12 1   0.485402
12 2   0.485402
12 3   0.485402
12 4   0.485402
12 5   0.485402
12 6   0.485402
12 7   0.485402
12 8   0.485402
12 9   0.485402
12 10   0.485402
12 11   0.485402
12 12   0.485402
12 13   0.485402
12 14   0.485402
12 15   0.485402
12 16   0.485402
12 17   0.485402
12 18   0.485402
12 19   0.485402
12 20   0.485402
12 21   0.485402
12 22   0.485402
12 23   0.485402
12 24   0.485402
12 25   0.485402
12 26   0.485402
12 27   0.485402
12 28   0.485402
12 29   0.485402
12 30   0.485402
12 31   0.485402
12 32   0.485402
12 33   0.485402
12 34   0.485402
12 35   0.485402
12 36   0.485402
12 37   0.485402
12 38   0.485402
12 39   0.485402
12 40   0.485402
13 1   0.494462
13 2   0.494462
13 3   0.494462
13 4   0.494462
13 5   0.494462
13 6   0.494462
13 7   0.494462
13 8   0.494462
13 9   0.494462
13 10   0.494462
13 11   0.494462
13 12   0.494462
13 13   0.494462
13 14   0.494462
13 15   0.494462
13 16   0.494462
13 17   0.494462
13 18   0.494462
13 19   0.494462
13 20   0.494462
13 21   0.494462
13 22   0.494462
13 23   0.494462
13 24   0.494462
13 25   0.494462
13 26   0.494462
13 27   0.494462
13 28   0.494462
13 29   0.494462
13 30   0.494462
13 31   0.494462
13 32   0.494462
13 33   0.494462
13 34   0.494462
13 35   0.494462
13 36   0.494462
13 37   0.494462
13 38   0.494462
13 39   0.494462
13 40   0.494462
14 1   0.506934
14 2   0.506934
14 3   0.506934
14 4   0.506934
14 5   0.506934
14 6   0.506934
14 7   0.506934
14 8   0.506934
14 9   0.506934
14 10   0.506934
14 11   0.506934
14 12   0.506934
14 13   0.506934
14 14   0.506934
14 15   0.506934
14 16   0.506934
14 17   0.506934
14 18   0.506934
14 19   0.506934
14 20   0.506934
14 21   0.506934
14 22   0.506934
14 23   0.506934
14 24   0.506934
14 25   0.506934
14 26   0.506934
14 27   0.506934
14 28   0.506934
14 29   0.506934
14 30   0.506934
14 31   0.506934
14 32   0.506934
14 33   0.506934
14 34   0.506934
14 35   0.506934
14 36   0.506934
14 37   0.506934
14 38   0.506934
14 39   0.506934
14 40   0.506934
15 1   0.516314
15 2   0.516314
15 3   0.516314
15 4   0.516314
15 5   0.516314
15 6   0.516314
15 7   0.516314
15 8   0.516314
15 9   0.516314
15 10   0.516314
15 11   0.516314
15 12   0.516314
15 13   0.516314
15 14   0.516314
15 15   0.516314
15 16   0.516314
15 17   0.516314
15 18   0.516314
15 19   0.516314
15 20   0.516314
15 21   0.516314
15 22   0.516314
15 23   0.516314
15 24   0.516314
15 25   0.516314
15 26   0.516314
15 27   0.516314
15 28   0.516314
15 29   0.516314
15 30   0.516314
15 31   0.516314
15 32   0.516314
15 33   0.516314
15 34   0.516314
15 35   0.516314
15 36   0.516314
15 37   0.516314
15 38   0.516314
15 39   0.516314
15 40   0.516314
16 1   0.517576
16 2   0.517576
16 3   0.517576
16 4   0.517576
16 5   0.517576
16 6   0.517576
16 7   0.517576
16 8   0.517576
16 9   0.517576
16 10   0.517576
16 11   0.517576
16 12   0.517576
16 13   0.517576
16 14   0.517576
16 15   0.517576
16 16   0.517576
16 17   0.517576
16 18   0.517576
16 19   0.517576
16 20   0.517576
16 21   0.517576
16 22   0.517576
16 23   0.517576
16 24   0.517576
16 25   0.517576
16 26   0.517576
16 27   0.517576
16 28   0.517576
16 29   0.517576
16 30   0.517576
16 31   0.517576
16 32   0.517576
16 33   0.517576
16 34   0.517576
16 35   0.517576
16 36   0.517576
16 37   0.517576
16 38   0.517576
16 39   0.517576
16 40   0.517576
17 1   0.509916
17 2   0.509916
17 3   0.509916
17 4   0.509916
17 5   0.509916
17 6   0.509916
17 7   0.509916
17 8   0.509916
17 9   0.509916
17 10   0.509916
17 11   0.509916
17 12   0.509916
17 13   0.509916
17 14   0.509916
17 15   0.509916
17 16   0.509916
17 17   0.509916
17 18   0.509916
17 19   0.509916
17 20   0.509916
17 21   0.509916
17 22   0.509916
17 23   0.509916
17 24   0.509916
17 25   0.509916
17 26   0.509916
17 27   0.509916
17 28   0.509916
17 29   0.509916
17 30   0.509916
17 31   0.509916
17 32   0.509916
17 33   0.509916
17 34   0.509916
17 35   0.509916
17 36   0.509916
17 37   0.509916
17 38   0.509916
17 39   0.509916
17 40   0.509916
18 1   0.497629
18 2   0.497629
18 3   0.497629
18 4   0.497629
18 5   0.497629
18 6   0.497629
18 7   0.497629
18 8   0.497629
18 9   0.497629
18 10   0.497629
18 11   0.497629
18 12   0.497629
18 13   0.497629
18 14   0.497629
18 15   0.497629
18 16   0.497629
18 17   0.497629
18 18   0.497629
18 19   0.497629
18 20   0.497629
18 21   0.497629
18 22   0.497629
18 23   0.497629
18 24   0.497629
18 25   0.497629
18 26   0.497629
18 27   0.497629
18 28   0.497629
18 29   0.497629
18 30   0.497629
18 31   0.497629
18 32   0.497629
18 33   0.497629
18 34   0.497629
18 35   0.497629
18 36   0.497629
18 37   0.497629
18 38   0.497629
18 39   0.497629
18 40   0.497629
19 1   0.487895
19 2   0.487895
19 3   0.487895
19 4   0.487895
19 5   0.487895
19 6   0.487895
19 7   0.487895
19 8   0.487895
19 9   0.487895
19 10   0.487895
19 11   0.487895
19 12   0.487895
19 13   0.487895
19 14   0.487895
19 15   0.487895
19 16   0.487895
19 17   0.487895
19 18   0.487895
19 19   0.487895
19 20   0.487895
19 21   0.487895
19 22   0.487895
19 23   0.487895
19 24   0.487895
19 25   0.487895
19 26   0.487895
19 27   0.487895
19 28   0.487895
19 29   0.487895
19 30   0.487895
19 31   0.487895
19 32   0.487895
19 33   0.487895
19 34   0.487895
19 35   0.487895
19 36   0.487895
19 37   0.487895
19 38   0.487895
19 39   0.487895
19 40   0.487895
20 1   0.486485
20 2   0.486485
20 3   0.486485
20 4   0.486485
20 5   0.486485
20 6   0.486485
20 7   0.486485
20 8   0.486485
20 9   0.486485
20 10   0.486485
20 11   0.486485
20 12   0.486485
20 13   0.486485
20 14   0.486485
20 15   0.486485
20 16   0.486485
20 17   0.486485
20 18   0.486485
20 19   0.486485
20 20   0.486485
20 21   0.486485
20 22   0.486485
20 23   0.486485
20 24   0.486485
20 25   0.486485
20 26   0.486485
20 27   0.486485
20 28   0.486485
20 29   0.486485
20 30   0.486485
20 31   0.486485
20 32   0.486485
20 33   0.486485
20 34   0.486485
20 35   0.486485
20 36   0.486485
20 37   0.486485
20 38   0.486485
20 39   0.486485
20 40   0.486485
21 1   0.494022
21 2   0.494022
21 3   0.494022
21 4   0.494022
21 5   0.494022
21 6   0.494022
21 7   0.494022
21 8   0.494022
21 9   0.494022
21 10   0.494022
21 11   0.494022
21 12   0.494022
21 13   0.494022
21 14   0.494022
21 15   0.494022
21 16   0.494022
21 17   0.494022
21 18   0.494022
21 19   0.494022
21 20   0.494022
21 21   0.494022
21 22   0.494022
21 23   0.494022
21 24   0.494022
21 25   0.494022
21 26   0.494022
21 27   0.494022
21 28   0.494022
21 29   0.494022
21 30   0.494022
21 31   0.494022
21 32   0.494022
21 33   0.494022
21 34   0.494022
21 35   0.494022
21 36   0.494022
21 37   0.494022
21 38   0.494022
21 39   0.494022
21 40   0.494022
22 1   0.505379
22 2   0.505379
22 3   0.505379
22 4   0.505379
22 5   0.505379
22 6   0.505379
22 7   0.505379
22 8   0.505379
22 9   0.505379
22 10   0.505379
22 11   0.505379
22 12   0.505379
22 13   0.505379
22 14   0.505379
22 15   0.505379
22 16   0.505379
22 17   0.505379
22 18   0.505379
22 19   0.505379
22 20   0.505379
22 21   0.505379
22 22   0.505379
22 23   0.505379
22 24   0.505379
22 25   0.505379
22 26   0.505379
22 27   0.505379
22 28   0.505379
22 29   0.505379
22 30   0.505379
22 31   0.505379
22 32   0.505379
22 33   0.505379
22 34   0.505379
22 35   0.505379
22 36   0.505379
22 37   0.505379
22 38   0.505379
22 39   0.505379
22 40   0.505379
23 1   0.512843
23 2   0.512843
23 3   0.512843
23 4   0.512843
23 5   0.512843
23 6   0.512843
23 7   0.512843
23 8   0.512843
23 9   0.512843
23 10   0.512843
23 11   0.512843
23 12   0.512843
23 13   0.512843
23 14   0.512843
23 15   0.512843
23 16   0.512843
23 17   0.512843
23 18   0.512843
23 19   0.512843
23 20   0.512843
23 21   0.512843
23 22   0.512843
23 23   0.512843
23 24   0.512843
23 25   0.512843
23 26   0.512843
23 27   0.512843
23 28   0.512843
23 29   0.512843
23 30   0.512843
23 31   0.512843
23 32   0.512843
23 33   0.512843
23 34   0.512843
23 35   0.512843
23 36   0.512843
23 37   0.512843
23 38   0.512843
23 39   0.512843
23 40   0.512843
24 1   0.511055
24 2   0.511055
24 3   0.511055
24 4   0.511055
24 5   0.511055
24 6   0.511055
24 7   0.511055
24 8   0.511055
24 9   0.511055
24 10   0.511055
24 11   0.511055
24 12   0.511055
24 13   0.511055
24 14   0.511055
24 15   0.511055
24 16   0.511055
24 17   0.511055
24 18   0.511055
24 19   0.511055
24 20   0.511055
24 21   0.511055
24 22   0.511055
24 23   0.511055
24 24   0.511055
24 25   0.511055
24 26   0.511055
24 27   0.511055
24 28   0.511055
24 29   0.511055
24 30   0.511055
24 31   0.511055
24 32   0.511055
24 33   0.511055
24 34   0.511055
24 35   0.511055
24 36   0.511055
24 37   0.511055
24 38   0.511055
24 39   0.511055
24 40   0.511055
25 1   0.500357
25 2   0.500357
25 3   0.500357
25 4   0.500357
25 5   0.500357
25 6   0.500357
25 7   0.500357
25 8   0.500357
25 9   0.500357
25 10   0.500357
25 11   0.500357
25 12   0.500357
25 13   0.500357
25 14   0.500357
25 15   0.500357
25 16   0.500357
25 17   0.500357
25 18   0.500357
25 19   0.500357
25 20   0.500357
25 21   0.500357
25 22   0.500357
25 23   0.500357
25 24   0.500357
25 25   0.500357
25 26   0.500357
25 27   0.500357
25 28   0.500357
25 29   0.500357
25 30   0.500357
25 31   0.500357
25 32   0.500357
25 33   0.500357
25 34   0.500357
25 35   0.500357
25 36   0.500357
25 37   0.500357
25 38   0.500357
25 39   0.500357
25 40   0.500357
26 1   0.486381
26 2   0.486381
26 3   0.486381
26 4   0.486381
26 5   0.486381
26 6   0.486381
26 7   0.486381
26 8   0.486381
26 9   0.486381
26 10   0.486381
26 11   0.486381
26 12   0.486381
26 13   0.486381
26 14   0.486381
26 15   0.486381
26 16   0.486381
26 17   0.486381
26 18   0.486381
26 19   0.486381
26 20   0.486381
26 21   0.486381
26 22   0.486381
26 23   0.486381
26 24   0.486381
26 25   0.486381
26 26   0.486381
26 27   0.486381
26 28   0.486381
26 29   0.486381
26 30   0.486381
26 31   0.486381
26 32   0.486381
26 33   0.486381
26 34   0.486381
26 35   0.486381
26 36   0.486381
26 37   0.486381
26 38   0.486381
26 39   0.486381
26 40   0.486381
27 1   0.476245
27 2   0.476245
27 3   0.476245
27 4   0.476245
27 5   0.476245
27 6   0.476245
27 7   0.476245
27 8   0.476245
27 9   0.476245
27 10   0.476245
27 11   0.476245
27 12   0.476245
27 13   0.476245
27 14   0.476245
27 15   0.476245
27 16   0.476245
27 17   0.476245
27 18   0.476245
27 19   0.476245
27 20   0.476245
27 21   0.476245
27 22   0.476245
27 23   0.476245
27 24   0.476245
27 25   0.476245
27 26   0.476245
27 27   0.476245
27 28   0.476245
27 29   0.476245
27 30   0.476245
27 31   0.476245
27 32   0.476245
27 33   0.476245
27 34   0.476245
27 35   0.476245
27 36   0.476245
27 37   0.476245
27 38   0.476245
27 39   0.476245
27 40   0.476245
28 1   0.473934
28 2   0.473934
28 3   0.473934
28 4   0.473934
28 5   0.473934
28 6   0.473934
28 7   0.473934
28 8   0.473934
28 9   0.473934
28 10   0.473934
28 11   0.473934
28 12   0.473934
28 13   0.473934
28 14   0.473934
28 15   0.473934
28 16   0.473934
28 17   0.473934
28 18   0.473934
28 19   0.473934
28 20   0.473934
28 21   0.473934
28 22   0.473934
28 23   0.473934
28 24   0.473934
28 25   0.473934
28 26   0.473934
28 27   0.473934
28 28   0.473934
28 29   0.473934
28 30   0.473934
28 31   0.473934
28 32   0.473934
28 33   0.473934
28 34   0.473934
28 35   0.473934
28 36   0.473934
28 37   0.473934
28 38   0.473934
28 39   0.473934
28 40   0.473934
29 1   0.477867
29 2   0.477867
29 3   0.477867
29 4   0.477867
29 5   0.477867
29 6   0.477867
29 7   0.477867
29 8   0.477867
29 9   0.477867
29 10   0.477867
29 11   0.477867
29 12   0.477867
29 13   0.477867
29 14   0.477867
29 15   0.477867
29 16   0.477867
29 17   0.477867
29 18   0.477867
29 19   0.477867
29 20   0.477867
29 21   0.477867
29 22   0.477867
29 23   0.477867
29 24   0.477867
29 25   0.477867
29 26   0.477867
29 27   0.477867
29 28   0.477867
29 29   0.477867
29 30   0.477867
29 31   0.477867
29 32   0.477867
29 33   0.477867
29 34   0.477867
29 35   0.477867
29 36   0.477867
29 37   0.477867
29 38   0.477867
29 39   0.477867
29 40   0.477867
30 1   0.482001
30 2   0.482001
30 3   0.482001
30 4   0.482001
30 5   0.482001
30 6   0.482001
30 7   0.482001
30 8   0.482001
30 9   0.482001
30 10   0.482001
30 11   0.482001
30 12   0.482001
30 13   0.482001
30 14   0.482001
30 15   0.482001
30 16   0.482001
30 17   0.482001
30 18   0.482001
30 19   0.482001
30 20   0.482001
30 21   0.482001
30 22   0.482001
30 23   0.482001
30 24   0.482001
30 25   0.482001
30 26   0.482001
30 27   0.482001
30 28   0.482001
30 29   0.482001
30 30   0.482001
30 31   0.482001
30 32   0.482001
30 33   0.482001
30 34   0.482001
30 35   0.482001
30 36   0.482001
30 37   0.482001
30 38   0.482001
30 39   0.482001
30 40   0.482001
31 1   0.479078
31 2   0.479078
31 3   0.479078
31 4   0.479078
31 5   0.479078
31 6   0.479078
31 7   0.479078
31 8   0.479078
31 9   0.479078
31 10   0.479078
31 11   0.479078
31 12   0.479078
31 13   0.479078
31 14   0.479078
31 15   0.479078
31 16   0.479078
31 17   0.479078
31 18   0.479078
31 19   0.479078
31 20   0.479078
31 21   0.479078
31 22   0.479078
31 23   0.479078
31 24   0.479078
31 25   0.479078
31 26   0.479078
31 27   0.479078
31 28   0.479078
31 29   0.479078
31 30   0.479078
31 31   0.479078
31 32   0.479078
31 33   0.479078
31 34   0.479078
31 35   0.479078
31 36   0.479078
31 37   0.479078
31 38   0.479078
31 39   0.479078
31 40   0.479078
32 1   0.46328
32 2   0.46328
32 3   0.46328
32 4   0.46328
32 5   0.46328
32 6   0.46328
32 7   0.46328
32 8   0.46328
32 9   0.46328
32 10   0.46328
32 11   0.46328
32 12   0.46328
32 13   0.46328
32 14   0.46328
32 15   0.46328
32 16   0.46328
32 17   0.46328
32 18   0.46328
32 19   0.46328
32 20   0.46328
32 21   0.46328
32 22   0.46328
32 23   0.46328
32 24   0.46328
32 25   0.46328
32 26   0.46328
32 27   0.46328
32 28   0.46328
32 29   0.46328
32 30   0.46328
32 31   0.46328
32 32   0.46328
32 33   0.46328
32 34   0.46328
32 35   0.46328
32 36   0.46328
32 37   0.46328
32 38   0.46328
32 39   0.46328
32 40   0.46328
33 1   0.431018
33 2   0.431018
33 3   0.431018
33 4   0.431018
33 5   0.431018
33 6   0.431018
33 7   0.431018
33 8   0.431018
33 9   0.431018
33 10   0.431018
33 11   0.431018
33 12   0.431018
33 13   0.431018
33 14   0.431018
33 15   0.431018
33 16   0.431018
33 17   0.431018
33 18   0.431018
33 19   0.431018
33 20   0.431018
33 21   0.431018
33 22   0.431018
33 23   0.431018
33 24   0.431018
33 25   0.431018
33 26   0.431018
33 27   0.431018
33 28   0.431018
33 29   0.431018
33 30   0.431018
33 31   0.431018
33 32   0.431018
33 33   0.431018
33 34   0.431018
33 35   0.431018
33 36   0.431018
33 37   0.431018
33 38   0.431018
33 39   0.431018
33 40   0.431018
34 1   0.380985
34 2   0.380985
34 3   0.380985
34 4   0.380985
34 5   0.380985
34 6   0.380985
34 7   0.380985
34 8   0.380985
34 9   0.380985
34 10   0.380985
34 11   0.380985
34 12   0.380985
34 13   0.380985
34 14   0.380985
34 15   0.380985
34 16   0.380985
34 17   0.380985
34 18   0.380985
34 19   0.380985
34 20   0.380985
34 21   0.380985
34 22   0.380985
34 23   0.380985
34 24   0.380985
34 25   0.380985
34 26   0.380985
34 27   0.380985
34 28   0.380985
34 29   0.380985
34 30   0.380985
34 31   0.380985
34 32   0.380985
34 33   0.380985
34 34   0.380985
34 35   0.380985
34 36   0.380985
34 37   0.380985
34 38   0.380985
34 39   0.380985
34 40   0.380985
35 1   0.314931
35 2   0.314931
35 3   0.314931
35 4   0.314931
35 5   0.314931
35 6   0.314931
35 7   0.314931
35 8   0.314931
35 9   0.314931
35 10   0.314931
35 11   0.314931
35 12   0.314931
35 13   0.314931
35 14   0.314931
35 15   0.314931
35 16   0.314931
35 17   0.314931
35 18   0.314931
35 19   0.314931
35 20   0.314931
35 21   0.314931
35 22   0.314931
35 23   0.314931
35 24   0.314931
35 25   0.314931
35 26   0.314931
35 27   0.314931
35 28   0.314931
35 29   0.314931
35 30   0.314931
35 31   0.314931
35 32   0.314931
35 33   0.314931
35 34   0.314931
35 35   0.314931
35 36   0.314931
35 37   0.314931
35 38   0.314931
35 39   0.314931
35 40   0.314931
36 1   0.238667
36 2   0.238667
36 3   0.238667
36 4   0.238667
36 5   0.238667
36 6   0.238667
36 7   0.238667
36 8   0.238667
36 9   0.238667
36 10   0.238667
36 11   0.238667
36 12   0.238667
36 13   0.238667
36 14   0.238667
36 15   0.238667
36 16   0.238667
36 17   0.238667
36 18   0.238667
36 19   0.238667
36 20   0.238667
36 21   0.238667
36 22   0.238667
36 23   0.238667
36 24   0.238667
36 25   0.238667
36 26   0.238667
36 27   0.238667
36 28   0.238667
36 29   0.238667
36 30   0.238667
36 31   0.238667
36 32   0.238667
36 33   0.238667
36 34   0.238667
36 35   0.238667
36 36   0.238667
36 37   0.238667
36 38   0.238667
36 39   0.238667
36 40   0.238667
37 1   0.161548
37 2   0.161548
37 3   0.161548
37 4   0.161548
37 5   0.161548
37 6   0.161548
37 7   0.161548
37 8   0.161548
37 9   0.161548
37 10   0.161548
37 11   0.161548
37 12   0.161548
37 13   0.161548
37 14   0.161548
37 15   0.161548
37 16   0.161548
37 17   0.161548
37 18   0.161548
37 19   0.161548
37 20   0.161548
37 21   0.161548
37 22   0.161548
37 23   0.161548
37 24   0.161548
37 25   0.161548
37 26   0.161548
37 27   0.161548
37 28   0.161548
37 29   0.161548
37 30   0.161548
37 31   0.161548
37 32   0.161548
37 33   0.161548
37 34   0.161548
37 35   0.161548
37 36   0.161548
37 37   0.161548
37 38   0.161548
37 39   0.161548
37 40   0.161548
38 1   0.0939788
38 2   0.0939788
38 3   0.0939788
38 4   0.0939788
38 5   0.0939788
38 6   0.0939788
38 7   0.0939788
38 8   0.0939788
38 9   0.0939788
38 10   0.0939788
38 11   0.0939788
38 12   0.0939788
38 13   0.0939788
38 14   0.0939788
38 15   0.0939788
38 16   0.0939788
38 17   0.0939788
38 18   0.0939788
38 19   0.0939788
38 20   0.0939788
38 21   0.0939788
38 22   0.0939788
38 23   0.0939788
38 24   0.0939788
38 25   0.0939788
38 26   0.0939788
38 27   0.0939788
38 28   0.0939788
38 29   0.0939788
38 30   0.0939788
38 31   0.0939788
38 32   0.0939788
38 33   0.0939788
38 34   0.0939788
38 35   0.0939788
38 36   0.0939788
38 37   0.0939788
38 38   0.0939788
38 39   0.0939788
38 40   0.0939788
39 1   0.0445592
39 2   0.0445592
39 3   0.0445592
39 4   0.0445592
39 5   0.0445592
39 6   0.0445592
39 7   0.0445592
39 8   0.0445592
39 9   0.0445592
39 10   0.0445592
39 11   0.0445592
39 12   0.0445592
39 13   0.0445592
39 14   0.0445592
39 15   0.0445592
39 16   0.0445592
39 17   0.0445592
39 18   0.0445592
39 19   0.0445592
39 20   0.0445592
39 21   0.0445592
39 22   0.0445592
39 23   0.0445592
39 24   0.0445592
39 25   0.0445592
39 26   0.0445592
39 27   0.0445592
39 28   0.0445592
39 29   0.0445592
39 30   0.0445592
39 31   0.0445592
39 32   0.0445592
39 33   0.0445592
39 34   0.0445592
39 35   0.0445592
39 36   0.0445592
39 37   0.0445592
39 38   0.0445592
39 39   0.0445592
39 40   0.0445592
40 1   0.0186686
40 2   0.0186686
40 3   0.0186686
40 4   0.0186686
40 5   0.0186686
40 6   0.0186686
40 7   0.0186686
40 8   0.0186686
40 9   0.0186686
40 10   0.0186686
40 11   0.0186686
40 12   0.0186686
40 13   0.0186686
40 14   0.0186686
40 15   0.0186686
40 16   0.0186686
40 17   0.0186686
40 18   0.0186686
40 19   0.0186686
40 20   0.0186686
40 21   0.0186686
40 22   0.0186686
40 23   0.0186686
40 24   0.0186686
40 25   0.0186686
40 26   0.0186686
40 27   0.0186686
40 28   0.0186686
40 29   0.0186686
40 30   0.0186686
40 31   0.0186686
40 32   0.0186686
40 33   0.0186686
40 34   0.0186686
40 35   0.0186686
40 36   0.0186686
40 37   0.0186686
40 38   0.0186686
40 39   0.0186686
40 40   0.0186686
