1 1   0.0026856
1 2   0.0026856
1 3   0.0026856
1 4   0.0026856
1 5   0.0026856
1 6   0.0026856
1 7   0.0026856
1 8   0.0026856
1 9   0.0026856
1 10   0.0026856
1 11   0.0026856
1 12   0.0026856
1 13   0.0026856
1 14   0.0026856
1 15   0.0026856
1 16   0.0026856
1 17   0.0026856
1 18   0.0026856
1 19   0.0026856
1 20   0.0026856
1 21   0.0026856
1 22   0.0026856
1 23   0.0026856
1 24   0.0026856
1 25   0.0026856
1 26   0.0026856
1 27   0.0026856
1 28   0.0026856
1 29   0.0026856
1 30   0.0026856
1 31   0.0026856
1 32   0.0026856
1 33   0.0026856
1 34   0.0026856
1 35   0.0026856
1 36   0.0026856
1 37   0.0026856
1 38   0.0026856
1 39   0.0026856
1 40   0.0026856
2 1   -0.00292635
2 2   -0.00292635
2 3   -0.00292635
2 4   -0.00292635
2 5   -0.00292635
2 6   -0.00292635
2 7   -0.00292635
2 8   -0.00292635
2 9   -0.00292635
2 10   -0.00292635
2 11   -0.00292635
2 12   -0.00292635
2 13   -0.00292635
2 14   -0.00292635
2 15   -0.00292635
2 16   -0.00292635
2 17   -0.00292635
2 18   -0.00292635
2 19   -0.00292635
2 20   -0.00292635
2 21   -0.00292635
2 22   -0.00292635
2 23   -0.00292635
2 24   -0.00292635
2 25   -0.00292635
2 26   -0.00292635
2 27   -0.00292635
2 28   -0.00292635
2 29   -0.00292635
2 30   -0.00292635
2 31   -0.00292635
2 32   -0.00292635
2 33   -0.00292635
2 34   -0.00292635
2 35   -0.00292635
2 36   -0.00292635
2 37   -0.00292635
2 38   -0.00292635
2 39   -0.00292635
2 40   -0.00292635
3 1   0.0128425
3 2   0.0128425
3 3   0.0128425
3 4   0.0128425
3 5   0.0128425
3 6   0.0128425
3 7   0.0128425
3 8   0.0128425
3 9   0.0128425
3 10   0.0128425
3 11   0.0128425
3 12   0.0128425
3 13   0.0128425
3 14   0.0128425
3 15   0.0128425
3 16   0.0128425
3 17   0.0128425
3 18   0.0128425
3 19   0.0128425
3 20   0.0128425
3 21   0.0128425
3 22   0.0128425
3 23   0.0128425
3 24   0.0128425
3 25   0.0128425
3 26   0.0128425
3 27   0.0128425
3 28   0.0128425
3 29   0.0128425
3 30   0.0128425
3 31   0.0128425
3 32   0.0128425
3 33   0.0128425
3 34   0.0128425
3 35   0.0128425
3 36   0.0128425
3 37   0.0128425
3 38   0.0128425
3 39   0.0128425
3 40   0.0128425
4 1   0.00890087
4 2   0.00890087
4 3   0.00890087
4 4   0.00890087
4 5   0.00890087
4 6   0.00890087
4 7   0.00890087
4 8   0.00890087
4 9   0.00890087
4 10   0.00890087
4 11   0.00890087
4 12   0.00890087
4 13   0.00890087
4 14   0.00890087
4 15   0.00890087
4 16   0.00890087
4 17   0.00890087
4 18   0.00890087
4 19   0.00890087
4 20   0.00890087
4 21   0.00890087
4 22   0.00890087
4 23   0.00890087
4 24   0.00890087
4 25   0.00890087
4 26   0.00890087
4 27   0.00890087
4 28   0.00890087
4 29   0.00890087
4 30   0.00890087
4 31   0.00890087
4 32   0.00890087
4 33   0.00890087
4 34   0.00890087
4 35   0.00890087
4 36   0.00890087
4 37   0.00890087
4 38   0.00890087
4 39   0.00890087
4 40   0.00890087
5 1   0.0417836
5 2   0.0417836
5 3   0.0417836
5 4   0.0417836
5 5   0.0417836
5 6   0.0417836
5 7   0.0417836
5 8   0.0417836
5 9   0.0417836
5 10   0.0417836
5 11   0.0417836
5 12   0.0417836
5 13   0.0417836
5 14   0.0417836
5 15   0.0417836
5 16   0.0417836
5 17   0.0417836
5 18   0.0417836
5 19   0.0417836
5 20   0.0417836
5 21   0.0417836
5 22   0.0417836
5 23   0.0417836
5 24   0.0417836
5 25   0.0417836
5 26   0.0417836
5 27   0.0417836
5 28   0.0417836
5 29   0.0417836
5 30   0.0417836
5 31   0.0417836
5 32   0.0417836
5 33   0.0417836
5 34   0.0417836
5 35   0.0417836
5 36   0.0417836
5 37   0.0417836
5 38   0.0417836
5 39   0.0417836
5 40   0.0417836
6 1   0.0832061
6 2   0.0832061
6 3   0.0832061
6 4   0.0832061
6 5   0.0832061
6 6   0.0832061
6 7   0.0832061
6 8   0.0832061
6 9   0.0832061
6 10   0.0832061
6 11   0.0832061
6 12   0.0832061
6 13   0.0832061
6 14   0.0832061
6 15   0.0832061
6 16   0.0832061
6 17   0.0832061
6 18   0.0832061
6 19   0.0832061
6 20   0.0832061
6 21   0.0832061
6 22   0.0832061
6 23   0.0832061
6 24   0.0832061
6 25   0.0832061
6 26   0.0832061
6 27   0.0832061
6 28   0.0832061
6 29   0.0832061
6 30   0.0832061
6 31   0.0832061
6 32   0.0832061
6 33   0.0832061
6 34   0.0832061
6 35   0.0832061
6 36   0.0832061
6 37   0.0832061
6 38   0.0832061
6 39   0.0832061
6 40   0.0832061
7 1   0.154198
7 2   0.154198
7 3   0.154198
7 4   0.154198
7 5   0.154198
7 6   0.154198
7 7   0.154198
7 8   0.154198
7 9   0.154198
7 10   0.154198
7 11   0.154198
7 12   0.154198
7 13   0.154198
7 14   0.154198
7 15   0.154198
7 16   0.154198
7 17   0.154198
7 18   0.154198
7 19   0.154198
7 20   0.154198
7 21   0.154198
7 22   0.154198
7 23   0.154198
7 24   0.154198
7 25   0.154198
7 26   0.154198
7 27   0.154198
7 28   0.154198
7 29   0.154198
7 30   0.154198
7 31   0.154198
7 32   0.154198
7 33   0.154198
7 34   0.154198
7 35   0.154198
7 36   0.154198
7 37   0.154198
7 38   0.154198
7 39   0.154198
7 40   0.154198
8 1   0.282874
8 2   0.282874
8 3   0.282874
8 4   0.282874
8 5   0.282874
8 6   0.282874
8 7   0.282874
8 8   0.282874
8 9   0.282874
8 10   0.282874
8 11   0.282874
8 12   0.282874
8 13   0.282874
8 14   0.282874
8 15   0.282874
8 16   0.282874
8 17   0.282874
8 18   0.282874
8 19   0.282874
8 20   0.282874
8 21   0.282874
8 22   0.282874
8 23   0.282874
8 24   0.282874
8 25   0.282874
8 26   0.282874
8 27   0.282874
8 28   0.282874
8 29   0.282874
8 30   0.282874
8 31   0.282874
8 32   0.282874
8 33   0.282874
8 34   0.282874
8 35   0.282874
8 36   0.282874
8 37   0.282874
8 38   0.282874
8 39   0.282874
8 40   0.282874
9 1   0.406013
9 2   0.406013
9 3   0.406013
9 4   0.406013
9 5   0.406013
9 6   0.406013
9 7   0.406013
9 8   0.406013
9 9   0.406013
9 10   0.406013
9 11   0.406013
9 12   0.406013
9 13   0.406013
9 14   0.406013
9 15   0.406013
9 16   0.406013
9 17   0.406013
9 18   0.406013
9 19   0.406013
9 20   0.406013
9 21   0.406013
9 22   0.406013
9 23   0.406013
9 24   0.406013
9 25   0.406013
9 26   0.406013
9 27   0.406013
9 28   0.406013
9 29   0.406013
9 30   0.406013
9 31   0.406013
9 32   0.406013
9 33   0.406013
9 34   0.406013
9 35   0.406013
9 36   0.406013
9 37   0.406013
9 38   0.406013
9 39   0.406013
9 40   0.406013
10 1   0.535032
10 2   0.535032
10 3   0.535032
10 4   0.535032
10 5   0.535032
10 6   0.535032
10 7   0.535032
10 8   0.535032
10 9   0.535032
10 10   0.535032
10 11   0.535032
10 12   0.535032
10 13   0.535032
10 14   0.535032
10 15   0.535032
10 16   0.535032
10 17   0.535032
10 18   0.535032
10 19   0.535032
10 20   0.535032
10 21   0.535032
10 22   0.535032
10 23   0.535032
10 24   0.535032
10 25   0.535032
10 26   0.535032
10 27   0.535032
10 28   0.535032
10 29   0.535032
10 30   0.535032
10 31   0.535032
10 32   0.535032
10 33   0.535032
10 34   0.535032
10 35   0.535032
10 36   0.535032
10 37   0.535032
10 38   0.535032
10 39   0.535032
10 40   0.535032
11 1   0.597111
11 2   0.597111
11 3   0.597111
11 4   0.597111
11 5   0.597111
11 6   0.597111
11 7   0.597111
11 8   0.597111
11 9   0.597111
11 10   0.597111
11 11   0.597111
11 12   0.597111
11 13   0.597111
11 14   0.597111
11 15   0.597111
11 16   0.597111
11 17   0.597111
11 18   0.597111
11 19   0.597111
11 20   0.597111
11 21   0.597111
11 22   0.597111
11 23   0.597111
11 24   0.597111
11 25   0.597111
11 26   0.597111
11 27   0.597111
11 28   0.597111
11 29   0.597111
11 30   0.597111
11 31   0.597111
11 32   0.597111
11 33   0.597111
11 34   0.597111
11 35   0.597111
11 36   0.597111
11 37   0.597111
11 38   0.597111
11 39   0.597111
11 40   0.597111
12 1   0.562789
12 2   0.562789
12 3   0.562789
12 4   0.562789
12 5   0.562789
12 6   0.562789
12 7   0.562789
12 8   0.562789
12 9   0.562789
12 10   0.562789
12 11   0.562789
12 12   0.562789
12 13   0.562789
12 14   0.562789
12 15   0.562789
12 16   0.562789
12 17   0.562789
12 18   0.562789
12 19   0.562789
12 20   0.562789
12 21   0.562789
12 22   0.562789
12 23   0.562789
12 24   0.562789
12 25   0.562789
12 26   0.562789
12 27   0.562789
12 28   0.562789
12 29   0.562789
12 30   0.562789
12 31   0.562789
12 32   0.562789
12 33   0.562789
12 34   0.562789
12 35   0.562789
12 36   0.562789
12 37   0.562789
12 38   0.562789
12 39   0.562789
12 40   0.562789
13 1   0.488863
13 2   0.488863
13 3   0.488863
13 4   0.488863
13 5   0.488863
13 6   0.488863
13 7   0.488863
13 8   0.488863
13 9   0.488863
13 10   0.488863
13 11   0.488863
13 12   0.488863
13 13   0.488863
13 14   0.488863
13 15   0.488863
13 16   0.488863
13 17   0.488863
13 18   0.488863
13 19   0.488863
13 20   0.488863
13 21   0.488863
13 22   0.488863
13 23   0.488863
13 24   0.488863
13 25   0.488863
13 26   0.488863
13 27   0.488863
13 28   0.488863
13 29   0.488863
13 30   0.488863
13 31   0.488863
13 32   0.488863
13 33   0.488863
13 34   0.488863
13 35   0.488863
13 36   0.488863
13 37   0.488863
13 38   0.488863
13 39   0.488863
13 40   0.488863
14 1   0.45781
14 2   0.45781
14 3   0.45781
14 4   0.45781
14 5   0.45781
14 6   0.45781
14 7   0.45781
14 8   0.45781
14 9   0.45781
14 10   0.45781
14 11   0.45781
14 12   0.45781
14 13   0.45781
14 14   0.45781
14 15   0.45781
14 16   0.45781
14 17   0.45781
14 18   0.45781
14 19   0.45781
14 20   0.45781
14 21   0.45781
14 22   0.45781
14 23   0.45781
14 24   0.45781
14 25   0.45781
14 26   0.45781
14 27   0.45781
14 28   0.45781
14 29   0.45781
14 30   0.45781
14 31   0.45781
14 32   0.45781
14 33   0.45781
14 34   0.45781
14 35   0.45781
14 36   0.45781
14 37   0.45781
14 38   0.45781
14 39   0.45781
14 40   0.45781
15 1   0.46579
15 2   0.46579
15 3   0.46579
15 4   0.46579
15 5   0.46579
15 6   0.46579
15 7   0.46579
15 8   0.46579
15 9   0.46579
15 10   0.46579
15 11   0.46579
15 12   0.46579
15 13   0.46579
15 14   0.46579
15 15   0.46579
15 16   0.46579
15 17   0.46579
15 18   0.46579
15 19   0.46579
15 20   0.46579
15 21   0.46579
15 22   0.46579
15 23   0.46579
15 24   0.46579
15 25   0.46579
15 26   0.46579
15 27   0.46579
15 28   0.46579
15 29   0.46579
15 30   0.46579
15 31   0.46579
15 32   0.46579
15 33   0.46579
15 34   0.46579
15 35   0.46579
15 36   0.46579
15 37   0.46579
15 38   0.46579
15 39   0.46579
15 40   0.46579
16 1   0.523003
16 2   0.523003
16 3   0.523003
16 4   0.523003
16 5   0.523003
16 6   0.523003
16 7   0.523003
16 8   0.523003
16 9   0.523003
16 10   0.523003
16 11   0.523003
16 12   0.523003
16 13   0.523003
16 14   0.523003
16 15   0.523003
16 16   0.523003
16 17   0.523003
16 18   0.523003
16 19   0.523003
16 20   0.523003
16 21   0.523003
16 22   0.523003
16 23   0.523003
16 24   0.523003
16 25   0.523003
16 26   0.523003
16 27   0.523003
16 28   0.523003
16 29   0.523003
16 30   0.523003
16 31   0.523003
16 32   0.523003
16 33   0.523003
16 34   0.523003
16 35   0.523003
16 36   0.523003
16 37   0.523003
16 38   0.523003
16 39   0.523003
16 40   0.523003
17 1   0.539983
17 2   0.539983
17 3   0.539983
17 4   0.539983
17 5   0.539983
17 6   0.539983
17 7   0.539983
17 8   0.539983
17 9   0.539983
17 10   0.539983
17 11   0.539983
17 12   0.539983
17 13   0.539983
17 14   0.539983
17 15   0.539983
17 16   0.539983
17 17   0.539983
17 18   0.539983
17 19   0.539983
17 20   0.539983
17 21   0.539983
17 22   0.539983
17 23   0.539983
17 24   0.539983
17 25   0.539983
17 26   0.539983
17 27   0.539983
17 28   0.539983
17 29   0.539983
17 30   0.539983
17 31   0.539983
17 32   0.539983
17 33   0.539983
17 34   0.539983
17 35   0.539983
17 36   0.539983
17 37   0.539983
17 38   0.539983
17 39   0.539983
17 40   0.539983
18 1   0.484327
18 2   0.484327
18 3   0.484327
18 4   0.484327
18 5   0.484327
18 6   0.484327
18 7   0.484327
18 8   0.484327
18 9   0.484327
18 10   0.484327
18 11   0.484327
18 12   0.484327
18 13   0.484327
18 14   0.484327
18 15   0.484327
18 16   0.484327
18 17   0.484327
18 18   0.484327
18 19   0.484327
18 20   0.484327
18 21   0.484327
18 22   0.484327
18 23   0.484327
18 24   0.484327
18 25   0.484327
18 26   0.484327
18 27   0.484327
18 28   0.484327
18 29   0.484327
18 30   0.484327
18 31   0.484327
18 32   0.484327
18 33   0.484327
18 34   0.484327
18 35   0.484327
18 36   0.484327
18 37   0.484327
18 38   0.484327
18 39   0.484327
18 40   0.484327
19 1   0.463847
19 2   0.463847
19 3   0.463847
19 4   0.463847
19 5   0.463847
19 6   0.463847
19 7   0.463847
19 8   0.463847
19 9   0.463847
19 10   0.463847
19 11   0.463847
19 12   0.463847
19 13   0.463847
19 14   0.463847
19 15   0.463847
19 16   0.463847
19 17   0.463847
19 18   0.463847
19 19   0.463847
19 20   0.463847
19 21   0.463847
19 22   0.463847
19 23   0.463847
19 24   0.463847
19 25   0.463847
19 26   0.463847
19 27   0.463847
19 28   0.463847
19 29   0.463847
19 30   0.463847
19 31   0.463847
19 32   0.463847
19 33   0.463847
19 34   0.463847
19 35   0.463847
19 36   0.463847
19 37   0.463847
19 38   0.463847
19 39   0.463847
19 40   0.463847
20 1   0.520801
20 2   0.520801
20 3   0.520801
20 4   0.520801
20 5   0.520801
20 6   0.520801
20 7   0.520801
20 8   0.520801
20 9   0.520801
20 10   0.520801
20 11   0.520801
20 12   0.520801
20 13   0.520801
20 14   0.520801
20 15   0.520801
20 16   0.520801
20 17   0.520801
20 18   0.520801
20 19   0.520801
20 20   0.520801
20 21   0.520801
20 22   0.520801
20 23   0.520801
20 24   0.520801
20 25   0.520801
20 26   0.520801
20 27   0.520801
20 28   0.520801
20 29   0.520801
20 30   0.520801
20 31   0.520801
20 32   0.520801
20 33   0.520801
20 34   0.520801
20 35   0.520801
20 36   0.520801
20 37   0.520801
20 38   0.520801
20 39   0.520801
20 40   0.520801
21 1   0.527131
21 2   0.527131
21 3   0.527131
21 4   0.527131
21 5   0.527131
21 6   0.527131
21 7   0.527131
21 8   0.527131
21 9   0.527131
21 10   0.527131
21 11   0.527131
21 12   0.527131
21 13   0.527131
21 14   0.527131
21 15   0.527131
21 16   0.527131
21 17   0.527131
21 18   0.527131
21 19   0.527131
21 20   0.527131
21 21   0.527131
21 22   0.527131
21 23   0.527131
21 24   0.527131
21 25   0.527131
21 26   0.527131
21 27   0.527131
21 28   0.527131
21 29   0.527131
21 30   0.527131
21 31   0.527131
21 32   0.527131
21 33   0.527131
21 34   0.527131
21 35   0.527131
21 36   0.527131
21 37   0.527131
21 38   0.527131
21 39   0.527131
21 40   0.527131
22 1   0.473119
22 2   0.473119
22 3   0.473119
22 4   0.473119
22 5   0.473119
22 6   0.473119
22 7   0.473119
22 8   0.473119
22 9   0.473119
22 10   0.473119
22 11   0.473119
22 12   0.473119
22 13   0.473119
22 14   0.473119
22 15   0.473119
22 16   0.473119
22 17   0.473119
22 18   0.473119
22 19   0.473119
22 20   0.473119
22 21   0.473119
22 22   0.473119
22 23   0.473119
22 24   0.473119
22 25   0.473119
22 26   0.473119
22 27   0.473119
22 28   0.473119
22 29   0.473119
22 30   0.473119
22 31   0.473119
22 32   0.473119
22 33   0.473119
22 34   0.473119
22 35   0.473119
22 36   0.473119
22 37   0.473119
22 38   0.473119
22 39   0.473119
22 40   0.473119
23 1   0.478849
23 2   0.478849
23 3   0.478849
23 4   0.478849
23 5   0.478849
23 6   0.478849
23 7   0.478849
23 8   0.478849
23 9   0.478849
23 10   0.478849
23 11   0.478849
23 12   0.478849
23 13   0.478849
23 14   0.478849
23 15   0.478849
23 16   0.478849
23 17   0.478849
23 18   0.478849
23 19   0.478849
23 20   0.478849
23 21   0.478849
23 22   0.478849
23 23   0.478849
23 24   0.478849
23 25   0.478849
23 26   0.478849
23 27   0.478849
23 28   0.478849
23 29   0.478849
23 30   0.478849
23 31   0.478849
23 32   0.478849
23 33   0.478849
23 34   0.478849
23 35   0.478849
23 36   0.478849
23 37   0.478849
23 38   0.478849
23 39   0.478849
23 40   0.478849
24 1   0.536995
24 2   0.536995
24 3   0.536995
24 4   0.536995
24 5   0.536995
24 6   0.536995
24 7   0.536995
24 8   0.536995
24 9   0.536995
24 10   0.536995
24 11   0.536995
24 12   0.536995
24 13   0.536995
24 14   0.536995
24 15   0.536995
24 16   0.536995
24 17   0.536995
24 18   0.536995
24 19   0.536995
24 20   0.536995
24 21   0.536995
24 22   0.536995
24 23   0.536995
24 24   0.536995
24 25   0.536995
24 26   0.536995
24 27   0.536995
24 28   0.536995
24 29   0.536995
24 30   0.536995
24 31   0.536995
24 32   0.536995
24 33   0.536995
24 34   0.536995
24 35   0.536995
24 36   0.536995
24 37   0.536995
24 38   0.536995
24 39   0.536995
24 40   0.536995
25 1   0.514758
25 2   0.514758
25 3   0.514758
25 4   0.514758
25 5   0.514758
25 6   0.514758
25 7   0.514758
25 8   0.514758
25 9   0.514758
25 10   0.514758
25 11   0.514758
25 12   0.514758
25 13   0.514758
25 14   0.514758
25 15   0.514758
25 16   0.514758
25 17   0.514758
25 18   0.514758
25 19   0.514758
25 20   0.514758
25 21   0.514758
25 22   0.514758
25 23   0.514758
25 24   0.514758
25 25   0.514758
25 26   0.514758
25 27   0.514758
25 28   0.514758
25 29   0.514758
25 30   0.514758
25 31   0.514758
25 32   0.514758
25 33   0.514758
25 34   0.514758
25 35   0.514758
25 36   0.514758
25 37   0.514758
25 38   0.514758
25 39   0.514758
25 40   0.514758
26 1   0.46136
26 2   0.46136
26 3   0.46136
26 4   0.46136
26 5   0.46136
26 6   0.46136
26 7   0.46136
26 8   0.46136
26 9   0.46136
26 10   0.46136
26 11   0.46136
26 12   0.46136
26 13   0.46136
26 14   0.46136
26 15   0.46136
26 16   0.46136
26 17   0.46136
26 18   0.46136
26 19   0.46136
26 20   0.46136
26 21   0.46136
26 22   0.46136
26 23   0.46136
26 24   0.46136
26 25   0.46136
26 26   0.46136
26 27   0.46136
26 28   0.46136
26 29   0.46136
26 30   0.46136
26 31   0.46136
26 32   0.46136
26 33   0.46136
26 34   0.46136
26 35   0.46136
26 36   0.46136
26 37   0.46136
26 38   0.46136
26 39   0.46136
26 40   0.46136
27 1   0.475707
27 2   0.475707
27 3   0.475707
27 4   0.475707
27 5   0.475707
27 6   0.475707
27 7   0.475707
27 8   0.475707
27 9   0.475707
27 10   0.475707
27 11   0.475707
27 12   0.475707
27 13   0.475707
27 14   0.475707
27 15   0.475707
27 16   0.475707
27 17   0.475707
27 18   0.475707
27 19   0.475707
27 20   0.475707
27 21   0.475707
27 22   0.475707
27 23   0.475707
27 24   0.475707
27 25   0.475707
27 26   0.475707
27 27   0.475707
27 28   0.475707
27 29   0.475707
27 30   0.475707
27 31   0.475707
27 32   0.475707
27 33   0.475707
27 34   0.475707
27 35   0.475707
27 36   0.475707
27 37   0.475707
27 38   0.475707
27 39   0.475707
27 40   0.475707
28 1   0.535714
28 2   0.535714
28 3   0.535714
28 4   0.535714
28 5   0.535714
28 6   0.535714
28 7   0.535714
28 8   0.535714
28 9   0.535714
28 10   0.535714
28 11   0.535714
28 12   0.535714
28 13   0.535714
28 14   0.535714
28 15   0.535714
28 16   0.535714
28 17   0.535714
28 18   0.535714
28 19   0.535714
28 20   0.535714
28 21   0.535714
28 22   0.535714
28 23   0.535714
28 24   0.535714
28 25   0.535714
28 26   0.535714
28 27   0.535714
28 28   0.535714
28 29   0.535714
28 30   0.535714
28 31   0.535714
28 32   0.535714
28 33   0.535714
28 34   0.535714
28 35   0.535714
28 36   0.535714
28 37   0.535714
28 38   0.535714
28 39   0.535714
28 40   0.535714
29 1   0.541064
29 2   0.541064
29 3   0.541064
29 4   0.541064
29 5   0.541064
29 6   0.541064
29 7   0.541064
29 8   0.541064
29 9   0.541064
29 10   0.541064
29 11   0.541064
29 12   0.541064
29 13   0.541064
29 14   0.541064
29 15   0.541064
29 16   0.541064
29 17   0.541064
29 18   0.541064
29 19   0.541064
29 20   0.541064
29 21   0.541064
29 22   0.541064
29 23   0.541064
29 24   0.541064
29 25   0.541064
29 26   0.541064
29 27   0.541064
29 28   0.541064
29 29   0.541064
29 30   0.541064
29 31   0.541064
29 32   0.541064
29 33   0.541064
29 34   0.541064
29 35   0.541064
29 36   0.541064
29 37   0.541064
29 38   0.541064
29 39   0.541064
29 40   0.541064
30 1   0.512029
30 2   0.512029
30 3   0.512029
30 4   0.512029
30 5   0.512029
30 6   0.512029
30 7   0.512029
30 8   0.512029
30 9   0.512029
30 10   0.512029
30 11   0.512029
30 12   0.512029
30 13   0.512029
30 14   0.512029
30 15   0.512029
30 16   0.512029
30 17   0.512029
30 18   0.512029
30 19   0.512029
30 20   0.512029
30 21   0.512029
30 22   0.512029
30 23   0.512029
30 24   0.512029
30 25   0.512029
30 26   0.512029
30 27   0.512029
30 28   0.512029
30 29   0.512029
30 30   0.512029
30 31   0.512029
30 32   0.512029
30 33   0.512029
30 34   0.512029
30 35   0.512029
30 36   0.512029
30 37   0.512029
30 38   0.512029
30 39   0.512029
30 40   0.512029
31 1   0.437255
31 2   0.437255
31 3   0.437255
31 4   0.437255
31 5   0.437255
31 6   0.437255
31 7   0.437255
31 8   0.437255
31 9   0.437255
31 10   0.437255
31 11   0.437255
31 12   0.437255
31 13   0.437255
31 14   0.437255
31 15   0.437255
31 16   0.437255
31 17   0.437255
31 18   0.437255
31 19   0.437255
31 20   0.437255
31 21   0.437255
31 22   0.437255
31 23   0.437255
31 24   0.437255
31 25   0.437255
31 26   0.437255
31 27   0.437255
31 28   0.437255
31 29   0.437255
31 30   0.437255
31 31   0.437255
31 32   0.437255
31 33   0.437255
31 34   0.437255
31 35   0.437255
31 36   0.437255
31 37   0.437255
31 38   0.437255
31 39   0.437255
31 40   0.437255
32 1   0.402005
32 2   0.402005
32 3   0.402005
32 4   0.402005
32 5   0.402005
32 6   0.402005
32 7   0.402005
32 8   0.402005
32 9   0.402005
32 10   0.402005
32 11   0.402005
32 12   0.402005
32 13   0.402005
32 14   0.402005
32 15   0.402005
32 16   0.402005
32 17   0.402005
32 18   0.402005
32 19   0.402005
32 20   0.402005
32 21   0.402005
32 22   0.402005
32 23   0.402005
32 24   0.402005
32 25   0.402005
32 26   0.402005
32 27   0.402005
32 28   0.402005
32 29   0.402005
32 30   0.402005
32 31   0.402005
32 32   0.402005
32 33   0.402005
32 34   0.402005
32 35   0.402005
32 36   0.402005
32 37   0.402005
32 38   0.402005
32 39   0.402005
32 40   0.402005
33 1   0.46732
33 2   0.46732
33 3   0.46732
33 4   0.46732
33 5   0.46732
33 6   0.46732
33 7   0.46732
33 8   0.46732
33 9   0.46732
33 10   0.46732
33 11   0.46732
33 12   0.46732
33 13   0.46732
33 14   0.46732
33 15   0.46732
33 16   0.46732
33 17   0.46732
33 18   0.46732
33 19   0.46732
33 20   0.46732
33 21   0.46732
33 22   0.46732
33 23   0.46732
33 24   0.46732
33 25   0.46732
33 26   0.46732
33 27   0.46732
33 28   0.46732
33 29   0.46732
33 30   0.46732
33 31   0.46732
33 32   0.46732
33 33   0.46732
33 34   0.46732
33 35   0.46732
33 36   0.46732
33 37   0.46732
33 38   0.46732
33 39   0.46732
33 40   0.46732
34 1   0.590528
34 2   0.590528
34 3   0.590528
34 4   0.590528
34 5   0.590528
34 6   0.590528
34 7   0.590528
34 8   0.590528
34 9   0.590528
34 10   0.590528
34 11   0.590528
34 12   0.590528
34 13   0.590528
34 14   0.590528
34 15   0.590528
34 16   0.590528
34 17   0.590528
34 18   0.590528
34 19   0.590528
34 20   0.590528
34 21   0.590528
34 22   0.590528
34 23   0.590528
34 24   0.590528
34 25   0.590528
34 26   0.590528
34 27   0.590528
34 28   0.590528
34 29   0.590528
34 30   0.590528
34 31   0.590528
34 32   0.590528
34 33   0.590528
34 34   0.590528
34 35   0.590528
34 36   0.590528
34 37   0.590528
34 38   0.590528
34 39   0.590528
34 40   0.590528
35 1   0.721812
35 2   0.721812
35 3   0.721812
35 4   0.721812
35 5   0.721812
35 6   0.721812
35 7   0.721812
35 8   0.721812
35 9   0.721812
35 10   0.721812
35 11   0.721812
35 12   0.721812
35 13   0.721812
35 14   0.721812
35 15   0.721812
35 16   0.721812
35 17   0.721812
35 18   0.721812
35 19   0.721812
35 20   0.721812
35 21   0.721812
35 22   0.721812
35 23   0.721812
35 24   0.721812
35 25   0.721812
35 26   0.721812
35 27   0.721812
35 28   0.721812
35 29   0.721812
35 30   0.721812
35 31   0.721812
35 32   0.721812
35 33   0.721812
35 34   0.721812
35 35   0.721812
35 36   0.721812
35 37   0.721812
35 38   0.721812
35 39   0.721812
35 40   0.721812
36 1   0.840962
36 2   0.840962
36 3   0.840962
36 4   0.840962
36 5   0.840962
36 6   0.840962
36 7   0.840962
36 8   0.840962
36 9   0.840962
36 10   0.840962
36 11   0.840962
36 12   0.840962
36 13   0.840962
36 14   0.840962
36 15   0.840962
36 16   0.840962
36 17   0.840962
36 18   0.840962
36 19   0.840962
36 20   0.840962
36 21   0.840962
36 22   0.840962
36 23   0.840962
36 24   0.840962
36 25   0.840962
36 26   0.840962
36 27   0.840962
36 28   0.840962
36 29   0.840962
36 30   0.840962
36 31   0.840962
36 32   0.840962
36 33   0.840962
36 34   0.840962
36 35   0.840962
36 36   0.840962
36 37   0.840962
36 38   0.840962
36 39   0.840962
36 40   0.840962
37 1   0.921025
37 2   0.921025
37 3   0.921025
37 4   0.921025
37 5   0.921025
37 6   0.921025
37 7   0.921025
37 8   0.921025
37 9   0.921025
37 10   0.921025
37 11   0.921025
37 12   0.921025
37 13   0.921025
37 14   0.921025
37 15   0.921025
37 16   0.921025
37 17   0.921025
37 18   0.921025
37 19   0.921025
37 20   0.921025
37 21   0.921025
37 22   0.921025
37 23   0.921025
37 24   0.921025
37 25   0.921025
37 26   0.921025
37 27   0.921025
37 28   0.921025
37 29   0.921025
37 30   0.921025
37 31   0.921025
37 32   0.921025
37 33   0.921025
37 34   0.921025
37 35   0.921025
37 36   0.921025
37 37   0.921025
37 38   0.921025
37 39   0.921025
37 40   0.921025
38 1   0.956045
38 2   0.956045
38 3   0.956045
38 4   0.956045
38 5   0.956045
38 6   0.956045
38 7   0.956045
38 8   0.956045
38 9   0.956045
38 10   0.956045
38 11   0.956045
38 12   0.956045
38 13   0.956045
38 14   0.956045
38 15   0.956045
38 16   0.956045
38 17   0.956045
38 18   0.956045
38 19   0.956045
38 20   0.956045
38 21   0.956045
38 22   0.956045
38 23   0.956045
38 24   0.956045
38 25   0.956045
38 26   0.956045
38 27   0.956045
38 28   0.956045
38 29   0.956045
38 30   0.956045
38 31   0.956045
38 32   0.956045
38 33   0.956045
38 34   0.956045
38 35   0.956045
38 36   0.956045
38 37   0.956045
38 38   0.956045
38 39   0.956045
38 40   0.956045
39 1   0.989493
39 2   0.989493
39 3   0.989493
39 4   0.989493
39 5   0.989493
39 6   0.989493
39 7   0.989493
39 8   0.989493
39 9   0.989493
39 10   0.989493
39 11   0.989493
39 12   0.989493
39 13   0.989493
39 14   0.989493
39 15   0.989493
39 16   0.989493
39 17   0.989493
39 18   0.989493
39 19   0.989493
39 20   0.989493
39 21   0.989493
39 22   0.989493
39 23   0.989493
39 24   0.989493
39 25   0.989493
39 26   0.989493
39 27   0.989493
39 28   0.989493
39 29   0.989493
39 30   0.989493
39 31   0.989493
39 32   0.989493
39 33   0.989493
39 34   0.989493
39 35   0.989493
39 36   0.989493
39 37   0.989493
39 38   0.989493
39 39   0.989493
39 40   0.989493
40 1   0.989993
40 2   0.989993
40 3   0.989993
40 4   0.989993
40 5   0.989993
40 6   0.989993
40 7   0.989993
40 8   0.989993
40 9   0.989993
40 10   0.989993
40 11   0.989993
40 12   0.989993
40 13   0.989993
40 14   0.989993
40 15   0.989993
40 16   0.989993
40 17   0.989993
40 18   0.989993
40 19   0.989993
40 20   0.989993
40 21   0.989993
40 22   0.989993
40 23   0.989993
40 24   0.989993
40 25   0.989993
40 26   0.989993
40 27   0.989993
40 28   0.989993
40 29   0.989993
40 30   0.989993
40 31   0.989993
40 32   0.989993
40 33   0.989993
40 34   0.989993
40 35   0.989993
40 36   0.989993
40 37   0.989993
40 38   0.989993
40 39   0.989993
40 40   0.989993
