1 1   0.0364406
1 2   0.0364406
1 3   0.0364406
1 4   0.0364406
1 5   0.0364406
1 6   0.0364406
1 7   0.0364406
1 8   0.0364406
1 9   0.0364406
1 10   0.0364406
1 11   0.0364406
1 12   0.0364406
1 13   0.0364406
1 14   0.0364406
1 15   0.0364406
1 16   0.0364406
1 17   0.0364406
1 18   0.0364406
1 19   0.0364406
1 20   0.0364406
1 21   0.0364406
1 22   0.0364406
1 23   0.0364406
1 24   0.0364406
1 25   0.0364406
1 26   0.0364406
1 27   0.0364406
1 28   0.0364406
1 29   0.0364406
1 30   0.0364406
1 31   0.0364406
1 32   0.0364406
1 33   0.0364406
1 34   0.0364406
1 35   0.0364406
1 36   0.0364406
1 37   0.0364406
1 38   0.0364406
1 39   0.0364406
1 40   0.0364406
2 1   0.00834009
2 2   0.00834009
2 3   0.00834009
2 4   0.00834009
2 5   0.00834009
2 6   0.00834009
2 7   0.00834009
2 8   0.00834009
2 9   0.00834009
2 10   0.00834009
2 11   0.00834009
2 12   0.00834009
2 13   0.00834009
2 14   0.00834009
2 15   0.00834009
2 16   0.00834009
2 17   0.00834009
2 18   0.00834009
2 19   0.00834009
2 20   0.00834009
2 21   0.00834009
2 22   0.00834009
2 23   0.00834009
2 24   0.00834009
2 25   0.00834009
2 26   0.00834009
2 27   0.00834009
2 28   0.00834009
2 29   0.00834009
2 30   0.00834009
2 31   0.00834009
2 32   0.00834009
2 33   0.00834009
2 34   0.00834009
2 35   0.00834009
2 36   0.00834009
2 37   0.00834009
2 38   0.00834009
2 39   0.00834009
2 40   0.00834009
3 1   -0.0329897
3 2   -0.0329897
3 3   -0.0329897
3 4   -0.0329897
3 5   -0.0329897
3 6   -0.0329897
3 7   -0.0329897
3 8   -0.0329897
3 9   -0.0329897
3 10   -0.0329897
3 11   -0.0329897
3 12   -0.0329897
3 13   -0.0329897
3 14   -0.0329897
3 15   -0.0329897
3 16   -0.0329897
3 17   -0.0329897
3 18   -0.0329897
3 19   -0.0329897
3 20   -0.0329897
3 21   -0.0329897
3 22   -0.0329897
3 23   -0.0329897
3 24   -0.0329897
3 25   -0.0329897
3 26   -0.0329897
3 27   -0.0329897
3 28   -0.0329897
3 29   -0.0329897
3 30   -0.0329897
3 31   -0.0329897
3 32   -0.0329897
3 33   -0.0329897
3 34   -0.0329897
3 35   -0.0329897
3 36   -0.0329897
3 37   -0.0329897
3 38   -0.0329897
3 39   -0.0329897
3 40   -0.0329897
4 1   -0.0665505
4 2   -0.0665505
4 3   -0.0665505
4 4   -0.0665505
4 5   -0.0665505
4 6   -0.0665505
4 7   -0.0665505
4 8   -0.0665505
4 9   -0.0665505
4 10   -0.0665505
4 11   -0.0665505
4 12   -0.0665505
4 13   -0.0665505
4 14   -0.0665505
4 15   -0.0665505
4 16   -0.0665505
4 17   -0.0665505
4 18   -0.0665505
4 19   -0.0665505
4 20   -0.0665505
4 21   -0.0665505
4 22   -0.0665505
4 23   -0.0665505
4 24   -0.0665505
4 25   -0.0665505
4 26   -0.0665505
4 27   -0.0665505
4 28   -0.0665505
4 29   -0.0665505
4 30   -0.0665505
4 31   -0.0665505
4 32   -0.0665505
4 33   -0.0665505
4 34   -0.0665505
4 35   -0.0665505
4 36   -0.0665505
4 37   -0.0665505
4 38   -0.0665505
4 39   -0.0665505
4 40   -0.0665505
5 1   -0.0750568
5 2   -0.0750568
5 3   -0.0750568
5 4   -0.0750568
5 5   -0.0750568
5 6   -0.0750568
5 7   -0.0750568
5 8   -0.0750568
5 9   -0.0750568
5 10   -0.0750568
5 11   -0.0750568
5 12   -0.0750568
5 13   -0.0750568
5 14   -0.0750568
5 15   -0.0750568
5 16   -0.0750568
5 17   -0.0750568
5 18   -0.0750568
5 19   -0.0750568
5 20   -0.0750568
5 21   -0.0750568
5 22   -0.0750568
5 23   -0.0750568
5 24   -0.0750568
5 25   -0.0750568
5 26   -0.0750568
5 27   -0.0750568
5 28   -0.0750568
5 29   -0.0750568
5 30   -0.0750568
5 31   -0.0750568
5 32   -0.0750568
5 33   -0.0750568
5 34   -0.0750568
5 35   -0.0750568
5 36   -0.0750568
5 37   -0.0750568
5 38   -0.0750568
5 39   -0.0750568
5 40   -0.0750568
6 1   -0.0498147
6 2   -0.0498147
6 3   -0.0498147
6 4   -0.0498147
6 5   -0.0498147
6 6   -0.0498147
6 7   -0.0498147
6 8   -0.0498147
6 9   -0.0498147
6 10   -0.0498147
6 11   -0.0498147
6 12   -0.0498147
6 13   -0.0498147
6 14   -0.0498147
6 15   -0.0498147
6 16   -0.0498147
6 17   -0.0498147
6 18   -0.0498147
6 19   -0.0498147
6 20   -0.0498147
6 21   -0.0498147
6 22   -0.0498147
6 23   -0.0498147
6 24   -0.0498147
6 25   -0.0498147
6 26   -0.0498147
6 27   -0.0498147
6 28   -0.0498147
6 29   -0.0498147
6 30   -0.0498147
6 31   -0.0498147
6 32   -0.0498147
6 33   -0.0498147
6 34   -0.0498147
6 35   -0.0498147
6 36   -0.0498147
6 37   -0.0498147
6 38   -0.0498147
6 39   -0.0498147
6 40   -0.0498147
7 1   0.00799739
7 2   0.00799739
7 3   0.00799739
7 4   0.00799739
7 5   0.00799739
7 6   0.00799739
7 7   0.00799739
7 8   0.00799739
7 9   0.00799739
7 10   0.00799739
7 11   0.00799739
7 12   0.00799739
7 13   0.00799739
7 14   0.00799739
7 15   0.00799739
7 16   0.00799739
7 17   0.00799739
7 18   0.00799739
7 19   0.00799739
7 20   0.00799739
7 21   0.00799739
7 22   0.00799739
7 23   0.00799739
7 24   0.00799739
7 25   0.00799739
7 26   0.00799739
7 27   0.00799739
7 28   0.00799739
7 29   0.00799739
7 30   0.00799739
7 31   0.00799739
7 32   0.00799739
7 33   0.00799739
7 34   0.00799739
7 35   0.00799739
7 36   0.00799739
7 37   0.00799739
7 38   0.00799739
7 39   0.00799739
7 40   0.00799739
8 1   0.0871731
8 2   0.0871731
8 3   0.0871731
8 4   0.0871731
8 5   0.0871731
8 6   0.0871731
8 7   0.0871731
8 8   0.0871731
8 9   0.0871731
8 10   0.0871731
8 11   0.0871731
8 12   0.0871731
8 13   0.0871731
8 14   0.0871731
8 15   0.0871731
8 16   0.0871731
8 17   0.0871731
8 18   0.0871731
8 19   0.0871731
8 20   0.0871731
8 21   0.0871731
8 22   0.0871731
8 23   0.0871731
8 24   0.0871731
8 25   0.0871731
8 26   0.0871731
8 27   0.0871731
8 28   0.0871731
8 29   0.0871731
8 30   0.0871731
8 31   0.0871731
8 32   0.0871731
8 33   0.0871731
8 34   0.0871731
8 35   0.0871731
8 36   0.0871731
8 37   0.0871731
8 38   0.0871731
8 39   0.0871731
8 40   0.0871731
9 1   0.170173
9 2   0.170173
9 3   0.170173
9 4   0.170173
9 5   0.170173
9 6   0.170173
9 7   0.170173
9 8   0.170173
9 9   0.170173
9 10   0.170173
9 11   0.170173
9 12   0.170173
9 13   0.170173
9 14   0.170173
9 15   0.170173
9 16   0.170173
9 17   0.170173
9 18   0.170173
9 19   0.170173
9 20   0.170173
9 21   0.170173
9 22   0.170173
9 23   0.170173
9 24   0.170173
9 25   0.170173
9 26   0.170173
9 27   0.170173
9 28   0.170173
9 29   0.170173
9 30   0.170173
9 31   0.170173
9 32   0.170173
9 33   0.170173
9 34   0.170173
9 35   0.170173
9 36   0.170173
9 37   0.170173
9 38   0.170173
9 39   0.170173
9 40   0.170173
10 1   0.242213
10 2   0.242213
10 3   0.242213
10 4   0.242213
10 5   0.242213
10 6   0.242213
10 7   0.242213
10 8   0.242213
10 9   0.242213
10 10   0.242213
10 11   0.242213
10 12   0.242213
10 13   0.242213
10 14   0.242213
10 15   0.242213
10 16   0.242213
10 17   0.242213
10 18   0.242213
10 19   0.242213
10 20   0.242213
10 21   0.242213
10 22   0.242213
10 23   0.242213
10 24   0.242213
10 25   0.242213
10 26   0.242213
10 27   0.242213
10 28   0.242213
10 29   0.242213
10 30   0.242213
10 31   0.242213
10 32   0.242213
10 33   0.242213
10 34   0.242213
10 35   0.242213
10 36   0.242213
10 37   0.242213
10 38   0.242213
10 39   0.242213
10 40   0.242213
11 1   0.299209
11 2   0.299209
11 3   0.299209
11 4   0.299209
11 5   0.299209
11 6   0.299209
11 7   0.299209
11 8   0.299209
11 9   0.299209
11 10   0.299209
11 11   0.299209
11 12   0.299209
11 13   0.299209
11 14   0.299209
11 15   0.299209
11 16   0.299209
11 17   0.299209
11 18   0.299209
11 19   0.299209
11 20   0.299209
11 21   0.299209
11 22   0.299209
11 23   0.299209
11 24   0.299209
11 25   0.299209
11 26   0.299209
11 27   0.299209
11 28   0.299209
11 29   0.299209
11 30   0.299209
11 31   0.299209
11 32   0.299209
11 33   0.299209
11 34   0.299209
11 35   0.299209
11 36   0.299209
11 37   0.299209
11 38   0.299209
11 39   0.299209
11 40   0.299209
12 1   0.346684
12 2   0.346684
12 3   0.346684
12 4   0.346684
12 5   0.346684
12 6   0.346684
12 7   0.346684
12 8   0.346684
12 9   0.346684
12 10   0.346684
12 11   0.346684
12 12   0.346684
12 13   0.346684
12 14   0.346684
12 15   0.346684
12 16   0.346684
12 17   0.346684
12 18   0.346684
12 19   0.346684
12 20   0.346684
12 21   0.346684
12 22   0.346684
12 23   0.346684
12 24   0.346684
12 25   0.346684
12 26   0.346684
12 27   0.346684
12 28   0.346684
12 29   0.346684
12 30   0.346684
12 31   0.346684
12 32   0.346684
12 33   0.346684
12 34   0.346684
12 35   0.346684
12 36   0.346684
12 37   0.346684
12 38   0.346684
12 39   0.346684
12 40   0.346684
13 1   0.390826
13 2   0.390826
13 3   0.390826
13 4   0.390826
13 5   0.390826
13 6   0.390826
13 7   0.390826
13 8   0.390826
13 9   0.390826
13 10   0.390826
13 11   0.390826
13 12   0.390826
13 13   0.390826
13 14   0.390826
13 15   0.390826
13 16   0.390826
13 17   0.390826
13 18   0.390826
13 19   0.390826
13 20   0.390826
13 21   0.390826
13 22   0.390826
13 23   0.390826
13 24   0.390826
13 25   0.390826
13 26   0.390826
13 27   0.390826
13 28   0.390826
13 29   0.390826
13 30   0.390826
13 31   0.390826
13 32   0.390826
13 33   0.390826
13 34   0.390826
13 35   0.390826
13 36   0.390826
13 37   0.390826
13 38   0.390826
13 39   0.390826
13 40   0.390826
14 1   0.431196
14 2   0.431196
14 3   0.431196
14 4   0.431196
14 5   0.431196
14 6   0.431196
14 7   0.431196
14 8   0.431196
14 9   0.431196
14 10   0.431196
14 11   0.431196
14 12   0.431196
14 13   0.431196
14 14   0.431196
14 15   0.431196
14 16   0.431196
14 17   0.431196
14 18   0.431196
14 19   0.431196
14 20   0.431196
14 21   0.431196
14 22   0.431196
14 23   0.431196
14 24   0.431196
14 25   0.431196
14 26   0.431196
14 27   0.431196
14 28   0.431196
14 29   0.431196
14 30   0.431196
14 31   0.431196
14 32   0.431196
14 33   0.431196
14 34   0.431196
14 35   0.431196
14 36   0.431196
14 37   0.431196
14 38   0.431196
14 39   0.431196
14 40   0.431196
15 1   0.461821
15 2   0.461821
15 3   0.461821
15 4   0.461821
15 5   0.461821
15 6   0.461821
15 7   0.461821
15 8   0.461821
15 9   0.461821
15 10   0.461821
15 11   0.461821
15 12   0.461821
15 13   0.461821
15 14   0.461821
15 15   0.461821
15 16   0.461821
15 17   0.461821
15 18   0.461821
15 19   0.461821
15 20   0.461821
15 21   0.461821
15 22   0.461821
15 23   0.461821
15 24   0.461821
15 25   0.461821
15 26   0.461821
15 27   0.461821
15 28   0.461821
15 29   0.461821
15 30   0.461821
15 31   0.461821
15 32   0.461821
15 33   0.461821
15 34   0.461821
15 35   0.461821
15 36   0.461821
15 37   0.461821
15 38   0.461821
15 39   0.461821
15 40   0.461821
16 1   0.478229
16 2   0.478229
16 3   0.478229
16 4   0.478229
16 5   0.478229
16 6   0.478229
16 7   0.478229
16 8   0.478229
16 9   0.478229
16 10   0.478229
16 11   0.478229
16 12   0.478229
16 13   0.478229
16 14   0.478229
16 15   0.478229
16 16   0.478229
16 17   0.478229
16 18   0.478229
16 19   0.478229
16 20   0.478229
16 21   0.478229
16 22   0.478229
16 23   0.478229
16 24   0.478229
16 25   0.478229
16 26   0.478229
16 27   0.478229
16 28   0.478229
16 29   0.478229
16 30   0.478229
16 31   0.478229
16 32   0.478229
16 33   0.478229
16 34   0.478229
16 35   0.478229
16 36   0.478229
16 37   0.478229
16 38   0.478229
16 39   0.478229
16 40   0.478229
17 1   0.483192
17 2   0.483192
17 3   0.483192
17 4   0.483192
17 5   0.483192
17 6   0.483192
17 7   0.483192
17 8   0.483192
17 9   0.483192
17 10   0.483192
17 11   0.483192
17 12   0.483192
17 13   0.483192
17 14   0.483192
17 15   0.483192
17 16   0.483192
17 17   0.483192
17 18   0.483192
17 19   0.483192
17 20   0.483192
17 21   0.483192
17 22   0.483192
17 23   0.483192
17 24   0.483192
17 25   0.483192
17 26   0.483192
17 27   0.483192
17 28   0.483192
17 29   0.483192
17 30   0.483192
17 31   0.483192
17 32   0.483192
17 33   0.483192
17 34   0.483192
17 35   0.483192
17 36   0.483192
17 37   0.483192
17 38   0.483192
17 39   0.483192
17 40   0.483192
18 1   0.485455
18 2   0.485455
18 3   0.485455
18 4   0.485455
18 5   0.485455
18 6   0.485455
18 7   0.485455
18 8   0.485455
18 9   0.485455
18 10   0.485455
18 11   0.485455
18 12   0.485455
18 13   0.485455
18 14   0.485455
18 15   0.485455
18 16   0.485455
18 17   0.485455
18 18   0.485455
18 19   0.485455
18 20   0.485455
18 21   0.485455
18 22   0.485455
18 23   0.485455
18 24   0.485455
18 25   0.485455
18 26   0.485455
18 27   0.485455
18 28   0.485455
18 29   0.485455
18 30   0.485455
18 31   0.485455
18 32   0.485455
18 33   0.485455
18 34   0.485455
18 35   0.485455
18 36   0.485455
18 37   0.485455
18 38   0.485455
18 39   0.485455
18 40   0.485455
19 1   0.491806
19 2   0.491806
19 3   0.491806
19 4   0.491806
19 5   0.491806
19 6   0.491806
19 7   0.491806
19 8   0.491806
19 9   0.491806
19 10   0.491806
19 11   0.491806
19 12   0.491806
19 13   0.491806
19 14   0.491806
19 15   0.491806
19 16   0.491806
19 17   0.491806
19 18   0.491806
19 19   0.491806
19 20   0.491806
19 21   0.491806
19 22   0.491806
19 23   0.491806
19 24   0.491806
19 25   0.491806
19 26   0.491806
19 27   0.491806
19 28   0.491806
19 29   0.491806
19 30   0.491806
19 31   0.491806
19 32   0.491806
19 33   0.491806
19 34   0.491806
19 35   0.491806
19 36   0.491806
19 37   0.491806
19 38   0.491806
19 39   0.491806
19 40   0.491806
20 1   0.500497
20 2   0.500497
20 3   0.500497
20 4   0.500497
20 5   0.500497
20 6   0.500497
20 7   0.500497
20 8   0.500497
20 9   0.500497
20 10   0.500497
20 11   0.500497
20 12   0.500497
20 13   0.500497
20 14   0.500497
20 15   0.500497
20 16   0.500497
20 17   0.500497
20 18   0.500497
20 19   0.500497
20 20   0.500497
20 21   0.500497
20 22   0.500497
20 23   0.500497
20 24   0.500497
20 25   0.500497
20 26   0.500497
20 27   0.500497
20 28   0.500497
20 29   0.500497
20 30   0.500497
20 31   0.500497
20 32   0.500497
20 33   0.500497
20 34   0.500497
20 35   0.500497
20 36   0.500497
20 37   0.500497
20 38   0.500497
20 39   0.500497
20 40   0.500497
21 1   0.504503
21 2   0.504503
21 3   0.504503
21 4   0.504503
21 5   0.504503
21 6   0.504503
21 7   0.504503
21 8   0.504503
21 9   0.504503
21 10   0.504503
21 11   0.504503
21 12   0.504503
21 13   0.504503
21 14   0.504503
21 15   0.504503
21 16   0.504503
21 17   0.504503
21 18   0.504503
21 19   0.504503
21 20   0.504503
21 21   0.504503
21 22   0.504503
21 23   0.504503
21 24   0.504503
21 25   0.504503
21 26   0.504503
21 27   0.504503
21 28   0.504503
21 29   0.504503
21 30   0.504503
21 31   0.504503
21 32   0.504503
21 33   0.504503
21 34   0.504503
21 35   0.504503
21 36   0.504503
21 37   0.504503
21 38   0.504503
21 39   0.504503
21 40   0.504503
22 1   0.501384
22 2   0.501384
22 3   0.501384
22 4   0.501384
22 5   0.501384
22 6   0.501384
22 7   0.501384
22 8   0.501384
22 9   0.501384
22 10   0.501384
22 11   0.501384
22 12   0.501384
22 13   0.501384
22 14   0.501384
22 15   0.501384
22 16   0.501384
22 17   0.501384
22 18   0.501384
22 19   0.501384
22 20   0.501384
22 21   0.501384
22 22   0.501384
22 23   0.501384
22 24   0.501384
22 25   0.501384
22 26   0.501384
22 27   0.501384
22 28   0.501384
22 29   0.501384
22 30   0.501384
22 31   0.501384
22 32   0.501384
22 33   0.501384
22 34   0.501384
22 35   0.501384
22 36   0.501384
22 37   0.501384
22 38   0.501384
22 39   0.501384
22 40   0.501384
23 1   0.497162
23 2   0.497162
23 3   0.497162
23 4   0.497162
23 5   0.497162
23 6   0.497162
23 7   0.497162
23 8   0.497162
23 9   0.497162
23 10   0.497162
23 11   0.497162
23 12   0.497162
23 13   0.497162
23 14   0.497162
23 15   0.497162
23 16   0.497162
23 17   0.497162
23 18   0.497162
23 19   0.497162
23 20   0.497162
23 21   0.497162
23 22   0.497162
23 23   0.497162
23 24   0.497162
23 25   0.497162
23 26   0.497162
23 27   0.497162
23 28   0.497162
23 29   0.497162
23 30   0.497162
23 31   0.497162
23 32   0.497162
23 33   0.497162
23 34   0.497162
23 35   0.497162
23 36   0.497162
23 37   0.497162
23 38   0.497162
23 39   0.497162
23 40   0.497162
24 1   0.499729
24 2   0.499729
24 3   0.499729
24 4   0.499729
24 5   0.499729
24 6   0.499729
24 7   0.499729
24 8   0.499729
24 9   0.499729
24 10   0.499729
24 11   0.499729
24 12   0.499729
24 13   0.499729
24 14   0.499729
24 15   0.499729
24 16   0.499729
24 17   0.499729
24 18   0.499729
24 19   0.499729
24 20   0.499729
24 21   0.499729
24 22   0.499729
24 23   0.499729
24 24   0.499729
24 25   0.499729
24 26   0.499729
24 27   0.499729
24 28   0.499729
24 29   0.499729
24 30   0.499729
24 31   0.499729
24 32   0.499729
24 33   0.499729
24 34   0.499729
24 35   0.499729
24 36   0.499729
24 37   0.499729
24 38   0.499729
24 39   0.499729
24 40   0.499729
25 1   0.510637
25 2   0.510637
25 3   0.510637
25 4   0.510637
25 5   0.510637
25 6   0.510637
25 7   0.510637
25 8   0.510637
25 9   0.510637
25 10   0.510637
25 11   0.510637
25 12   0.510637
25 13   0.510637
25 14   0.510637
25 15   0.510637
25 16   0.510637
25 17   0.510637
25 18   0.510637
25 19   0.510637
25 20   0.510637
25 21   0.510637
25 22   0.510637
25 23   0.510637
25 24   0.510637
25 25   0.510637
25 26   0.510637
25 27   0.510637
25 28   0.510637
25 29   0.510637
25 30   0.510637
25 31   0.510637
25 32   0.510637
25 33   0.510637
25 34   0.510637
25 35   0.510637
25 36   0.510637
25 37   0.510637
25 38   0.510637
25 39   0.510637
25 40   0.510637
26 1   0.524278
26 2   0.524278
26 3   0.524278
26 4   0.524278
26 5   0.524278
26 6   0.524278
26 7   0.524278
26 8   0.524278
26 9   0.524278
26 10   0.524278
26 11   0.524278
26 12   0.524278
26 13   0.524278
26 14   0.524278
26 15   0.524278
26 16   0.524278
26 17   0.524278
26 18   0.524278
26 19   0.524278
26 20   0.524278
26 21   0.524278
26 22   0.524278
26 23   0.524278
26 24   0.524278
26 25   0.524278
26 26   0.524278
26 27   0.524278
26 28   0.524278
26 29   0.524278
26 30   0.524278
26 31   0.524278
26 32   0.524278
26 33   0.524278
26 34   0.524278
26 35   0.524278
26 36   0.524278
26 37   0.524278
26 38   0.524278
26 39   0.524278
26 40   0.524278
27 1   0.534557
27 2   0.534557
27 3   0.534557
27 4   0.534557
27 5   0.534557
27 6   0.534557
27 7   0.534557
27 8   0.534557
27 9   0.534557
27 10   0.534557
27 11   0.534557
27 12   0.534557
27 13   0.534557
27 14   0.534557
27 15   0.534557
27 16   0.534557
27 17   0.534557
27 18   0.534557
27 19   0.534557
27 20   0.534557
27 21   0.534557
27 22   0.534557
27 23   0.534557
27 24   0.534557
27 25   0.534557
27 26   0.534557
27 27   0.534557
27 28   0.534557
27 29   0.534557
27 30   0.534557
27 31   0.534557
27 32   0.534557
27 33   0.534557
27 34   0.534557
27 35   0.534557
27 36   0.534557
27 37   0.534557
27 38   0.534557
27 39   0.534557
27 40   0.534557
28 1   0.542463
28 2   0.542463
28 3   0.542463
28 4   0.542463
28 5   0.542463
28 6   0.542463
28 7   0.542463
28 8   0.542463
28 9   0.542463
28 10   0.542463
28 11   0.542463
28 12   0.542463
28 13   0.542463
28 14   0.542463
28 15   0.542463
28 16   0.542463
28 17   0.542463
28 18   0.542463
28 19   0.542463
28 20   0.542463
28 21   0.542463
28 22   0.542463
28 23   0.542463
28 24   0.542463
28 25   0.542463
28 26   0.542463
28 27   0.542463
28 28   0.542463
28 29   0.542463
28 30   0.542463
28 31   0.542463
28 32   0.542463
28 33   0.542463
28 34   0.542463
28 35   0.542463
28 36   0.542463
28 37   0.542463
28 38   0.542463
28 39   0.542463
28 40   0.542463
29 1   0.557336
29 2   0.557336
29 3   0.557336
29 4   0.557336
29 5   0.557336
29 6   0.557336
29 7   0.557336
29 8   0.557336
29 9   0.557336
29 10   0.557336
29 11   0.557336
29 12   0.557336
29 13   0.557336
29 14   0.557336
29 15   0.557336
29 16   0.557336
29 17   0.557336
29 18   0.557336
29 19   0.557336
29 20   0.557336
29 21   0.557336
29 22   0.557336
29 23   0.557336
29 24   0.557336
29 25   0.557336
29 26   0.557336
29 27   0.557336
29 28   0.557336
29 29   0.557336
29 30   0.557336
29 31   0.557336
29 32   0.557336
29 33   0.557336
29 34   0.557336
29 35   0.557336
29 36   0.557336
29 37   0.557336
29 38   0.557336
29 39   0.557336
29 40   0.557336
30 1   0.59002
30 2   0.59002
30 3   0.59002
30 4   0.59002
30 5   0.59002
30 6   0.59002
30 7   0.59002
30 8   0.59002
30 9   0.59002
30 10   0.59002
30 11   0.59002
30 12   0.59002
30 13   0.59002
30 14   0.59002
30 15   0.59002
30 16   0.59002
30 17   0.59002
30 18   0.59002
30 19   0.59002
30 20   0.59002
30 21   0.59002
30 22   0.59002
30 23   0.59002
30 24   0.59002
30 25   0.59002
30 26   0.59002
30 27   0.59002
30 28   0.59002
30 29   0.59002
30 30   0.59002
30 31   0.59002
30 32   0.59002
30 33   0.59002
30 34   0.59002
30 35   0.59002
30 36   0.59002
30 37   0.59002
30 38   0.59002
30 39   0.59002
30 40   0.59002
31 1   0.643907
31 2   0.643907
31 3   0.643907
31 4   0.643907
31 5   0.643907
31 6   0.643907
31 7   0.643907
31 8   0.643907
31 9   0.643907
31 10   0.643907
31 11   0.643907
31 12   0.643907
31 13   0.643907
31 14   0.643907
31 15   0.643907
31 16   0.643907
31 17   0.643907
31 18   0.643907
31 19   0.643907
31 20   0.643907
31 21   0.643907
31 22   0.643907
31 23   0.643907
31 24   0.643907
31 25   0.643907
31 26   0.643907
31 27   0.643907
31 28   0.643907
31 29   0.643907
31 30   0.643907
31 31   0.643907
31 32   0.643907
31 33   0.643907
31 34   0.643907
31 35   0.643907
31 36   0.643907
31 37   0.643907
31 38   0.643907
31 39   0.643907
31 40   0.643907
32 1   0.712554
32 2   0.712554
32 3   0.712554
32 4   0.712554
32 5   0.712554
32 6   0.712554
32 7   0.712554
32 8   0.712554
32 9   0.712554
32 10   0.712554
32 11   0.712554
32 12   0.712554
32 13   0.712554
32 14   0.712554
32 15   0.712554
32 16   0.712554
32 17   0.712554
32 18   0.712554
32 19   0.712554
32 20   0.712554
32 21   0.712554
32 22   0.712554
32 23   0.712554
32 24   0.712554
32 25   0.712554
32 26   0.712554
32 27   0.712554
32 28   0.712554
32 29   0.712554
32 30   0.712554
32 31   0.712554
32 32   0.712554
32 33   0.712554
32 34   0.712554
32 35   0.712554
32 36   0.712554
32 37   0.712554
32 38   0.712554
32 39   0.712554
32 40   0.712554
33 1   0.785492
33 2   0.785492
33 3   0.785492
33 4   0.785492
33 5   0.785492
33 6   0.785492
33 7   0.785492
33 8   0.785492
33 9   0.785492
33 10   0.785492
33 11   0.785492
33 12   0.785492
33 13   0.785492
33 14   0.785492
33 15   0.785492
33 16   0.785492
33 17   0.785492
33 18   0.785492
33 19   0.785492
33 20   0.785492
33 21   0.785492
33 22   0.785492
33 23   0.785492
33 24   0.785492
33 25   0.785492
33 26   0.785492
33 27   0.785492
33 28   0.785492
33 29   0.785492
33 30   0.785492
33 31   0.785492
33 32   0.785492
33 33   0.785492
33 34   0.785492
33 35   0.785492
33 36   0.785492
33 37   0.785492
33 38   0.785492
33 39   0.785492
33 40   0.785492
34 1   0.854562
34 2   0.854562
34 3   0.854562
34 4   0.854562
34 5   0.854562
34 6   0.854562
34 7   0.854562
34 8   0.854562
34 9   0.854562
34 10   0.854562
34 11   0.854562
34 12   0.854562
34 13   0.854562
34 14   0.854562
34 15   0.854562
34 16   0.854562
34 17   0.854562
34 18   0.854562
34 19   0.854562
34 20   0.854562
34 21   0.854562
34 22   0.854562
34 23   0.854562
34 24   0.854562
34 25   0.854562
34 26   0.854562
34 27   0.854562
34 28   0.854562
34 29   0.854562
34 30   0.854562
34 31   0.854562
34 32   0.854562
34 33   0.854562
34 34   0.854562
34 35   0.854562
34 36   0.854562
34 37   0.854562
34 38   0.854562
34 39   0.854562
34 40   0.854562
35 1   0.914917
35 2   0.914917
35 3   0.914917
35 4   0.914917
35 5   0.914917
35 6   0.914917
35 7   0.914917
35 8   0.914917
35 9   0.914917
35 10   0.914917
35 11   0.914917
35 12   0.914917
35 13   0.914917
35 14   0.914917
35 15   0.914917
35 16   0.914917
35 17   0.914917
35 18   0.914917
35 19   0.914917
35 20   0.914917
35 21   0.914917
35 22   0.914917
35 23   0.914917
35 24   0.914917
35 25   0.914917
35 26   0.914917
35 27   0.914917
35 28   0.914917
35 29   0.914917
35 30   0.914917
35 31   0.914917
35 32   0.914917
35 33   0.914917
35 34   0.914917
35 35   0.914917
35 36   0.914917
35 37   0.914917
35 38   0.914917
35 39   0.914917
35 40   0.914917
36 1   0.964125
36 2   0.964125
36 3   0.964125
36 4   0.964125
36 5   0.964125
36 6   0.964125
36 7   0.964125
36 8   0.964125
36 9   0.964125
36 10   0.964125
36 11   0.964125
36 12   0.964125
36 13   0.964125
36 14   0.964125
36 15   0.964125
36 16   0.964125
36 17   0.964125
36 18   0.964125
36 19   0.964125
36 20   0.964125
36 21   0.964125
36 22   0.964125
36 23   0.964125
36 24   0.964125
36 25   0.964125
36 26   0.964125
36 27   0.964125
36 28   0.964125
36 29   0.964125
36 30   0.964125
36 31   0.964125
36 32   0.964125
36 33   0.964125
36 34   0.964125
36 35   0.964125
36 36   0.964125
36 37   0.964125
36 38   0.964125
36 39   0.964125
36 40   0.964125
37 1   1.00284
37 2   1.00284
37 3   1.00284
37 4   1.00284
37 5   1.00284
37 6   1.00284
37 7   1.00284
37 8   1.00284
37 9   1.00284
37 10   1.00284
37 11   1.00284
37 12   1.00284
37 13   1.00284
37 14   1.00284
37 15   1.00284
37 16   1.00284
37 17   1.00284
37 18   1.00284
37 19   1.00284
37 20   1.00284
37 21   1.00284
37 22   1.00284
37 23   1.00284
37 24   1.00284
37 25   1.00284
37 26   1.00284
37 27   1.00284
37 28   1.00284
37 29   1.00284
37 30   1.00284
37 31   1.00284
37 32   1.00284
37 33   1.00284
37 34   1.00284
37 35   1.00284
37 36   1.00284
37 37   1.00284
37 38   1.00284
37 39   1.00284
37 40   1.00284
38 1   1.03392
38 2   1.03392
38 3   1.03392
38 4   1.03392
38 5   1.03392
38 6   1.03392
38 7   1.03392
38 8   1.03392
38 9   1.03392
38 10   1.03392
38 11   1.03392
38 12   1.03392
38 13   1.03392
38 14   1.03392
38 15   1.03392
38 16   1.03392
38 17   1.03392
38 18   1.03392
38 19   1.03392
38 20   1.03392
38 21   1.03392
38 22   1.03392
38 23   1.03392
38 24   1.03392
38 25   1.03392
38 26   1.03392
38 27   1.03392
38 28   1.03392
38 29   1.03392
38 30   1.03392
38 31   1.03392
38 32   1.03392
38 33   1.03392
38 34   1.03392
38 35   1.03392
38 36   1.03392
38 37   1.03392
38 38   1.03392
38 39   1.03392
38 40   1.03392
39 1   1.05829
39 2   1.05829
39 3   1.05829
39 4   1.05829
39 5   1.05829
39 6   1.05829
39 7   1.05829
39 8   1.05829
39 9   1.05829
39 10   1.05829
39 11   1.05829
39 12   1.05829
39 13   1.05829
39 14   1.05829
39 15   1.05829
39 16   1.05829
39 17   1.05829
39 18   1.05829
39 19   1.05829
39 20   1.05829
39 21   1.05829
39 22   1.05829
39 23   1.05829
39 24   1.05829
39 25   1.05829
39 26   1.05829
39 27   1.05829
39 28   1.05829
39 29   1.05829
39 30   1.05829
39 31   1.05829
39 32   1.05829
39 33   1.05829
39 34   1.05829
39 35   1.05829
39 36   1.05829
39 37   1.05829
39 38   1.05829
39 39   1.05829
39 40   1.05829
40 1   1.07258
40 2   1.07258
40 3   1.07258
40 4   1.07258
40 5   1.07258
40 6   1.07258
40 7   1.07258
40 8   1.07258
40 9   1.07258
40 10   1.07258
40 11   1.07258
40 12   1.07258
40 13   1.07258
40 14   1.07258
40 15   1.07258
40 16   1.07258
40 17   1.07258
40 18   1.07258
40 19   1.07258
40 20   1.07258
40 21   1.07258
40 22   1.07258
40 23   1.07258
40 24   1.07258
40 25   1.07258
40 26   1.07258
40 27   1.07258
40 28   1.07258
40 29   1.07258
40 30   1.07258
40 31   1.07258
40 32   1.07258
40 33   1.07258
40 34   1.07258
40 35   1.07258
40 36   1.07258
40 37   1.07258
40 38   1.07258
40 39   1.07258
40 40   1.07258
