1 1   0.0261281
1 2   0.0261281
1 3   0.0261281
1 4   0.0261281
1 5   0.0261281
1 6   0.0261281
1 7   0.0261281
1 8   0.0261281
1 9   0.0261281
1 10   0.0261281
1 11   0.0261281
1 12   0.0261281
1 13   0.0261281
1 14   0.0261281
1 15   0.0261281
1 16   0.0261281
1 17   0.0261281
1 18   0.0261281
1 19   0.0261281
1 20   0.0261281
1 21   0.0261281
1 22   0.0261281
1 23   0.0261281
1 24   0.0261281
1 25   0.0261281
1 26   0.0261281
1 27   0.0261281
1 28   0.0261281
1 29   0.0261281
1 30   0.0261281
1 31   0.0261281
1 32   0.0261281
1 33   0.0261281
1 34   0.0261281
1 35   0.0261281
1 36   0.0261281
1 37   0.0261281
1 38   0.0261281
1 39   0.0261281
1 40   0.0261281
2 1   0.00680724
2 2   0.00680724
2 3   0.00680724
2 4   0.00680724
2 5   0.00680724
2 6   0.00680724
2 7   0.00680724
2 8   0.00680724
2 9   0.00680724
2 10   0.00680724
2 11   0.00680724
2 12   0.00680724
2 13   0.00680724
2 14   0.00680724
2 15   0.00680724
2 16   0.00680724
2 17   0.00680724
2 18   0.00680724
2 19   0.00680724
2 20   0.00680724
2 21   0.00680724
2 22   0.00680724
2 23   0.00680724
2 24   0.00680724
2 25   0.00680724
2 26   0.00680724
2 27   0.00680724
2 28   0.00680724
2 29   0.00680724
2 30   0.00680724
2 31   0.00680724
2 32   0.00680724
2 33   0.00680724
2 34   0.00680724
2 35   0.00680724
2 36   0.00680724
2 37   0.00680724
2 38   0.00680724
2 39   0.00680724
2 40   0.00680724
3 1   -0.0242661
3 2   -0.0242661
3 3   -0.0242661
3 4   -0.0242661
3 5   -0.0242661
3 6   -0.0242661
3 7   -0.0242661
3 8   -0.0242661
3 9   -0.0242661
3 10   -0.0242661
3 11   -0.0242661
3 12   -0.0242661
3 13   -0.0242661
3 14   -0.0242661
3 15   -0.0242661
3 16   -0.0242661
3 17   -0.0242661
3 18   -0.0242661
3 19   -0.0242661
3 20   -0.0242661
3 21   -0.0242661
3 22   -0.0242661
3 23   -0.0242661
3 24   -0.0242661
3 25   -0.0242661
3 26   -0.0242661
3 27   -0.0242661
3 28   -0.0242661
3 29   -0.0242661
3 30   -0.0242661
3 31   -0.0242661
3 32   -0.0242661
3 33   -0.0242661
3 34   -0.0242661
3 35   -0.0242661
3 36   -0.0242661
3 37   -0.0242661
3 38   -0.0242661
3 39   -0.0242661
3 40   -0.0242661
4 1   -0.0538825
4 2   -0.0538825
4 3   -0.0538825
4 4   -0.0538825
4 5   -0.0538825
4 6   -0.0538825
4 7   -0.0538825
4 8   -0.0538825
4 9   -0.0538825
4 10   -0.0538825
4 11   -0.0538825
4 12   -0.0538825
4 13   -0.0538825
4 14   -0.0538825
4 15   -0.0538825
4 16   -0.0538825
4 17   -0.0538825
4 18   -0.0538825
4 19   -0.0538825
4 20   -0.0538825
4 21   -0.0538825
4 22   -0.0538825
4 23   -0.0538825
4 24   -0.0538825
4 25   -0.0538825
4 26   -0.0538825
4 27   -0.0538825
4 28   -0.0538825
4 29   -0.0538825
4 30   -0.0538825
4 31   -0.0538825
4 32   -0.0538825
4 33   -0.0538825
4 34   -0.0538825
4 35   -0.0538825
4 36   -0.0538825
4 37   -0.0538825
4 38   -0.0538825
4 39   -0.0538825
4 40   -0.0538825
5 1   -0.0674833
5 2   -0.0674833
5 3   -0.0674833
5 4   -0.0674833
5 5   -0.0674833
5 6   -0.0674833
5 7   -0.0674833
5 8   -0.0674833
5 9   -0.0674833
5 10   -0.0674833
5 11   -0.0674833
5 12   -0.0674833
5 13   -0.0674833
5 14   -0.0674833
5 15   -0.0674833
5 16   -0.0674833
5 17   -0.0674833
5 18   -0.0674833
5 19   -0.0674833
5 20   -0.0674833
5 21   -0.0674833
5 22   -0.0674833
5 23   -0.0674833
5 24   -0.0674833
5 25   -0.0674833
5 26   -0.0674833
5 27   -0.0674833
5 28   -0.0674833
5 29   -0.0674833
5 30   -0.0674833
5 31   -0.0674833
5 32   -0.0674833
5 33   -0.0674833
5 34   -0.0674833
5 35   -0.0674833
5 36   -0.0674833
5 37   -0.0674833
5 38   -0.0674833
5 39   -0.0674833
5 40   -0.0674833
6 1   -0.0548684
6 2   -0.0548684
6 3   -0.0548684
6 4   -0.0548684
6 5   -0.0548684
6 6   -0.0548684
6 7   -0.0548684
6 8   -0.0548684
6 9   -0.0548684
6 10   -0.0548684
6 11   -0.0548684
6 12   -0.0548684
6 13   -0.0548684
6 14   -0.0548684
6 15   -0.0548684
6 16   -0.0548684
6 17   -0.0548684
6 18   -0.0548684
6 19   -0.0548684
6 20   -0.0548684
6 21   -0.0548684
6 22   -0.0548684
6 23   -0.0548684
6 24   -0.0548684
6 25   -0.0548684
6 26   -0.0548684
6 27   -0.0548684
6 28   -0.0548684
6 29   -0.0548684
6 30   -0.0548684
6 31   -0.0548684
6 32   -0.0548684
6 33   -0.0548684
6 34   -0.0548684
6 35   -0.0548684
6 36   -0.0548684
6 37   -0.0548684
6 38   -0.0548684
6 39   -0.0548684
6 40   -0.0548684
7 1   -0.0143606
7 2   -0.0143606
7 3   -0.0143606
7 4   -0.0143606
7 5   -0.0143606
7 6   -0.0143606
7 7   -0.0143606
7 8   -0.0143606
7 9   -0.0143606
7 10   -0.0143606
7 11   -0.0143606
7 12   -0.0143606
7 13   -0.0143606
7 14   -0.0143606
7 15   -0.0143606
7 16   -0.0143606
7 17   -0.0143606
7 18   -0.0143606
7 19   -0.0143606
7 20   -0.0143606
7 21   -0.0143606
7 22   -0.0143606
7 23   -0.0143606
7 24   -0.0143606
7 25   -0.0143606
7 26   -0.0143606
7 27   -0.0143606
7 28   -0.0143606
7 29   -0.0143606
7 30   -0.0143606
7 31   -0.0143606
7 32   -0.0143606
7 33   -0.0143606
7 34   -0.0143606
7 35   -0.0143606
7 36   -0.0143606
7 37   -0.0143606
7 38   -0.0143606
7 39   -0.0143606
7 40   -0.0143606
8 1   0.0473133
8 2   0.0473133
8 3   0.0473133
8 4   0.0473133
8 5   0.0473133
8 6   0.0473133
8 7   0.0473133
8 8   0.0473133
8 9   0.0473133
8 10   0.0473133
8 11   0.0473133
8 12   0.0473133
8 13   0.0473133
8 14   0.0473133
8 15   0.0473133
8 16   0.0473133
8 17   0.0473133
8 18   0.0473133
8 19   0.0473133
8 20   0.0473133
8 21   0.0473133
8 22   0.0473133
8 23   0.0473133
8 24   0.0473133
8 25   0.0473133
8 26   0.0473133
8 27   0.0473133
8 28   0.0473133
8 29   0.0473133
8 30   0.0473133
8 31   0.0473133
8 32   0.0473133
8 33   0.0473133
8 34   0.0473133
8 35   0.0473133
8 36   0.0473133
8 37   0.0473133
8 38   0.0473133
8 39   0.0473133
8 40   0.0473133
9 1   0.11913
9 2   0.11913
9 3   0.11913
9 4   0.11913
9 5   0.11913
9 6   0.11913
9 7   0.11913
9 8   0.11913
9 9   0.11913
9 10   0.11913
9 11   0.11913
9 12   0.11913
9 13   0.11913
9 14   0.11913
9 15   0.11913
9 16   0.11913
9 17   0.11913
9 18   0.11913
9 19   0.11913
9 20   0.11913
9 21   0.11913
9 22   0.11913
9 23   0.11913
9 24   0.11913
9 25   0.11913
9 26   0.11913
9 27   0.11913
9 28   0.11913
9 29   0.11913
9 30   0.11913
9 31   0.11913
9 32   0.11913
9 33   0.11913
9 34   0.11913
9 35   0.11913
9 36   0.11913
9 37   0.11913
9 38   0.11913
9 39   0.11913
9 40   0.11913
10 1   0.190688
10 2   0.190688
10 3   0.190688
10 4   0.190688
10 5   0.190688
10 6   0.190688
10 7   0.190688
10 8   0.190688
10 9   0.190688
10 10   0.190688
10 11   0.190688
10 12   0.190688
10 13   0.190688
10 14   0.190688
10 15   0.190688
10 16   0.190688
10 17   0.190688
10 18   0.190688
10 19   0.190688
10 20   0.190688
10 21   0.190688
10 22   0.190688
10 23   0.190688
10 24   0.190688
10 25   0.190688
10 26   0.190688
10 27   0.190688
10 28   0.190688
10 29   0.190688
10 30   0.190688
10 31   0.190688
10 32   0.190688
10 33   0.190688
10 34   0.190688
10 35   0.190688
10 36   0.190688
10 37   0.190688
10 38   0.190688
10 39   0.190688
10 40   0.190688
11 1   0.255039
11 2   0.255039
11 3   0.255039
11 4   0.255039
11 5   0.255039
11 6   0.255039
11 7   0.255039
11 8   0.255039
11 9   0.255039
11 10   0.255039
11 11   0.255039
11 12   0.255039
11 13   0.255039
11 14   0.255039
11 15   0.255039
11 16   0.255039
11 17   0.255039
11 18   0.255039
11 19   0.255039
11 20   0.255039
11 21   0.255039
11 22   0.255039
11 23   0.255039
11 24   0.255039
11 25   0.255039
11 26   0.255039
11 27   0.255039
11 28   0.255039
11 29   0.255039
11 30   0.255039
11 31   0.255039
11 32   0.255039
11 33   0.255039
11 34   0.255039
11 35   0.255039
11 36   0.255039
11 37   0.255039
11 38   0.255039
11 39   0.255039
11 40   0.255039
12 1   0.309179
12 2   0.309179
12 3   0.309179
12 4   0.309179
12 5   0.309179
12 6   0.309179
12 7   0.309179
12 8   0.309179
12 9   0.309179
12 10   0.309179
12 11   0.309179
12 12   0.309179
12 13   0.309179
12 14   0.309179
12 15   0.309179
12 16   0.309179
12 17   0.309179
12 18   0.309179
12 19   0.309179
12 20   0.309179
12 21   0.309179
12 22   0.309179
12 23   0.309179
12 24   0.309179
12 25   0.309179
12 26   0.309179
12 27   0.309179
12 28   0.309179
12 29   0.309179
12 30   0.309179
12 31   0.309179
12 32   0.309179
12 33   0.309179
12 34   0.309179
12 35   0.309179
12 36   0.309179
12 37   0.309179
12 38   0.309179
12 39   0.309179
12 40   0.309179
13 1   0.353466
13 2   0.353466
13 3   0.353466
13 4   0.353466
13 5   0.353466
13 6   0.353466
13 7   0.353466
13 8   0.353466
13 9   0.353466
13 10   0.353466
13 11   0.353466
13 12   0.353466
13 13   0.353466
13 14   0.353466
13 15   0.353466
13 16   0.353466
13 17   0.353466
13 18   0.353466
13 19   0.353466
13 20   0.353466
13 21   0.353466
13 22   0.353466
13 23   0.353466
13 24   0.353466
13 25   0.353466
13 26   0.353466
13 27   0.353466
13 28   0.353466
13 29   0.353466
13 30   0.353466
13 31   0.353466
13 32   0.353466
13 33   0.353466
13 34   0.353466
13 35   0.353466
13 36   0.353466
13 37   0.353466
13 38   0.353466
13 39   0.353466
13 40   0.353466
14 1   0.390401
14 2   0.390401
14 3   0.390401
14 4   0.390401
14 5   0.390401
14 6   0.390401
14 7   0.390401
14 8   0.390401
14 9   0.390401
14 10   0.390401
14 11   0.390401
14 12   0.390401
14 13   0.390401
14 14   0.390401
14 15   0.390401
14 16   0.390401
14 17   0.390401
14 18   0.390401
14 19   0.390401
14 20   0.390401
14 21   0.390401
14 22   0.390401
14 23   0.390401
14 24   0.390401
14 25   0.390401
14 26   0.390401
14 27   0.390401
14 28   0.390401
14 29   0.390401
14 30   0.390401
14 31   0.390401
14 32   0.390401
14 33   0.390401
14 34   0.390401
14 35   0.390401
14 36   0.390401
14 37   0.390401
14 38   0.390401
14 39   0.390401
14 40   0.390401
15 1   0.422575
15 2   0.422575
15 3   0.422575
15 4   0.422575
15 5   0.422575
15 6   0.422575
15 7   0.422575
15 8   0.422575
15 9   0.422575
15 10   0.422575
15 11   0.422575
15 12   0.422575
15 13   0.422575
15 14   0.422575
15 15   0.422575
15 16   0.422575
15 17   0.422575
15 18   0.422575
15 19   0.422575
15 20   0.422575
15 21   0.422575
15 22   0.422575
15 23   0.422575
15 24   0.422575
15 25   0.422575
15 26   0.422575
15 27   0.422575
15 28   0.422575
15 29   0.422575
15 30   0.422575
15 31   0.422575
15 32   0.422575
15 33   0.422575
15 34   0.422575
15 35   0.422575
15 36   0.422575
15 37   0.422575
15 38   0.422575
15 39   0.422575
15 40   0.422575
16 1   0.450564
16 2   0.450564
16 3   0.450564
16 4   0.450564
16 5   0.450564
16 6   0.450564
16 7   0.450564
16 8   0.450564
16 9   0.450564
16 10   0.450564
16 11   0.450564
16 12   0.450564
16 13   0.450564
16 14   0.450564
16 15   0.450564
16 16   0.450564
16 17   0.450564
16 18   0.450564
16 19   0.450564
16 20   0.450564
16 21   0.450564
16 22   0.450564
16 23   0.450564
16 24   0.450564
16 25   0.450564
16 26   0.450564
16 27   0.450564
16 28   0.450564
16 29   0.450564
16 30   0.450564
16 31   0.450564
16 32   0.450564
16 33   0.450564
16 34   0.450564
16 35   0.450564
16 36   0.450564
16 37   0.450564
16 38   0.450564
16 39   0.450564
16 40   0.450564
17 1   0.472453
17 2   0.472453
17 3   0.472453
17 4   0.472453
17 5   0.472453
17 6   0.472453
17 7   0.472453
17 8   0.472453
17 9   0.472453
17 10   0.472453
17 11   0.472453
17 12   0.472453
17 13   0.472453
17 14   0.472453
17 15   0.472453
17 16   0.472453
17 17   0.472453
17 18   0.472453
17 19   0.472453
17 20   0.472453
17 21   0.472453
17 22   0.472453
17 23   0.472453
17 24   0.472453
17 25   0.472453
17 26   0.472453
17 27   0.472453
17 28   0.472453
17 29   0.472453
17 30   0.472453
17 31   0.472453
17 32   0.472453
17 33   0.472453
17 34   0.472453
17 35   0.472453
17 36   0.472453
17 37   0.472453
17 38   0.472453
17 39   0.472453
17 40   0.472453
18 1   0.485826
18 2   0.485826
18 3   0.485826
18 4   0.485826
18 5   0.485826
18 6   0.485826
18 7   0.485826
18 8   0.485826
18 9   0.485826
18 10   0.485826
18 11   0.485826
18 12   0.485826
18 13   0.485826
18 14   0.485826
18 15   0.485826
18 16   0.485826
18 17   0.485826
18 18   0.485826
18 19   0.485826
18 20   0.485826
18 21   0.485826
18 22   0.485826
18 23   0.485826
18 24   0.485826
18 25   0.485826
18 26   0.485826
18 27   0.485826
18 28   0.485826
18 29   0.485826
18 30   0.485826
18 31   0.485826
18 32   0.485826
18 33   0.485826
18 34   0.485826
18 35   0.485826
18 36   0.485826
18 37   0.485826
18 38   0.485826
18 39   0.485826
18 40   0.485826
19 1   0.490794
19 2   0.490794
19 3   0.490794
19 4   0.490794
19 5   0.490794
19 6   0.490794
19 7   0.490794
19 8   0.490794
19 9   0.490794
19 10   0.490794
19 11   0.490794
19 12   0.490794
19 13   0.490794
19 14   0.490794
19 15   0.490794
19 16   0.490794
19 17   0.490794
19 18   0.490794
19 19   0.490794
19 20   0.490794
19 21   0.490794
19 22   0.490794
19 23   0.490794
19 24   0.490794
19 25   0.490794
19 26   0.490794
19 27   0.490794
19 28   0.490794
19 29   0.490794
19 30   0.490794
19 31   0.490794
19 32   0.490794
19 33   0.490794
19 34   0.490794
19 35   0.490794
19 36   0.490794
19 37   0.490794
19 38   0.490794
19 39   0.490794
19 40   0.490794
20 1   0.491179
20 2   0.491179
20 3   0.491179
20 4   0.491179
20 5   0.491179
20 6   0.491179
20 7   0.491179
20 8   0.491179
20 9   0.491179
20 10   0.491179
20 11   0.491179
20 12   0.491179
20 13   0.491179
20 14   0.491179
20 15   0.491179
20 16   0.491179
20 17   0.491179
20 18   0.491179
20 19   0.491179
20 20   0.491179
20 21   0.491179
20 22   0.491179
20 23   0.491179
20 24   0.491179
20 25   0.491179
20 26   0.491179
20 27   0.491179
20 28   0.491179
20 29   0.491179
20 30   0.491179
20 31   0.491179
20 32   0.491179
20 33   0.491179
20 34   0.491179
20 35   0.491179
20 36   0.491179
20 37   0.491179
20 38   0.491179
20 39   0.491179
20 40   0.491179
21 1   0.492402
21 2   0.492402
21 3   0.492402
21 4   0.492402
21 5   0.492402
21 6   0.492402
21 7   0.492402
21 8   0.492402
21 9   0.492402
21 10   0.492402
21 11   0.492402
21 12   0.492402
21 13   0.492402
21 14   0.492402
21 15   0.492402
21 16   0.492402
21 17   0.492402
21 18   0.492402
21 19   0.492402
21 20   0.492402
21 21   0.492402
21 22   0.492402
21 23   0.492402
21 24   0.492402
21 25   0.492402
21 26   0.492402
21 27   0.492402
21 28   0.492402
21 29   0.492402
21 30   0.492402
21 31   0.492402
21 32   0.492402
21 33   0.492402
21 34   0.492402
21 35   0.492402
21 36   0.492402
21 37   0.492402
21 38   0.492402
21 39   0.492402
21 40   0.492402
22 1   0.497846
22 2   0.497846
22 3   0.497846
22 4   0.497846
22 5   0.497846
22 6   0.497846
22 7   0.497846
22 8   0.497846
22 9   0.497846
22 10   0.497846
22 11   0.497846
22 12   0.497846
22 13   0.497846
22 14   0.497846
22 15   0.497846
22 16   0.497846
22 17   0.497846
22 18   0.497846
22 19   0.497846
22 20   0.497846
22 21   0.497846
22 22   0.497846
22 23   0.497846
22 24   0.497846
22 25   0.497846
22 26   0.497846
22 27   0.497846
22 28   0.497846
22 29   0.497846
22 30   0.497846
22 31   0.497846
22 32   0.497846
22 33   0.497846
22 34   0.497846
22 35   0.497846
22 36   0.497846
22 37   0.497846
22 38   0.497846
22 39   0.497846
22 40   0.497846
23 1   0.507059
23 2   0.507059
23 3   0.507059
23 4   0.507059
23 5   0.507059
23 6   0.507059
23 7   0.507059
23 8   0.507059
23 9   0.507059
23 10   0.507059
23 11   0.507059
23 12   0.507059
23 13   0.507059
23 14   0.507059
23 15   0.507059
23 16   0.507059
23 17   0.507059
23 18   0.507059
23 19   0.507059
23 20   0.507059
23 21   0.507059
23 22   0.507059
23 23   0.507059
23 24   0.507059
23 25   0.507059
23 26   0.507059
23 27   0.507059
23 28   0.507059
23 29   0.507059
23 30   0.507059
23 31   0.507059
23 32   0.507059
23 33   0.507059
23 34   0.507059
23 35   0.507059
23 36   0.507059
23 37   0.507059
23 38   0.507059
23 39   0.507059
23 40   0.507059
24 1   0.517191
24 2   0.517191
24 3   0.517191
24 4   0.517191
24 5   0.517191
24 6   0.517191
24 7   0.517191
24 8   0.517191
24 9   0.517191
24 10   0.517191
24 11   0.517191
24 12   0.517191
24 13   0.517191
24 14   0.517191
24 15   0.517191
24 16   0.517191
24 17   0.517191
24 18   0.517191
24 19   0.517191
24 20   0.517191
24 21   0.517191
24 22   0.517191
24 23   0.517191
24 24   0.517191
24 25   0.517191
24 26   0.517191
24 27   0.517191
24 28   0.517191
24 29   0.517191
24 30   0.517191
24 31   0.517191
24 32   0.517191
24 33   0.517191
24 34   0.517191
24 35   0.517191
24 36   0.517191
24 37   0.517191
24 38   0.517191
24 39   0.517191
24 40   0.517191
25 1   0.526067
25 2   0.526067
25 3   0.526067
25 4   0.526067
25 5   0.526067
25 6   0.526067
25 7   0.526067
25 8   0.526067
25 9   0.526067
25 10   0.526067
25 11   0.526067
25 12   0.526067
25 13   0.526067
25 14   0.526067
25 15   0.526067
25 16   0.526067
25 17   0.526067
25 18   0.526067
25 19   0.526067
25 20   0.526067
25 21   0.526067
25 22   0.526067
25 23   0.526067
25 24   0.526067
25 25   0.526067
25 26   0.526067
25 27   0.526067
25 28   0.526067
25 29   0.526067
25 30   0.526067
25 31   0.526067
25 32   0.526067
25 33   0.526067
25 34   0.526067
25 35   0.526067
25 36   0.526067
25 37   0.526067
25 38   0.526067
25 39   0.526067
25 40   0.526067
26 1   0.534335
26 2   0.534335
26 3   0.534335
26 4   0.534335
26 5   0.534335
26 6   0.534335
26 7   0.534335
26 8   0.534335
26 9   0.534335
26 10   0.534335
26 11   0.534335
26 12   0.534335
26 13   0.534335
26 14   0.534335
26 15   0.534335
26 16   0.534335
26 17   0.534335
26 18   0.534335
26 19   0.534335
26 20   0.534335
26 21   0.534335
26 22   0.534335
26 23   0.534335
26 24   0.534335
26 25   0.534335
26 26   0.534335
26 27   0.534335
26 28   0.534335
26 29   0.534335
26 30   0.534335
26 31   0.534335
26 32   0.534335
26 33   0.534335
26 34   0.534335
26 35   0.534335
26 36   0.534335
26 37   0.534335
26 38   0.534335
26 39   0.534335
26 40   0.534335
27 1   0.545515
27 2   0.545515
27 3   0.545515
27 4   0.545515
27 5   0.545515
27 6   0.545515
27 7   0.545515
27 8   0.545515
27 9   0.545515
27 10   0.545515
27 11   0.545515
27 12   0.545515
27 13   0.545515
27 14   0.545515
27 15   0.545515
27 16   0.545515
27 17   0.545515
27 18   0.545515
27 19   0.545515
27 20   0.545515
27 21   0.545515
27 22   0.545515
27 23   0.545515
27 24   0.545515
27 25   0.545515
27 26   0.545515
27 27   0.545515
27 28   0.545515
27 29   0.545515
27 30   0.545515
27 31   0.545515
27 32   0.545515
27 33   0.545515
27 34   0.545515
27 35   0.545515
27 36   0.545515
27 37   0.545515
27 38   0.545515
27 39   0.545515
27 40   0.545515
28 1   0.564526
28 2   0.564526
28 3   0.564526
28 4   0.564526
28 5   0.564526
28 6   0.564526
28 7   0.564526
28 8   0.564526
28 9   0.564526
28 10   0.564526
28 11   0.564526
28 12   0.564526
28 13   0.564526
28 14   0.564526
28 15   0.564526
28 16   0.564526
28 17   0.564526
28 18   0.564526
28 19   0.564526
28 20   0.564526
28 21   0.564526
28 22   0.564526
28 23   0.564526
28 24   0.564526
28 25   0.564526
28 26   0.564526
28 27   0.564526
28 28   0.564526
28 29   0.564526
28 30   0.564526
28 31   0.564526
28 32   0.564526
28 33   0.564526
28 34   0.564526
28 35   0.564526
28 36   0.564526
28 37   0.564526
28 38   0.564526
28 39   0.564526
28 40   0.564526
29 1   0.59575
29 2   0.59575
29 3   0.59575
29 4   0.59575
29 5   0.59575
29 6   0.59575
29 7   0.59575
29 8   0.59575
29 9   0.59575
29 10   0.59575
29 11   0.59575
29 12   0.59575
29 13   0.59575
29 14   0.59575
29 15   0.59575
29 16   0.59575
29 17   0.59575
29 18   0.59575
29 19   0.59575
29 20   0.59575
29 21   0.59575
29 22   0.59575
29 23   0.59575
29 24   0.59575
29 25   0.59575
29 26   0.59575
29 27   0.59575
29 28   0.59575
29 29   0.59575
29 30   0.59575
29 31   0.59575
29 32   0.59575
29 33   0.59575
29 34   0.59575
29 35   0.59575
29 36   0.59575
29 37   0.59575
29 38   0.59575
29 39   0.59575
29 40   0.59575
30 1   0.641287
30 2   0.641287
30 3   0.641287
30 4   0.641287
30 5   0.641287
30 6   0.641287
30 7   0.641287
30 8   0.641287
30 9   0.641287
30 10   0.641287
30 11   0.641287
30 12   0.641287
30 13   0.641287
30 14   0.641287
30 15   0.641287
30 16   0.641287
30 17   0.641287
30 18   0.641287
30 19   0.641287
30 20   0.641287
30 21   0.641287
30 22   0.641287
30 23   0.641287
30 24   0.641287
30 25   0.641287
30 26   0.641287
30 27   0.641287
30 28   0.641287
30 29   0.641287
30 30   0.641287
30 31   0.641287
30 32   0.641287
30 33   0.641287
30 34   0.641287
30 35   0.641287
30 36   0.641287
30 37   0.641287
30 38   0.641287
30 39   0.641287
30 40   0.641287
31 1   0.699649
31 2   0.699649
31 3   0.699649
31 4   0.699649
31 5   0.699649
31 6   0.699649
31 7   0.699649
31 8   0.699649
31 9   0.699649
31 10   0.699649
31 11   0.699649
31 12   0.699649
31 13   0.699649
31 14   0.699649
31 15   0.699649
31 16   0.699649
31 17   0.699649
31 18   0.699649
31 19   0.699649
31 20   0.699649
31 21   0.699649
31 22   0.699649
31 23   0.699649
31 24   0.699649
31 25   0.699649
31 26   0.699649
31 27   0.699649
31 28   0.699649
31 29   0.699649
31 30   0.699649
31 31   0.699649
31 32   0.699649
31 33   0.699649
31 34   0.699649
31 35   0.699649
31 36   0.699649
31 37   0.699649
31 38   0.699649
31 39   0.699649
31 40   0.699649
32 1   0.765554
32 2   0.765554
32 3   0.765554
32 4   0.765554
32 5   0.765554
32 6   0.765554
32 7   0.765554
32 8   0.765554
32 9   0.765554
32 10   0.765554
32 11   0.765554
32 12   0.765554
32 13   0.765554
32 14   0.765554
32 15   0.765554
32 16   0.765554
32 17   0.765554
32 18   0.765554
32 19   0.765554
32 20   0.765554
32 21   0.765554
32 22   0.765554
32 23   0.765554
32 24   0.765554
32 25   0.765554
32 26   0.765554
32 27   0.765554
32 28   0.765554
32 29   0.765554
32 30   0.765554
32 31   0.765554
32 32   0.765554
32 33   0.765554
32 34   0.765554
32 35   0.765554
32 36   0.765554
32 37   0.765554
32 38   0.765554
32 39   0.765554
32 40   0.765554
33 1   0.831518
33 2   0.831518
33 3   0.831518
33 4   0.831518
33 5   0.831518
33 6   0.831518
33 7   0.831518
33 8   0.831518
33 9   0.831518
33 10   0.831518
33 11   0.831518
33 12   0.831518
33 13   0.831518
33 14   0.831518
33 15   0.831518
33 16   0.831518
33 17   0.831518
33 18   0.831518
33 19   0.831518
33 20   0.831518
33 21   0.831518
33 22   0.831518
33 23   0.831518
33 24   0.831518
33 25   0.831518
33 26   0.831518
33 27   0.831518
33 28   0.831518
33 29   0.831518
33 30   0.831518
33 31   0.831518
33 32   0.831518
33 33   0.831518
33 34   0.831518
33 35   0.831518
33 36   0.831518
33 37   0.831518
33 38   0.831518
33 39   0.831518
33 40   0.831518
34 1   0.890875
34 2   0.890875
34 3   0.890875
34 4   0.890875
34 5   0.890875
34 6   0.890875
34 7   0.890875
34 8   0.890875
34 9   0.890875
34 10   0.890875
34 11   0.890875
34 12   0.890875
34 13   0.890875
34 14   0.890875
34 15   0.890875
34 16   0.890875
34 17   0.890875
34 18   0.890875
34 19   0.890875
34 20   0.890875
34 21   0.890875
34 22   0.890875
34 23   0.890875
34 24   0.890875
34 25   0.890875
34 26   0.890875
34 27   0.890875
34 28   0.890875
34 29   0.890875
34 30   0.890875
34 31   0.890875
34 32   0.890875
34 33   0.890875
34 34   0.890875
34 35   0.890875
34 36   0.890875
34 37   0.890875
34 38   0.890875
34 39   0.890875
34 40   0.890875
35 1   0.9403
35 2   0.9403
35 3   0.9403
35 4   0.9403
35 5   0.9403
35 6   0.9403
35 7   0.9403
35 8   0.9403
35 9   0.9403
35 10   0.9403
35 11   0.9403
35 12   0.9403
35 13   0.9403
35 14   0.9403
35 15   0.9403
35 16   0.9403
35 17   0.9403
35 18   0.9403
35 19   0.9403
35 20   0.9403
35 21   0.9403
35 22   0.9403
35 23   0.9403
35 24   0.9403
35 25   0.9403
35 26   0.9403
35 27   0.9403
35 28   0.9403
35 29   0.9403
35 30   0.9403
35 31   0.9403
35 32   0.9403
35 33   0.9403
35 34   0.9403
35 35   0.9403
35 36   0.9403
35 37   0.9403
35 38   0.9403
35 39   0.9403
35 40   0.9403
36 1   0.980095
36 2   0.980095
36 3   0.980095
36 4   0.980095
36 5   0.980095
36 6   0.980095
36 7   0.980095
36 8   0.980095
36 9   0.980095
36 10   0.980095
36 11   0.980095
36 12   0.980095
36 13   0.980095
36 14   0.980095
36 15   0.980095
36 16   0.980095
36 17   0.980095
36 18   0.980095
36 19   0.980095
36 20   0.980095
36 21   0.980095
36 22   0.980095
36 23   0.980095
36 24   0.980095
36 25   0.980095
36 26   0.980095
36 27   0.980095
36 28   0.980095
36 29   0.980095
36 30   0.980095
36 31   0.980095
36 32   0.980095
36 33   0.980095
36 34   0.980095
36 35   0.980095
36 36   0.980095
36 37   0.980095
36 38   0.980095
36 39   0.980095
36 40   0.980095
37 1   1.0123
37 2   1.0123
37 3   1.0123
37 4   1.0123
37 5   1.0123
37 6   1.0123
37 7   1.0123
37 8   1.0123
37 9   1.0123
37 10   1.0123
37 11   1.0123
37 12   1.0123
37 13   1.0123
37 14   1.0123
37 15   1.0123
37 16   1.0123
37 17   1.0123
37 18   1.0123
37 19   1.0123
37 20   1.0123
37 21   1.0123
37 22   1.0123
37 23   1.0123
37 24   1.0123
37 25   1.0123
37 26   1.0123
37 27   1.0123
37 28   1.0123
37 29   1.0123
37 30   1.0123
37 31   1.0123
37 32   1.0123
37 33   1.0123
37 34   1.0123
37 35   1.0123
37 36   1.0123
37 37   1.0123
37 38   1.0123
37 39   1.0123
37 40   1.0123
38 1   1.03823
38 2   1.03823
38 3   1.03823
38 4   1.03823
38 5   1.03823
38 6   1.03823
38 7   1.03823
38 8   1.03823
38 9   1.03823
38 10   1.03823
38 11   1.03823
38 12   1.03823
38 13   1.03823
38 14   1.03823
38 15   1.03823
38 16   1.03823
38 17   1.03823
38 18   1.03823
38 19   1.03823
38 20   1.03823
38 21   1.03823
38 22   1.03823
38 23   1.03823
38 24   1.03823
38 25   1.03823
38 26   1.03823
38 27   1.03823
38 28   1.03823
38 29   1.03823
38 30   1.03823
38 31   1.03823
38 32   1.03823
38 33   1.03823
38 34   1.03823
38 35   1.03823
38 36   1.03823
38 37   1.03823
38 38   1.03823
38 39   1.03823
38 40   1.03823
39 1   1.0573
39 2   1.0573
39 3   1.0573
39 4   1.0573
39 5   1.0573
39 6   1.0573
39 7   1.0573
39 8   1.0573
39 9   1.0573
39 10   1.0573
39 11   1.0573
39 12   1.0573
39 13   1.0573
39 14   1.0573
39 15   1.0573
39 16   1.0573
39 17   1.0573
39 18   1.0573
39 19   1.0573
39 20   1.0573
39 21   1.0573
39 22   1.0573
39 23   1.0573
39 24   1.0573
39 25   1.0573
39 26   1.0573
39 27   1.0573
39 28   1.0573
39 29   1.0573
39 30   1.0573
39 31   1.0573
39 32   1.0573
39 33   1.0573
39 34   1.0573
39 35   1.0573
39 36   1.0573
39 37   1.0573
39 38   1.0573
39 39   1.0573
39 40   1.0573
40 1   1.06762
40 2   1.06762
40 3   1.06762
40 4   1.06762
40 5   1.06762
40 6   1.06762
40 7   1.06762
40 8   1.06762
40 9   1.06762
40 10   1.06762
40 11   1.06762
40 12   1.06762
40 13   1.06762
40 14   1.06762
40 15   1.06762
40 16   1.06762
40 17   1.06762
40 18   1.06762
40 19   1.06762
40 20   1.06762
40 21   1.06762
40 22   1.06762
40 23   1.06762
40 24   1.06762
40 25   1.06762
40 26   1.06762
40 27   1.06762
40 28   1.06762
40 29   1.06762
40 30   1.06762
40 31   1.06762
40 32   1.06762
40 33   1.06762
40 34   1.06762
40 35   1.06762
40 36   1.06762
40 37   1.06762
40 38   1.06762
40 39   1.06762
40 40   1.06762
