1 1   0.0725765
1 2   0.0725765
1 3   0.0725765
1 4   0.0725765
1 5   0.0725765
1 6   0.0725765
1 7   0.0725765
1 8   0.0725765
1 9   0.0725765
1 10   0.0725765
1 11   0.0725765
1 12   0.0725765
1 13   0.0725765
1 14   0.0725765
1 15   0.0725765
1 16   0.0725765
1 17   0.0725765
1 18   0.0725765
1 19   0.0725765
1 20   0.0725765
1 21   0.0725765
1 22   0.0725765
1 23   0.0725765
1 24   0.0725765
1 25   0.0725765
1 26   0.0725765
1 27   0.0725765
1 28   0.0725765
1 29   0.0725765
1 30   0.0725765
1 31   0.0725765
1 32   0.0725765
1 33   0.0725765
1 34   0.0725765
1 35   0.0725765
1 36   0.0725765
1 37   0.0725765
1 38   0.0725765
1 39   0.0725765
1 40   0.0725765
2 1   0.0130161
2 2   0.0130161
2 3   0.0130161
2 4   0.0130161
2 5   0.0130161
2 6   0.0130161
2 7   0.0130161
2 8   0.0130161
2 9   0.0130161
2 10   0.0130161
2 11   0.0130161
2 12   0.0130161
2 13   0.0130161
2 14   0.0130161
2 15   0.0130161
2 16   0.0130161
2 17   0.0130161
2 18   0.0130161
2 19   0.0130161
2 20   0.0130161
2 21   0.0130161
2 22   0.0130161
2 23   0.0130161
2 24   0.0130161
2 25   0.0130161
2 26   0.0130161
2 27   0.0130161
2 28   0.0130161
2 29   0.0130161
2 30   0.0130161
2 31   0.0130161
2 32   0.0130161
2 33   0.0130161
2 34   0.0130161
2 35   0.0130161
2 36   0.0130161
2 37   0.0130161
2 38   0.0130161
2 39   0.0130161
2 40   0.0130161
3 1   -0.0644661
3 2   -0.0644661
3 3   -0.0644661
3 4   -0.0644661
3 5   -0.0644661
3 6   -0.0644661
3 7   -0.0644661
3 8   -0.0644661
3 9   -0.0644661
3 10   -0.0644661
3 11   -0.0644661
3 12   -0.0644661
3 13   -0.0644661
3 14   -0.0644661
3 15   -0.0644661
3 16   -0.0644661
3 17   -0.0644661
3 18   -0.0644661
3 19   -0.0644661
3 20   -0.0644661
3 21   -0.0644661
3 22   -0.0644661
3 23   -0.0644661
3 24   -0.0644661
3 25   -0.0644661
3 26   -0.0644661
3 27   -0.0644661
3 28   -0.0644661
3 29   -0.0644661
3 30   -0.0644661
3 31   -0.0644661
3 32   -0.0644661
3 33   -0.0644661
3 34   -0.0644661
3 35   -0.0644661
3 36   -0.0644661
3 37   -0.0644661
3 38   -0.0644661
3 39   -0.0644661
3 40   -0.0644661
4 1   -0.0956201
4 2   -0.0956201
4 3   -0.0956201
4 4   -0.0956201
4 5   -0.0956201
4 6   -0.0956201
4 7   -0.0956201
4 8   -0.0956201
4 9   -0.0956201
4 10   -0.0956201
4 11   -0.0956201
4 12   -0.0956201
4 13   -0.0956201
4 14   -0.0956201
4 15   -0.0956201
4 16   -0.0956201
4 17   -0.0956201
4 18   -0.0956201
4 19   -0.0956201
4 20   -0.0956201
4 21   -0.0956201
4 22   -0.0956201
4 23   -0.0956201
4 24   -0.0956201
4 25   -0.0956201
4 26   -0.0956201
4 27   -0.0956201
4 28   -0.0956201
4 29   -0.0956201
4 30   -0.0956201
4 31   -0.0956201
4 32   -0.0956201
4 33   -0.0956201
4 34   -0.0956201
4 35   -0.0956201
4 36   -0.0956201
4 37   -0.0956201
4 38   -0.0956201
4 39   -0.0956201
4 40   -0.0956201
5 1   -0.0668266
5 2   -0.0668266
5 3   -0.0668266
5 4   -0.0668266
5 5   -0.0668266
5 6   -0.0668266
5 7   -0.0668266
5 8   -0.0668266
5 9   -0.0668266
5 10   -0.0668266
5 11   -0.0668266
5 12   -0.0668266
5 13   -0.0668266
5 14   -0.0668266
5 15   -0.0668266
5 16   -0.0668266
5 17   -0.0668266
5 18   -0.0668266
5 19   -0.0668266
5 20   -0.0668266
5 21   -0.0668266
5 22   -0.0668266
5 23   -0.0668266
5 24   -0.0668266
5 25   -0.0668266
5 26   -0.0668266
5 27   -0.0668266
5 28   -0.0668266
5 29   -0.0668266
5 30   -0.0668266
5 31   -0.0668266
5 32   -0.0668266
5 33   -0.0668266
5 34   -0.0668266
5 35   -0.0668266
5 36   -0.0668266
5 37   -0.0668266
5 38   -0.0668266
5 39   -0.0668266
5 40   -0.0668266
6 1   -0.00769361
6 2   -0.00769361
6 3   -0.00769361
6 4   -0.00769361
6 5   -0.00769361
6 6   -0.00769361
6 7   -0.00769361
6 8   -0.00769361
6 9   -0.00769361
6 10   -0.00769361
6 11   -0.00769361
6 12   -0.00769361
6 13   -0.00769361
6 14   -0.00769361
6 15   -0.00769361
6 16   -0.00769361
6 17   -0.00769361
6 18   -0.00769361
6 19   -0.00769361
6 20   -0.00769361
6 21   -0.00769361
6 22   -0.00769361
6 23   -0.00769361
6 24   -0.00769361
6 25   -0.00769361
6 26   -0.00769361
6 27   -0.00769361
6 28   -0.00769361
6 29   -0.00769361
6 30   -0.00769361
6 31   -0.00769361
6 32   -0.00769361
6 33   -0.00769361
6 34   -0.00769361
6 35   -0.00769361
6 36   -0.00769361
6 37   -0.00769361
6 38   -0.00769361
6 39   -0.00769361
6 40   -0.00769361
7 1   0.0687031
7 2   0.0687031
7 3   0.0687031
7 4   0.0687031
7 5   0.0687031
7 6   0.0687031
7 7   0.0687031
7 8   0.0687031
7 9   0.0687031
7 10   0.0687031
7 11   0.0687031
7 12   0.0687031
7 13   0.0687031
7 14   0.0687031
7 15   0.0687031
7 16   0.0687031
7 17   0.0687031
7 18   0.0687031
7 19   0.0687031
7 20   0.0687031
7 21   0.0687031
7 22   0.0687031
7 23   0.0687031
7 24   0.0687031
7 25   0.0687031
7 26   0.0687031
7 27   0.0687031
7 28   0.0687031
7 29   0.0687031
7 30   0.0687031
7 31   0.0687031
7 32   0.0687031
7 33   0.0687031
7 34   0.0687031
7 35   0.0687031
7 36   0.0687031
7 37   0.0687031
7 38   0.0687031
7 39   0.0687031
7 40   0.0687031
8 1   0.160491
8 2   0.160491
8 3   0.160491
8 4   0.160491
8 5   0.160491
8 6   0.160491
8 7   0.160491
8 8   0.160491
8 9   0.160491
8 10   0.160491
8 11   0.160491
8 12   0.160491
8 13   0.160491
8 14   0.160491
8 15   0.160491
8 16   0.160491
8 17   0.160491
8 18   0.160491
8 19   0.160491
8 20   0.160491
8 21   0.160491
8 22   0.160491
8 23   0.160491
8 24   0.160491
8 25   0.160491
8 26   0.160491
8 27   0.160491
8 28   0.160491
8 29   0.160491
8 30   0.160491
8 31   0.160491
8 32   0.160491
8 33   0.160491
8 34   0.160491
8 35   0.160491
8 36   0.160491
8 37   0.160491
8 38   0.160491
8 39   0.160491
8 40   0.160491
9 1   0.26091
9 2   0.26091
9 3   0.26091
9 4   0.26091
9 5   0.26091
9 6   0.26091
9 7   0.26091
9 8   0.26091
9 9   0.26091
9 10   0.26091
9 11   0.26091
9 12   0.26091
9 13   0.26091
9 14   0.26091
9 15   0.26091
9 16   0.26091
9 17   0.26091
9 18   0.26091
9 19   0.26091
9 20   0.26091
9 21   0.26091
9 22   0.26091
9 23   0.26091
9 24   0.26091
9 25   0.26091
9 26   0.26091
9 27   0.26091
9 28   0.26091
9 29   0.26091
9 30   0.26091
9 31   0.26091
9 32   0.26091
9 33   0.26091
9 34   0.26091
9 35   0.26091
9 36   0.26091
9 37   0.26091
9 38   0.26091
9 39   0.26091
9 40   0.26091
10 1   0.358384
10 2   0.358384
10 3   0.358384
10 4   0.358384
10 5   0.358384
10 6   0.358384
10 7   0.358384
10 8   0.358384
10 9   0.358384
10 10   0.358384
10 11   0.358384
10 12   0.358384
10 13   0.358384
10 14   0.358384
10 15   0.358384
10 16   0.358384
10 17   0.358384
10 18   0.358384
10 19   0.358384
10 20   0.358384
10 21   0.358384
10 22   0.358384
10 23   0.358384
10 24   0.358384
10 25   0.358384
10 26   0.358384
10 27   0.358384
10 28   0.358384
10 29   0.358384
10 30   0.358384
10 31   0.358384
10 32   0.358384
10 33   0.358384
10 34   0.358384
10 35   0.358384
10 36   0.358384
10 37   0.358384
10 38   0.358384
10 39   0.358384
10 40   0.358384
11 1   0.424816
11 2   0.424816
11 3   0.424816
11 4   0.424816
11 5   0.424816
11 6   0.424816
11 7   0.424816
11 8   0.424816
11 9   0.424816
11 10   0.424816
11 11   0.424816
11 12   0.424816
11 13   0.424816
11 14   0.424816
11 15   0.424816
11 16   0.424816
11 17   0.424816
11 18   0.424816
11 19   0.424816
11 20   0.424816
11 21   0.424816
11 22   0.424816
11 23   0.424816
11 24   0.424816
11 25   0.424816
11 26   0.424816
11 27   0.424816
11 28   0.424816
11 29   0.424816
11 30   0.424816
11 31   0.424816
11 32   0.424816
11 33   0.424816
11 34   0.424816
11 35   0.424816
11 36   0.424816
11 37   0.424816
11 38   0.424816
11 39   0.424816
11 40   0.424816
12 1   0.449606
12 2   0.449606
12 3   0.449606
12 4   0.449606
12 5   0.449606
12 6   0.449606
12 7   0.449606
12 8   0.449606
12 9   0.449606
12 10   0.449606
12 11   0.449606
12 12   0.449606
12 13   0.449606
12 14   0.449606
12 15   0.449606
12 16   0.449606
12 17   0.449606
12 18   0.449606
12 19   0.449606
12 20   0.449606
12 21   0.449606
12 22   0.449606
12 23   0.449606
12 24   0.449606
12 25   0.449606
12 26   0.449606
12 27   0.449606
12 28   0.449606
12 29   0.449606
12 30   0.449606
12 31   0.449606
12 32   0.449606
12 33   0.449606
12 34   0.449606
12 35   0.449606
12 36   0.449606
12 37   0.449606
12 38   0.449606
12 39   0.449606
12 40   0.449606
13 1   0.464919
13 2   0.464919
13 3   0.464919
13 4   0.464919
13 5   0.464919
13 6   0.464919
13 7   0.464919
13 8   0.464919
13 9   0.464919
13 10   0.464919
13 11   0.464919
13 12   0.464919
13 13   0.464919
13 14   0.464919
13 15   0.464919
13 16   0.464919
13 17   0.464919
13 18   0.464919
13 19   0.464919
13 20   0.464919
13 21   0.464919
13 22   0.464919
13 23   0.464919
13 24   0.464919
13 25   0.464919
13 26   0.464919
13 27   0.464919
13 28   0.464919
13 29   0.464919
13 30   0.464919
13 31   0.464919
13 32   0.464919
13 33   0.464919
13 34   0.464919
13 35   0.464919
13 36   0.464919
13 37   0.464919
13 38   0.464919
13 39   0.464919
13 40   0.464919
14 1   0.489581
14 2   0.489581
14 3   0.489581
14 4   0.489581
14 5   0.489581
14 6   0.489581
14 7   0.489581
14 8   0.489581
14 9   0.489581
14 10   0.489581
14 11   0.489581
14 12   0.489581
14 13   0.489581
14 14   0.489581
14 15   0.489581
14 16   0.489581
14 17   0.489581
14 18   0.489581
14 19   0.489581
14 20   0.489581
14 21   0.489581
14 22   0.489581
14 23   0.489581
14 24   0.489581
14 25   0.489581
14 26   0.489581
14 27   0.489581
14 28   0.489581
14 29   0.489581
14 30   0.489581
14 31   0.489581
14 32   0.489581
14 33   0.489581
14 34   0.489581
14 35   0.489581
14 36   0.489581
14 37   0.489581
14 38   0.489581
14 39   0.489581
14 40   0.489581
15 1   0.503114
15 2   0.503114
15 3   0.503114
15 4   0.503114
15 5   0.503114
15 6   0.503114
15 7   0.503114
15 8   0.503114
15 9   0.503114
15 10   0.503114
15 11   0.503114
15 12   0.503114
15 13   0.503114
15 14   0.503114
15 15   0.503114
15 16   0.503114
15 17   0.503114
15 18   0.503114
15 19   0.503114
15 20   0.503114
15 21   0.503114
15 22   0.503114
15 23   0.503114
15 24   0.503114
15 25   0.503114
15 26   0.503114
15 27   0.503114
15 28   0.503114
15 29   0.503114
15 30   0.503114
15 31   0.503114
15 32   0.503114
15 33   0.503114
15 34   0.503114
15 35   0.503114
15 36   0.503114
15 37   0.503114
15 38   0.503114
15 39   0.503114
15 40   0.503114
16 1   0.495995
16 2   0.495995
16 3   0.495995
16 4   0.495995
16 5   0.495995
16 6   0.495995
16 7   0.495995
16 8   0.495995
16 9   0.495995
16 10   0.495995
16 11   0.495995
16 12   0.495995
16 13   0.495995
16 14   0.495995
16 15   0.495995
16 16   0.495995
16 17   0.495995
16 18   0.495995
16 19   0.495995
16 20   0.495995
16 21   0.495995
16 22   0.495995
16 23   0.495995
16 24   0.495995
16 25   0.495995
16 26   0.495995
16 27   0.495995
16 28   0.495995
16 29   0.495995
16 30   0.495995
16 31   0.495995
16 32   0.495995
16 33   0.495995
16 34   0.495995
16 35   0.495995
16 36   0.495995
16 37   0.495995
16 38   0.495995
16 39   0.495995
16 40   0.495995
17 1   0.490998
17 2   0.490998
17 3   0.490998
17 4   0.490998
17 5   0.490998
17 6   0.490998
17 7   0.490998
17 8   0.490998
17 9   0.490998
17 10   0.490998
17 11   0.490998
17 12   0.490998
17 13   0.490998
17 14   0.490998
17 15   0.490998
17 16   0.490998
17 17   0.490998
17 18   0.490998
17 19   0.490998
17 20   0.490998
17 21   0.490998
17 22   0.490998
17 23   0.490998
17 24   0.490998
17 25   0.490998
17 26   0.490998
17 27   0.490998
17 28   0.490998
17 29   0.490998
17 30   0.490998
17 31   0.490998
17 32   0.490998
17 33   0.490998
17 34   0.490998
17 35   0.490998
17 36   0.490998
17 37   0.490998
17 38   0.490998
17 39   0.490998
17 40   0.490998
18 1   0.5041
18 2   0.5041
18 3   0.5041
18 4   0.5041
18 5   0.5041
18 6   0.5041
18 7   0.5041
18 8   0.5041
18 9   0.5041
18 10   0.5041
18 11   0.5041
18 12   0.5041
18 13   0.5041
18 14   0.5041
18 15   0.5041
18 16   0.5041
18 17   0.5041
18 18   0.5041
18 19   0.5041
18 20   0.5041
18 21   0.5041
18 22   0.5041
18 23   0.5041
18 24   0.5041
18 25   0.5041
18 26   0.5041
18 27   0.5041
18 28   0.5041
18 29   0.5041
18 30   0.5041
18 31   0.5041
18 32   0.5041
18 33   0.5041
18 34   0.5041
18 35   0.5041
18 36   0.5041
18 37   0.5041
18 38   0.5041
18 39   0.5041
18 40   0.5041
19 1   0.505389
19 2   0.505389
19 3   0.505389
19 4   0.505389
19 5   0.505389
19 6   0.505389
19 7   0.505389
19 8   0.505389
19 9   0.505389
19 10   0.505389
19 11   0.505389
19 12   0.505389
19 13   0.505389
19 14   0.505389
19 15   0.505389
19 16   0.505389
19 17   0.505389
19 18   0.505389
19 19   0.505389
19 20   0.505389
19 21   0.505389
19 22   0.505389
19 23   0.505389
19 24   0.505389
19 25   0.505389
19 26   0.505389
19 27   0.505389
19 28   0.505389
19 29   0.505389
19 30   0.505389
19 31   0.505389
19 32   0.505389
19 33   0.505389
19 34   0.505389
19 35   0.505389
19 36   0.505389
19 37   0.505389
19 38   0.505389
19 39   0.505389
19 40   0.505389
20 1   0.494177
20 2   0.494177
20 3   0.494177
20 4   0.494177
20 5   0.494177
20 6   0.494177
20 7   0.494177
20 8   0.494177
20 9   0.494177
20 10   0.494177
20 11   0.494177
20 12   0.494177
20 13   0.494177
20 14   0.494177
20 15   0.494177
20 16   0.494177
20 17   0.494177
20 18   0.494177
20 19   0.494177
20 20   0.494177
20 21   0.494177
20 22   0.494177
20 23   0.494177
20 24   0.494177
20 25   0.494177
20 26   0.494177
20 27   0.494177
20 28   0.494177
20 29   0.494177
20 30   0.494177
20 31   0.494177
20 32   0.494177
20 33   0.494177
20 34   0.494177
20 35   0.494177
20 36   0.494177
20 37   0.494177
20 38   0.494177
20 39   0.494177
20 40   0.494177
21 1   0.496555
21 2   0.496555
21 3   0.496555
21 4   0.496555
21 5   0.496555
21 6   0.496555
21 7   0.496555
21 8   0.496555
21 9   0.496555
21 10   0.496555
21 11   0.496555
21 12   0.496555
21 13   0.496555
21 14   0.496555
21 15   0.496555
21 16   0.496555
21 17   0.496555
21 18   0.496555
21 19   0.496555
21 20   0.496555
21 21   0.496555
21 22   0.496555
21 23   0.496555
21 24   0.496555
21 25   0.496555
21 26   0.496555
21 27   0.496555
21 28   0.496555
21 29   0.496555
21 30   0.496555
21 31   0.496555
21 32   0.496555
21 33   0.496555
21 34   0.496555
21 35   0.496555
21 36   0.496555
21 37   0.496555
21 38   0.496555
21 39   0.496555
21 40   0.496555
22 1   0.506963
22 2   0.506963
22 3   0.506963
22 4   0.506963
22 5   0.506963
22 6   0.506963
22 7   0.506963
22 8   0.506963
22 9   0.506963
22 10   0.506963
22 11   0.506963
22 12   0.506963
22 13   0.506963
22 14   0.506963
22 15   0.506963
22 16   0.506963
22 17   0.506963
22 18   0.506963
22 19   0.506963
22 20   0.506963
22 21   0.506963
22 22   0.506963
22 23   0.506963
22 24   0.506963
22 25   0.506963
22 26   0.506963
22 27   0.506963
22 28   0.506963
22 29   0.506963
22 30   0.506963
22 31   0.506963
22 32   0.506963
22 33   0.506963
22 34   0.506963
22 35   0.506963
22 36   0.506963
22 37   0.506963
22 38   0.506963
22 39   0.506963
22 40   0.506963
23 1   0.502768
23 2   0.502768
23 3   0.502768
23 4   0.502768
23 5   0.502768
23 6   0.502768
23 7   0.502768
23 8   0.502768
23 9   0.502768
23 10   0.502768
23 11   0.502768
23 12   0.502768
23 13   0.502768
23 14   0.502768
23 15   0.502768
23 16   0.502768
23 17   0.502768
23 18   0.502768
23 19   0.502768
23 20   0.502768
23 21   0.502768
23 22   0.502768
23 23   0.502768
23 24   0.502768
23 25   0.502768
23 26   0.502768
23 27   0.502768
23 28   0.502768
23 29   0.502768
23 30   0.502768
23 31   0.502768
23 32   0.502768
23 33   0.502768
23 34   0.502768
23 35   0.502768
23 36   0.502768
23 37   0.502768
23 38   0.502768
23 39   0.502768
23 40   0.502768
24 1   0.491236
24 2   0.491236
24 3   0.491236
24 4   0.491236
24 5   0.491236
24 6   0.491236
24 7   0.491236
24 8   0.491236
24 9   0.491236
24 10   0.491236
24 11   0.491236
24 12   0.491236
24 13   0.491236
24 14   0.491236
24 15   0.491236
24 16   0.491236
24 17   0.491236
24 18   0.491236
24 19   0.491236
24 20   0.491236
24 21   0.491236
24 22   0.491236
24 23   0.491236
24 24   0.491236
24 25   0.491236
24 26   0.491236
24 27   0.491236
24 28   0.491236
24 29   0.491236
24 30   0.491236
24 31   0.491236
24 32   0.491236
24 33   0.491236
24 34   0.491236
24 35   0.491236
24 36   0.491236
24 37   0.491236
24 38   0.491236
24 39   0.491236
24 40   0.491236
25 1   0.498422
25 2   0.498422
25 3   0.498422
25 4   0.498422
25 5   0.498422
25 6   0.498422
25 7   0.498422
25 8   0.498422
25 9   0.498422
25 10   0.498422
25 11   0.498422
25 12   0.498422
25 13   0.498422
25 14   0.498422
25 15   0.498422
25 16   0.498422
25 17   0.498422
25 18   0.498422
25 19   0.498422
25 20   0.498422
25 21   0.498422
25 22   0.498422
25 23   0.498422
25 24   0.498422
25 25   0.498422
25 26   0.498422
25 27   0.498422
25 28   0.498422
25 29   0.498422
25 30   0.498422
25 31   0.498422
25 32   0.498422
25 33   0.498422
25 34   0.498422
25 35   0.498422
25 36   0.498422
25 37   0.498422
25 38   0.498422
25 39   0.498422
25 40   0.498422
26 1   0.512347
26 2   0.512347
26 3   0.512347
26 4   0.512347
26 5   0.512347
26 6   0.512347
26 7   0.512347
26 8   0.512347
26 9   0.512347
26 10   0.512347
26 11   0.512347
26 12   0.512347
26 13   0.512347
26 14   0.512347
26 15   0.512347
26 16   0.512347
26 17   0.512347
26 18   0.512347
26 19   0.512347
26 20   0.512347
26 21   0.512347
26 22   0.512347
26 23   0.512347
26 24   0.512347
26 25   0.512347
26 26   0.512347
26 27   0.512347
26 28   0.512347
26 29   0.512347
26 30   0.512347
26 31   0.512347
26 32   0.512347
26 33   0.512347
26 34   0.512347
26 35   0.512347
26 36   0.512347
26 37   0.512347
26 38   0.512347
26 39   0.512347
26 40   0.512347
27 1   0.503539
27 2   0.503539
27 3   0.503539
27 4   0.503539
27 5   0.503539
27 6   0.503539
27 7   0.503539
27 8   0.503539
27 9   0.503539
27 10   0.503539
27 11   0.503539
27 12   0.503539
27 13   0.503539
27 14   0.503539
27 15   0.503539
27 16   0.503539
27 17   0.503539
27 18   0.503539
27 19   0.503539
27 20   0.503539
27 21   0.503539
27 22   0.503539
27 23   0.503539
27 24   0.503539
27 25   0.503539
27 26   0.503539
27 27   0.503539
27 28   0.503539
27 29   0.503539
27 30   0.503539
27 31   0.503539
27 32   0.503539
27 33   0.503539
27 34   0.503539
27 35   0.503539
27 36   0.503539
27 37   0.503539
27 38   0.503539
27 39   0.503539
27 40   0.503539
28 1   0.49469
28 2   0.49469
28 3   0.49469
28 4   0.49469
28 5   0.49469
28 6   0.49469
28 7   0.49469
28 8   0.49469
28 9   0.49469
28 10   0.49469
28 11   0.49469
28 12   0.49469
28 13   0.49469
28 14   0.49469
28 15   0.49469
28 16   0.49469
28 17   0.49469
28 18   0.49469
28 19   0.49469
28 20   0.49469
28 21   0.49469
28 22   0.49469
28 23   0.49469
28 24   0.49469
28 25   0.49469
28 26   0.49469
28 27   0.49469
28 28   0.49469
28 29   0.49469
28 30   0.49469
28 31   0.49469
28 32   0.49469
28 33   0.49469
28 34   0.49469
28 35   0.49469
28 36   0.49469
28 37   0.49469
28 38   0.49469
28 39   0.49469
28 40   0.49469
29 1   0.507358
29 2   0.507358
29 3   0.507358
29 4   0.507358
29 5   0.507358
29 6   0.507358
29 7   0.507358
29 8   0.507358
29 9   0.507358
29 10   0.507358
29 11   0.507358
29 12   0.507358
29 13   0.507358
29 14   0.507358
29 15   0.507358
29 16   0.507358
29 17   0.507358
29 18   0.507358
29 19   0.507358
29 20   0.507358
29 21   0.507358
29 22   0.507358
29 23   0.507358
29 24   0.507358
29 25   0.507358
29 26   0.507358
29 27   0.507358
29 28   0.507358
29 29   0.507358
29 30   0.507358
29 31   0.507358
29 32   0.507358
29 33   0.507358
29 34   0.507358
29 35   0.507358
29 36   0.507358
29 37   0.507358
29 38   0.507358
29 39   0.507358
29 40   0.507358
30 1   0.534631
30 2   0.534631
30 3   0.534631
30 4   0.534631
30 5   0.534631
30 6   0.534631
30 7   0.534631
30 8   0.534631
30 9   0.534631
30 10   0.534631
30 11   0.534631
30 12   0.534631
30 13   0.534631
30 14   0.534631
30 15   0.534631
30 16   0.534631
30 17   0.534631
30 18   0.534631
30 19   0.534631
30 20   0.534631
30 21   0.534631
30 22   0.534631
30 23   0.534631
30 24   0.534631
30 25   0.534631
30 26   0.534631
30 27   0.534631
30 28   0.534631
30 29   0.534631
30 30   0.534631
30 31   0.534631
30 32   0.534631
30 33   0.534631
30 34   0.534631
30 35   0.534631
30 36   0.534631
30 37   0.534631
30 38   0.534631
30 39   0.534631
30 40   0.534631
31 1   0.559388
31 2   0.559388
31 3   0.559388
31 4   0.559388
31 5   0.559388
31 6   0.559388
31 7   0.559388
31 8   0.559388
31 9   0.559388
31 10   0.559388
31 11   0.559388
31 12   0.559388
31 13   0.559388
31 14   0.559388
31 15   0.559388
31 16   0.559388
31 17   0.559388
31 18   0.559388
31 19   0.559388
31 20   0.559388
31 21   0.559388
31 22   0.559388
31 23   0.559388
31 24   0.559388
31 25   0.559388
31 26   0.559388
31 27   0.559388
31 28   0.559388
31 29   0.559388
31 30   0.559388
31 31   0.559388
31 32   0.559388
31 33   0.559388
31 34   0.559388
31 35   0.559388
31 36   0.559388
31 37   0.559388
31 38   0.559388
31 39   0.559388
31 40   0.559388
32 1   0.582339
32 2   0.582339
32 3   0.582339
32 4   0.582339
32 5   0.582339
32 6   0.582339
32 7   0.582339
32 8   0.582339
32 9   0.582339
32 10   0.582339
32 11   0.582339
32 12   0.582339
32 13   0.582339
32 14   0.582339
32 15   0.582339
32 16   0.582339
32 17   0.582339
32 18   0.582339
32 19   0.582339
32 20   0.582339
32 21   0.582339
32 22   0.582339
32 23   0.582339
32 24   0.582339
32 25   0.582339
32 26   0.582339
32 27   0.582339
32 28   0.582339
32 29   0.582339
32 30   0.582339
32 31   0.582339
32 32   0.582339
32 33   0.582339
32 34   0.582339
32 35   0.582339
32 36   0.582339
32 37   0.582339
32 38   0.582339
32 39   0.582339
32 40   0.582339
33 1   0.628549
33 2   0.628549
33 3   0.628549
33 4   0.628549
33 5   0.628549
33 6   0.628549
33 7   0.628549
33 8   0.628549
33 9   0.628549
33 10   0.628549
33 11   0.628549
33 12   0.628549
33 13   0.628549
33 14   0.628549
33 15   0.628549
33 16   0.628549
33 17   0.628549
33 18   0.628549
33 19   0.628549
33 20   0.628549
33 21   0.628549
33 22   0.628549
33 23   0.628549
33 24   0.628549
33 25   0.628549
33 26   0.628549
33 27   0.628549
33 28   0.628549
33 29   0.628549
33 30   0.628549
33 31   0.628549
33 32   0.628549
33 33   0.628549
33 34   0.628549
33 35   0.628549
33 36   0.628549
33 37   0.628549
33 38   0.628549
33 39   0.628549
33 40   0.628549
34 1   0.719884
34 2   0.719884
34 3   0.719884
34 4   0.719884
34 5   0.719884
34 6   0.719884
34 7   0.719884
34 8   0.719884
34 9   0.719884
34 10   0.719884
34 11   0.719884
34 12   0.719884
34 13   0.719884
34 14   0.719884
34 15   0.719884
34 16   0.719884
34 17   0.719884
34 18   0.719884
34 19   0.719884
34 20   0.719884
34 21   0.719884
34 22   0.719884
34 23   0.719884
34 24   0.719884
34 25   0.719884
34 26   0.719884
34 27   0.719884
34 28   0.719884
34 29   0.719884
34 30   0.719884
34 31   0.719884
34 32   0.719884
34 33   0.719884
34 34   0.719884
34 35   0.719884
34 36   0.719884
34 37   0.719884
34 38   0.719884
34 39   0.719884
34 40   0.719884
35 1   0.846986
35 2   0.846986
35 3   0.846986
35 4   0.846986
35 5   0.846986
35 6   0.846986
35 7   0.846986
35 8   0.846986
35 9   0.846986
35 10   0.846986
35 11   0.846986
35 12   0.846986
35 13   0.846986
35 14   0.846986
35 15   0.846986
35 16   0.846986
35 17   0.846986
35 18   0.846986
35 19   0.846986
35 20   0.846986
35 21   0.846986
35 22   0.846986
35 23   0.846986
35 24   0.846986
35 25   0.846986
35 26   0.846986
35 27   0.846986
35 28   0.846986
35 29   0.846986
35 30   0.846986
35 31   0.846986
35 32   0.846986
35 33   0.846986
35 34   0.846986
35 35   0.846986
35 36   0.846986
35 37   0.846986
35 38   0.846986
35 39   0.846986
35 40   0.846986
36 1   0.963023
36 2   0.963023
36 3   0.963023
36 4   0.963023
36 5   0.963023
36 6   0.963023
36 7   0.963023
36 8   0.963023
36 9   0.963023
36 10   0.963023
36 11   0.963023
36 12   0.963023
36 13   0.963023
36 14   0.963023
36 15   0.963023
36 16   0.963023
36 17   0.963023
36 18   0.963023
36 19   0.963023
36 20   0.963023
36 21   0.963023
36 22   0.963023
36 23   0.963023
36 24   0.963023
36 25   0.963023
36 26   0.963023
36 27   0.963023
36 28   0.963023
36 29   0.963023
36 30   0.963023
36 31   0.963023
36 32   0.963023
36 33   0.963023
36 34   0.963023
36 35   0.963023
36 36   0.963023
36 37   0.963023
36 38   0.963023
36 39   0.963023
36 40   0.963023
37 1   1.02882
37 2   1.02882
37 3   1.02882
37 4   1.02882
37 5   1.02882
37 6   1.02882
37 7   1.02882
37 8   1.02882
37 9   1.02882
37 10   1.02882
37 11   1.02882
37 12   1.02882
37 13   1.02882
37 14   1.02882
37 15   1.02882
37 16   1.02882
37 17   1.02882
37 18   1.02882
37 19   1.02882
37 20   1.02882
37 21   1.02882
37 22   1.02882
37 23   1.02882
37 24   1.02882
37 25   1.02882
37 26   1.02882
37 27   1.02882
37 28   1.02882
37 29   1.02882
37 30   1.02882
37 31   1.02882
37 32   1.02882
37 33   1.02882
37 34   1.02882
37 35   1.02882
37 36   1.02882
37 37   1.02882
37 38   1.02882
37 39   1.02882
37 40   1.02882
38 1   1.04533
38 2   1.04533
38 3   1.04533
38 4   1.04533
38 5   1.04533
38 6   1.04533
38 7   1.04533
38 8   1.04533
38 9   1.04533
38 10   1.04533
38 11   1.04533
38 12   1.04533
38 13   1.04533
38 14   1.04533
38 15   1.04533
38 16   1.04533
38 17   1.04533
38 18   1.04533
38 19   1.04533
38 20   1.04533
38 21   1.04533
38 22   1.04533
38 23   1.04533
38 24   1.04533
38 25   1.04533
38 26   1.04533
38 27   1.04533
38 28   1.04533
38 29   1.04533
38 30   1.04533
38 31   1.04533
38 32   1.04533
38 33   1.04533
38 34   1.04533
38 35   1.04533
38 36   1.04533
38 37   1.04533
38 38   1.04533
38 39   1.04533
38 40   1.04533
39 1   1.03596
39 2   1.03596
39 3   1.03596
39 4   1.03596
39 5   1.03596
39 6   1.03596
39 7   1.03596
39 8   1.03596
39 9   1.03596
39 10   1.03596
39 11   1.03596
39 12   1.03596
39 13   1.03596
39 14   1.03596
39 15   1.03596
39 16   1.03596
39 17   1.03596
39 18   1.03596
39 19   1.03596
39 20   1.03596
39 21   1.03596
39 22   1.03596
39 23   1.03596
39 24   1.03596
39 25   1.03596
39 26   1.03596
39 27   1.03596
39 28   1.03596
39 29   1.03596
39 30   1.03596
39 31   1.03596
39 32   1.03596
39 33   1.03596
39 34   1.03596
39 35   1.03596
39 36   1.03596
39 37   1.03596
39 38   1.03596
39 39   1.03596
39 40   1.03596
40 1   1.02115
40 2   1.02115
40 3   1.02115
40 4   1.02115
40 5   1.02115
40 6   1.02115
40 7   1.02115
40 8   1.02115
40 9   1.02115
40 10   1.02115
40 11   1.02115
40 12   1.02115
40 13   1.02115
40 14   1.02115
40 15   1.02115
40 16   1.02115
40 17   1.02115
40 18   1.02115
40 19   1.02115
40 20   1.02115
40 21   1.02115
40 22   1.02115
40 23   1.02115
40 24   1.02115
40 25   1.02115
40 26   1.02115
40 27   1.02115
40 28   1.02115
40 29   1.02115
40 30   1.02115
40 31   1.02115
40 32   1.02115
40 33   1.02115
40 34   1.02115
40 35   1.02115
40 36   1.02115
40 37   1.02115
40 38   1.02115
40 39   1.02115
40 40   1.02115
