1 1   1.002
1 2   1.002
1 3   1.002
1 4   1.002
1 5   1.002
1 6   1.002
1 7   1.002
1 8   1.002
1 9   1.002
1 10   1.002
1 11   1.002
1 12   1.002
1 13   1.002
1 14   1.002
1 15   1.002
1 16   1.002
1 17   1.002
1 18   1.002
1 19   1.002
1 20   1.002
1 21   1.002
1 22   1.002
1 23   1.002
1 24   1.002
1 25   1.002
1 26   1.002
1 27   1.002
1 28   1.002
1 29   1.002
1 30   1.002
1 31   1.002
1 32   1.002
1 33   1.002
1 34   1.002
1 35   1.002
1 36   1.002
1 37   1.002
1 38   1.002
1 39   1.002
1 40   1.002
2 1   1.00044
2 2   1.00044
2 3   1.00044
2 4   1.00044
2 5   1.00044
2 6   1.00044
2 7   1.00044
2 8   1.00044
2 9   1.00044
2 10   1.00044
2 11   1.00044
2 12   1.00044
2 13   1.00044
2 14   1.00044
2 15   1.00044
2 16   1.00044
2 17   1.00044
2 18   1.00044
2 19   1.00044
2 20   1.00044
2 21   1.00044
2 22   1.00044
2 23   1.00044
2 24   1.00044
2 25   1.00044
2 26   1.00044
2 27   1.00044
2 28   1.00044
2 29   1.00044
2 30   1.00044
2 31   1.00044
2 32   1.00044
2 33   1.00044
2 34   1.00044
2 35   1.00044
2 36   1.00044
2 37   1.00044
2 38   1.00044
2 39   1.00044
2 40   1.00044
3 1   0.997186
3 2   0.997186
3 3   0.997186
3 4   0.997186
3 5   0.997186
3 6   0.997186
3 7   0.997186
3 8   0.997186
3 9   0.997186
3 10   0.997186
3 11   0.997186
3 12   0.997186
3 13   0.997186
3 14   0.997186
3 15   0.997186
3 16   0.997186
3 17   0.997186
3 18   0.997186
3 19   0.997186
3 20   0.997186
3 21   0.997186
3 22   0.997186
3 23   0.997186
3 24   0.997186
3 25   0.997186
3 26   0.997186
3 27   0.997186
3 28   0.997186
3 29   0.997186
3 30   0.997186
3 31   0.997186
3 32   0.997186
3 33   0.997186
3 34   0.997186
3 35   0.997186
3 36   0.997186
3 37   0.997186
3 38   0.997186
3 39   0.997186
3 40   0.997186
4 1   0.99213
4 2   0.99213
4 3   0.99213
4 4   0.99213
4 5   0.99213
4 6   0.99213
4 7   0.99213
4 8   0.99213
4 9   0.99213
4 10   0.99213
4 11   0.99213
4 12   0.99213
4 13   0.99213
4 14   0.99213
4 15   0.99213
4 16   0.99213
4 17   0.99213
4 18   0.99213
4 19   0.99213
4 20   0.99213
4 21   0.99213
4 22   0.99213
4 23   0.99213
4 24   0.99213
4 25   0.99213
4 26   0.99213
4 27   0.99213
4 28   0.99213
4 29   0.99213
4 30   0.99213
4 31   0.99213
4 32   0.99213
4 33   0.99213
4 34   0.99213
4 35   0.99213
4 36   0.99213
4 37   0.99213
4 38   0.99213
4 39   0.99213
4 40   0.99213
5 1   0.985905
5 2   0.985905
5 3   0.985905
5 4   0.985905
5 5   0.985905
5 6   0.985905
5 7   0.985905
5 8   0.985905
5 9   0.985905
5 10   0.985905
5 11   0.985905
5 12   0.985905
5 13   0.985905
5 14   0.985905
5 15   0.985905
5 16   0.985905
5 17   0.985905
5 18   0.985905
5 19   0.985905
5 20   0.985905
5 21   0.985905
5 22   0.985905
5 23   0.985905
5 24   0.985905
5 25   0.985905
5 26   0.985905
5 27   0.985905
5 28   0.985905
5 29   0.985905
5 30   0.985905
5 31   0.985905
5 32   0.985905
5 33   0.985905
5 34   0.985905
5 35   0.985905
5 36   0.985905
5 37   0.985905
5 38   0.985905
5 39   0.985905
5 40   0.985905
6 1   0.980134
6 2   0.980134
6 3   0.980134
6 4   0.980134
6 5   0.980134
6 6   0.980134
6 7   0.980134
6 8   0.980134
6 9   0.980134
6 10   0.980134
6 11   0.980134
6 12   0.980134
6 13   0.980134
6 14   0.980134
6 15   0.980134
6 16   0.980134
6 17   0.980134
6 18   0.980134
6 19   0.980134
6 20   0.980134
6 21   0.980134
6 22   0.980134
6 23   0.980134
6 24   0.980134
6 25   0.980134
6 26   0.980134
6 27   0.980134
6 28   0.980134
6 29   0.980134
6 30   0.980134
6 31   0.980134
6 32   0.980134
6 33   0.980134
6 34   0.980134
6 35   0.980134
6 36   0.980134
6 37   0.980134
6 38   0.980134
6 39   0.980134
6 40   0.980134
7 1   0.975953
7 2   0.975953
7 3   0.975953
7 4   0.975953
7 5   0.975953
7 6   0.975953
7 7   0.975953
7 8   0.975953
7 9   0.975953
7 10   0.975953
7 11   0.975953
7 12   0.975953
7 13   0.975953
7 14   0.975953
7 15   0.975953
7 16   0.975953
7 17   0.975953
7 18   0.975953
7 19   0.975953
7 20   0.975953
7 21   0.975953
7 22   0.975953
7 23   0.975953
7 24   0.975953
7 25   0.975953
7 26   0.975953
7 27   0.975953
7 28   0.975953
7 29   0.975953
7 30   0.975953
7 31   0.975953
7 32   0.975953
7 33   0.975953
7 34   0.975953
7 35   0.975953
7 36   0.975953
7 37   0.975953
7 38   0.975953
7 39   0.975953
7 40   0.975953
8 1   0.971414
8 2   0.971414
8 3   0.971414
8 4   0.971414
8 5   0.971414
8 6   0.971414
8 7   0.971414
8 8   0.971414
8 9   0.971414
8 10   0.971414
8 11   0.971414
8 12   0.971414
8 13   0.971414
8 14   0.971414
8 15   0.971414
8 16   0.971414
8 17   0.971414
8 18   0.971414
8 19   0.971414
8 20   0.971414
8 21   0.971414
8 22   0.971414
8 23   0.971414
8 24   0.971414
8 25   0.971414
8 26   0.971414
8 27   0.971414
8 28   0.971414
8 29   0.971414
8 30   0.971414
8 31   0.971414
8 32   0.971414
8 33   0.971414
8 34   0.971414
8 35   0.971414
8 36   0.971414
8 37   0.971414
8 38   0.971414
8 39   0.971414
8 40   0.971414
9 1   0.960387
9 2   0.960387
9 3   0.960387
9 4   0.960387
9 5   0.960387
9 6   0.960387
9 7   0.960387
9 8   0.960387
9 9   0.960387
9 10   0.960387
9 11   0.960387
9 12   0.960387
9 13   0.960387
9 14   0.960387
9 15   0.960387
9 16   0.960387
9 17   0.960387
9 18   0.960387
9 19   0.960387
9 20   0.960387
9 21   0.960387
9 22   0.960387
9 23   0.960387
9 24   0.960387
9 25   0.960387
9 26   0.960387
9 27   0.960387
9 28   0.960387
9 29   0.960387
9 30   0.960387
9 31   0.960387
9 32   0.960387
9 33   0.960387
9 34   0.960387
9 35   0.960387
9 36   0.960387
9 37   0.960387
9 38   0.960387
9 39   0.960387
9 40   0.960387
10 1   0.934987
10 2   0.934987
10 3   0.934987
10 4   0.934987
10 5   0.934987
10 6   0.934987
10 7   0.934987
10 8   0.934987
10 9   0.934987
10 10   0.934987
10 11   0.934987
10 12   0.934987
10 13   0.934987
10 14   0.934987
10 15   0.934987
10 16   0.934987
10 17   0.934987
10 18   0.934987
10 19   0.934987
10 20   0.934987
10 21   0.934987
10 22   0.934987
10 23   0.934987
10 24   0.934987
10 25   0.934987
10 26   0.934987
10 27   0.934987
10 28   0.934987
10 29   0.934987
10 30   0.934987
10 31   0.934987
10 32   0.934987
10 33   0.934987
10 34   0.934987
10 35   0.934987
10 36   0.934987
10 37   0.934987
10 38   0.934987
10 39   0.934987
10 40   0.934987
11 1   0.890614
11 2   0.890614
11 3   0.890614
11 4   0.890614
11 5   0.890614
11 6   0.890614
11 7   0.890614
11 8   0.890614
11 9   0.890614
11 10   0.890614
11 11   0.890614
11 12   0.890614
11 13   0.890614
11 14   0.890614
11 15   0.890614
11 16   0.890614
11 17   0.890614
11 18   0.890614
11 19   0.890614
11 20   0.890614
11 21   0.890614
11 22   0.890614
11 23   0.890614
11 24   0.890614
11 25   0.890614
11 26   0.890614
11 27   0.890614
11 28   0.890614
11 29   0.890614
11 30   0.890614
11 31   0.890614
11 32   0.890614
11 33   0.890614
11 34   0.890614
11 35   0.890614
11 36   0.890614
11 37   0.890614
11 38   0.890614
11 39   0.890614
11 40   0.890614
12 1   0.829825
12 2   0.829825
12 3   0.829825
12 4   0.829825
12 5   0.829825
12 6   0.829825
12 7   0.829825
12 8   0.829825
12 9   0.829825
12 10   0.829825
12 11   0.829825
12 12   0.829825
12 13   0.829825
12 14   0.829825
12 15   0.829825
12 16   0.829825
12 17   0.829825
12 18   0.829825
12 19   0.829825
12 20   0.829825
12 21   0.829825
12 22   0.829825
12 23   0.829825
12 24   0.829825
12 25   0.829825
12 26   0.829825
12 27   0.829825
12 28   0.829825
12 29   0.829825
12 30   0.829825
12 31   0.829825
12 32   0.829825
12 33   0.829825
12 34   0.829825
12 35   0.829825
12 36   0.829825
12 37   0.829825
12 38   0.829825
12 39   0.829825
12 40   0.829825
13 1   0.761536
13 2   0.761536
13 3   0.761536
13 4   0.761536
13 5   0.761536
13 6   0.761536
13 7   0.761536
13 8   0.761536
13 9   0.761536
13 10   0.761536
13 11   0.761536
13 12   0.761536
13 13   0.761536
13 14   0.761536
13 15   0.761536
13 16   0.761536
13 17   0.761536
13 18   0.761536
13 19   0.761536
13 20   0.761536
13 21   0.761536
13 22   0.761536
13 23   0.761536
13 24   0.761536
13 25   0.761536
13 26   0.761536
13 27   0.761536
13 28   0.761536
13 29   0.761536
13 30   0.761536
13 31   0.761536
13 32   0.761536
13 33   0.761536
13 34   0.761536
13 35   0.761536
13 36   0.761536
13 37   0.761536
13 38   0.761536
13 39   0.761536
13 40   0.761536
14 1   0.696056
14 2   0.696056
14 3   0.696056
14 4   0.696056
14 5   0.696056
14 6   0.696056
14 7   0.696056
14 8   0.696056
14 9   0.696056
14 10   0.696056
14 11   0.696056
14 12   0.696056
14 13   0.696056
14 14   0.696056
14 15   0.696056
14 16   0.696056
14 17   0.696056
14 18   0.696056
14 19   0.696056
14 20   0.696056
14 21   0.696056
14 22   0.696056
14 23   0.696056
14 24   0.696056
14 25   0.696056
14 26   0.696056
14 27   0.696056
14 28   0.696056
14 29   0.696056
14 30   0.696056
14 31   0.696056
14 32   0.696056
14 33   0.696056
14 34   0.696056
14 35   0.696056
14 36   0.696056
14 37   0.696056
14 38   0.696056
14 39   0.696056
14 40   0.696056
15 1   0.64018
15 2   0.64018
15 3   0.64018
15 4   0.64018
15 5   0.64018
15 6   0.64018
15 7   0.64018
15 8   0.64018
15 9   0.64018
15 10   0.64018
15 11   0.64018
15 12   0.64018
15 13   0.64018
15 14   0.64018
15 15   0.64018
15 16   0.64018
15 17   0.64018
15 18   0.64018
15 19   0.64018
15 20   0.64018
15 21   0.64018
15 22   0.64018
15 23   0.64018
15 24   0.64018
15 25   0.64018
15 26   0.64018
15 27   0.64018
15 28   0.64018
15 29   0.64018
15 30   0.64018
15 31   0.64018
15 32   0.64018
15 33   0.64018
15 34   0.64018
15 35   0.64018
15 36   0.64018
15 37   0.64018
15 38   0.64018
15 39   0.64018
15 40   0.64018
16 1   0.595725
16 2   0.595725
16 3   0.595725
16 4   0.595725
16 5   0.595725
16 6   0.595725
16 7   0.595725
16 8   0.595725
16 9   0.595725
16 10   0.595725
16 11   0.595725
16 12   0.595725
16 13   0.595725
16 14   0.595725
16 15   0.595725
16 16   0.595725
16 17   0.595725
16 18   0.595725
16 19   0.595725
16 20   0.595725
16 21   0.595725
16 22   0.595725
16 23   0.595725
16 24   0.595725
16 25   0.595725
16 26   0.595725
16 27   0.595725
16 28   0.595725
16 29   0.595725
16 30   0.595725
16 31   0.595725
16 32   0.595725
16 33   0.595725
16 34   0.595725
16 35   0.595725
16 36   0.595725
16 37   0.595725
16 38   0.595725
16 39   0.595725
16 40   0.595725
17 1   0.561133
17 2   0.561133
17 3   0.561133
17 4   0.561133
17 5   0.561133
17 6   0.561133
17 7   0.561133
17 8   0.561133
17 9   0.561133
17 10   0.561133
17 11   0.561133
17 12   0.561133
17 13   0.561133
17 14   0.561133
17 15   0.561133
17 16   0.561133
17 17   0.561133
17 18   0.561133
17 19   0.561133
17 20   0.561133
17 21   0.561133
17 22   0.561133
17 23   0.561133
17 24   0.561133
17 25   0.561133
17 26   0.561133
17 27   0.561133
17 28   0.561133
17 29   0.561133
17 30   0.561133
17 31   0.561133
17 32   0.561133
17 33   0.561133
17 34   0.561133
17 35   0.561133
17 36   0.561133
17 37   0.561133
17 38   0.561133
17 39   0.561133
17 40   0.561133
18 1   0.533637
18 2   0.533637
18 3   0.533637
18 4   0.533637
18 5   0.533637
18 6   0.533637
18 7   0.533637
18 8   0.533637
18 9   0.533637
18 10   0.533637
18 11   0.533637
18 12   0.533637
18 13   0.533637
18 14   0.533637
18 15   0.533637
18 16   0.533637
18 17   0.533637
18 18   0.533637
18 19   0.533637
18 20   0.533637
18 21   0.533637
18 22   0.533637
18 23   0.533637
18 24   0.533637
18 25   0.533637
18 26   0.533637
18 27   0.533637
18 28   0.533637
18 29   0.533637
18 30   0.533637
18 31   0.533637
18 32   0.533637
18 33   0.533637
18 34   0.533637
18 35   0.533637
18 36   0.533637
18 37   0.533637
18 38   0.533637
18 39   0.533637
18 40   0.533637
19 1   0.510457
19 2   0.510457
19 3   0.510457
19 4   0.510457
19 5   0.510457
19 6   0.510457
19 7   0.510457
19 8   0.510457
19 9   0.510457
19 10   0.510457
19 11   0.510457
19 12   0.510457
19 13   0.510457
19 14   0.510457
19 15   0.510457
19 16   0.510457
19 17   0.510457
19 18   0.510457
19 19   0.510457
19 20   0.510457
19 21   0.510457
19 22   0.510457
19 23   0.510457
19 24   0.510457
19 25   0.510457
19 26   0.510457
19 27   0.510457
19 28   0.510457
19 29   0.510457
19 30   0.510457
19 31   0.510457
19 32   0.510457
19 33   0.510457
19 34   0.510457
19 35   0.510457
19 36   0.510457
19 37   0.510457
19 38   0.510457
19 39   0.510457
19 40   0.510457
20 1   0.488987
20 2   0.488987
20 3   0.488987
20 4   0.488987
20 5   0.488987
20 6   0.488987
20 7   0.488987
20 8   0.488987
20 9   0.488987
20 10   0.488987
20 11   0.488987
20 12   0.488987
20 13   0.488987
20 14   0.488987
20 15   0.488987
20 16   0.488987
20 17   0.488987
20 18   0.488987
20 19   0.488987
20 20   0.488987
20 21   0.488987
20 22   0.488987
20 23   0.488987
20 24   0.488987
20 25   0.488987
20 26   0.488987
20 27   0.488987
20 28   0.488987
20 29   0.488987
20 30   0.488987
20 31   0.488987
20 32   0.488987
20 33   0.488987
20 34   0.488987
20 35   0.488987
20 36   0.488987
20 37   0.488987
20 38   0.488987
20 39   0.488987
20 40   0.488987
21 1   0.466469
21 2   0.466469
21 3   0.466469
21 4   0.466469
21 5   0.466469
21 6   0.466469
21 7   0.466469
21 8   0.466469
21 9   0.466469
21 10   0.466469
21 11   0.466469
21 12   0.466469
21 13   0.466469
21 14   0.466469
21 15   0.466469
21 16   0.466469
21 17   0.466469
21 18   0.466469
21 19   0.466469
21 20   0.466469
21 21   0.466469
21 22   0.466469
21 23   0.466469
21 24   0.466469
21 25   0.466469
21 26   0.466469
21 27   0.466469
21 28   0.466469
21 29   0.466469
21 30   0.466469
21 31   0.466469
21 32   0.466469
21 33   0.466469
21 34   0.466469
21 35   0.466469
21 36   0.466469
21 37   0.466469
21 38   0.466469
21 39   0.466469
21 40   0.466469
22 1   0.439708
22 2   0.439708
22 3   0.439708
22 4   0.439708
22 5   0.439708
22 6   0.439708
22 7   0.439708
22 8   0.439708
22 9   0.439708
22 10   0.439708
22 11   0.439708
22 12   0.439708
22 13   0.439708
22 14   0.439708
22 15   0.439708
22 16   0.439708
22 17   0.439708
22 18   0.439708
22 19   0.439708
22 20   0.439708
22 21   0.439708
22 22   0.439708
22 23   0.439708
22 24   0.439708
22 25   0.439708
22 26   0.439708
22 27   0.439708
22 28   0.439708
22 29   0.439708
22 30   0.439708
22 31   0.439708
22 32   0.439708
22 33   0.439708
22 34   0.439708
22 35   0.439708
22 36   0.439708
22 37   0.439708
22 38   0.439708
22 39   0.439708
22 40   0.439708
23 1   0.405164
23 2   0.405164
23 3   0.405164
23 4   0.405164
23 5   0.405164
23 6   0.405164
23 7   0.405164
23 8   0.405164
23 9   0.405164
23 10   0.405164
23 11   0.405164
23 12   0.405164
23 13   0.405164
23 14   0.405164
23 15   0.405164
23 16   0.405164
23 17   0.405164
23 18   0.405164
23 19   0.405164
23 20   0.405164
23 21   0.405164
23 22   0.405164
23 23   0.405164
23 24   0.405164
23 25   0.405164
23 26   0.405164
23 27   0.405164
23 28   0.405164
23 29   0.405164
23 30   0.405164
23 31   0.405164
23 32   0.405164
23 33   0.405164
23 34   0.405164
23 35   0.405164
23 36   0.405164
23 37   0.405164
23 38   0.405164
23 39   0.405164
23 40   0.405164
24 1   0.359829
24 2   0.359829
24 3   0.359829
24 4   0.359829
24 5   0.359829
24 6   0.359829
24 7   0.359829
24 8   0.359829
24 9   0.359829
24 10   0.359829
24 11   0.359829
24 12   0.359829
24 13   0.359829
24 14   0.359829
24 15   0.359829
24 16   0.359829
24 17   0.359829
24 18   0.359829
24 19   0.359829
24 20   0.359829
24 21   0.359829
24 22   0.359829
24 23   0.359829
24 24   0.359829
24 25   0.359829
24 26   0.359829
24 27   0.359829
24 28   0.359829
24 29   0.359829
24 30   0.359829
24 31   0.359829
24 32   0.359829
24 33   0.359829
24 34   0.359829
24 35   0.359829
24 36   0.359829
24 37   0.359829
24 38   0.359829
24 39   0.359829
24 40   0.359829
25 1   0.30291
25 2   0.30291
25 3   0.30291
25 4   0.30291
25 5   0.30291
25 6   0.30291
25 7   0.30291
25 8   0.30291
25 9   0.30291
25 10   0.30291
25 11   0.30291
25 12   0.30291
25 13   0.30291
25 14   0.30291
25 15   0.30291
25 16   0.30291
25 17   0.30291
25 18   0.30291
25 19   0.30291
25 20   0.30291
25 21   0.30291
25 22   0.30291
25 23   0.30291
25 24   0.30291
25 25   0.30291
25 26   0.30291
25 27   0.30291
25 28   0.30291
25 29   0.30291
25 30   0.30291
25 31   0.30291
25 32   0.30291
25 33   0.30291
25 34   0.30291
25 35   0.30291
25 36   0.30291
25 37   0.30291
25 38   0.30291
25 39   0.30291
25 40   0.30291
26 1   0.237505
26 2   0.237505
26 3   0.237505
26 4   0.237505
26 5   0.237505
26 6   0.237505
26 7   0.237505
26 8   0.237505
26 9   0.237505
26 10   0.237505
26 11   0.237505
26 12   0.237505
26 13   0.237505
26 14   0.237505
26 15   0.237505
26 16   0.237505
26 17   0.237505
26 18   0.237505
26 19   0.237505
26 20   0.237505
26 21   0.237505
26 22   0.237505
26 23   0.237505
26 24   0.237505
26 25   0.237505
26 26   0.237505
26 27   0.237505
26 28   0.237505
26 29   0.237505
26 30   0.237505
26 31   0.237505
26 32   0.237505
26 33   0.237505
26 34   0.237505
26 35   0.237505
26 36   0.237505
26 37   0.237505
26 38   0.237505
26 39   0.237505
26 40   0.237505
27 1   0.170713
27 2   0.170713
27 3   0.170713
27 4   0.170713
27 5   0.170713
27 6   0.170713
27 7   0.170713
27 8   0.170713
27 9   0.170713
27 10   0.170713
27 11   0.170713
27 12   0.170713
27 13   0.170713
27 14   0.170713
27 15   0.170713
27 16   0.170713
27 17   0.170713
27 18   0.170713
27 19   0.170713
27 20   0.170713
27 21   0.170713
27 22   0.170713
27 23   0.170713
27 24   0.170713
27 25   0.170713
27 26   0.170713
27 27   0.170713
27 28   0.170713
27 29   0.170713
27 30   0.170713
27 31   0.170713
27 32   0.170713
27 33   0.170713
27 34   0.170713
27 35   0.170713
27 36   0.170713
27 37   0.170713
27 38   0.170713
27 39   0.170713
27 40   0.170713
28 1   0.111367
28 2   0.111367
28 3   0.111367
28 4   0.111367
28 5   0.111367
28 6   0.111367
28 7   0.111367
28 8   0.111367
28 9   0.111367
28 10   0.111367
28 11   0.111367
28 12   0.111367
28 13   0.111367
28 14   0.111367
28 15   0.111367
28 16   0.111367
28 17   0.111367
28 18   0.111367
28 19   0.111367
28 20   0.111367
28 21   0.111367
28 22   0.111367
28 23   0.111367
28 24   0.111367
28 25   0.111367
28 26   0.111367
28 27   0.111367
28 28   0.111367
28 29   0.111367
28 30   0.111367
28 31   0.111367
28 32   0.111367
28 33   0.111367
28 34   0.111367
28 35   0.111367
28 36   0.111367
28 37   0.111367
28 38   0.111367
28 39   0.111367
28 40   0.111367
29 1   0.06645
29 2   0.06645
29 3   0.06645
29 4   0.06645
29 5   0.06645
29 6   0.06645
29 7   0.06645
29 8   0.06645
29 9   0.06645
29 10   0.06645
29 11   0.06645
29 12   0.06645
29 13   0.06645
29 14   0.06645
29 15   0.06645
29 16   0.06645
29 17   0.06645
29 18   0.06645
29 19   0.06645
29 20   0.06645
29 21   0.06645
29 22   0.06645
29 23   0.06645
29 24   0.06645
29 25   0.06645
29 26   0.06645
29 27   0.06645
29 28   0.06645
29 29   0.06645
29 30   0.06645
29 31   0.06645
29 32   0.06645
29 33   0.06645
29 34   0.06645
29 35   0.06645
29 36   0.06645
29 37   0.06645
29 38   0.06645
29 39   0.06645
29 40   0.06645
30 1   0.0385582
30 2   0.0385582
30 3   0.0385582
30 4   0.0385582
30 5   0.0385582
30 6   0.0385582
30 7   0.0385582
30 8   0.0385582
30 9   0.0385582
30 10   0.0385582
30 11   0.0385582
30 12   0.0385582
30 13   0.0385582
30 14   0.0385582
30 15   0.0385582
30 16   0.0385582
30 17   0.0385582
30 18   0.0385582
30 19   0.0385582
30 20   0.0385582
30 21   0.0385582
30 22   0.0385582
30 23   0.0385582
30 24   0.0385582
30 25   0.0385582
30 26   0.0385582
30 27   0.0385582
30 28   0.0385582
30 29   0.0385582
30 30   0.0385582
30 31   0.0385582
30 32   0.0385582
30 33   0.0385582
30 34   0.0385582
30 35   0.0385582
30 36   0.0385582
30 37   0.0385582
30 38   0.0385582
30 39   0.0385582
30 40   0.0385582
31 1   0.0256875
31 2   0.0256875
31 3   0.0256875
31 4   0.0256875
31 5   0.0256875
31 6   0.0256875
31 7   0.0256875
31 8   0.0256875
31 9   0.0256875
31 10   0.0256875
31 11   0.0256875
31 12   0.0256875
31 13   0.0256875
31 14   0.0256875
31 15   0.0256875
31 16   0.0256875
31 17   0.0256875
31 18   0.0256875
31 19   0.0256875
31 20   0.0256875
31 21   0.0256875
31 22   0.0256875
31 23   0.0256875
31 24   0.0256875
31 25   0.0256875
31 26   0.0256875
31 27   0.0256875
31 28   0.0256875
31 29   0.0256875
31 30   0.0256875
31 31   0.0256875
31 32   0.0256875
31 33   0.0256875
31 34   0.0256875
31 35   0.0256875
31 36   0.0256875
31 37   0.0256875
31 38   0.0256875
31 39   0.0256875
31 40   0.0256875
32 1   0.0225189
32 2   0.0225189
32 3   0.0225189
32 4   0.0225189
32 5   0.0225189
32 6   0.0225189
32 7   0.0225189
32 8   0.0225189
32 9   0.0225189
32 10   0.0225189
32 11   0.0225189
32 12   0.0225189
32 13   0.0225189
32 14   0.0225189
32 15   0.0225189
32 16   0.0225189
32 17   0.0225189
32 18   0.0225189
32 19   0.0225189
32 20   0.0225189
32 21   0.0225189
32 22   0.0225189
32 23   0.0225189
32 24   0.0225189
32 25   0.0225189
32 26   0.0225189
32 27   0.0225189
32 28   0.0225189
32 29   0.0225189
32 30   0.0225189
32 31   0.0225189
32 32   0.0225189
32 33   0.0225189
32 34   0.0225189
32 35   0.0225189
32 36   0.0225189
32 37   0.0225189
32 38   0.0225189
32 39   0.0225189
32 40   0.0225189
33 1   0.0221849
33 2   0.0221849
33 3   0.0221849
33 4   0.0221849
33 5   0.0221849
33 6   0.0221849
33 7   0.0221849
33 8   0.0221849
33 9   0.0221849
33 10   0.0221849
33 11   0.0221849
33 12   0.0221849
33 13   0.0221849
33 14   0.0221849
33 15   0.0221849
33 16   0.0221849
33 17   0.0221849
33 18   0.0221849
33 19   0.0221849
33 20   0.0221849
33 21   0.0221849
33 22   0.0221849
33 23   0.0221849
33 24   0.0221849
33 25   0.0221849
33 26   0.0221849
33 27   0.0221849
33 28   0.0221849
33 29   0.0221849
33 30   0.0221849
33 31   0.0221849
33 32   0.0221849
33 33   0.0221849
33 34   0.0221849
33 35   0.0221849
33 36   0.0221849
33 37   0.0221849
33 38   0.0221849
33 39   0.0221849
33 40   0.0221849
34 1   0.0187304
34 2   0.0187304
34 3   0.0187304
34 4   0.0187304
34 5   0.0187304
34 6   0.0187304
34 7   0.0187304
34 8   0.0187304
34 9   0.0187304
34 10   0.0187304
34 11   0.0187304
34 12   0.0187304
34 13   0.0187304
34 14   0.0187304
34 15   0.0187304
34 16   0.0187304
34 17   0.0187304
34 18   0.0187304
34 19   0.0187304
34 20   0.0187304
34 21   0.0187304
34 22   0.0187304
34 23   0.0187304
34 24   0.0187304
34 25   0.0187304
34 26   0.0187304
34 27   0.0187304
34 28   0.0187304
34 29   0.0187304
34 30   0.0187304
34 31   0.0187304
34 32   0.0187304
34 33   0.0187304
34 34   0.0187304
34 35   0.0187304
34 36   0.0187304
34 37   0.0187304
34 38   0.0187304
34 39   0.0187304
34 40   0.0187304
35 1   0.0100822
35 2   0.0100822
35 3   0.0100822
35 4   0.0100822
35 5   0.0100822
35 6   0.0100822
35 7   0.0100822
35 8   0.0100822
35 9   0.0100822
35 10   0.0100822
35 11   0.0100822
35 12   0.0100822
35 13   0.0100822
35 14   0.0100822
35 15   0.0100822
35 16   0.0100822
35 17   0.0100822
35 18   0.0100822
35 19   0.0100822
35 20   0.0100822
35 21   0.0100822
35 22   0.0100822
35 23   0.0100822
35 24   0.0100822
35 25   0.0100822
35 26   0.0100822
35 27   0.0100822
35 28   0.0100822
35 29   0.0100822
35 30   0.0100822
35 31   0.0100822
35 32   0.0100822
35 33   0.0100822
35 34   0.0100822
35 35   0.0100822
35 36   0.0100822
35 37   0.0100822
35 38   0.0100822
35 39   0.0100822
35 40   0.0100822
36 1   -0.000616572
36 2   -0.000616572
36 3   -0.000616572
36 4   -0.000616572
36 5   -0.000616572
36 6   -0.000616572
36 7   -0.000616572
36 8   -0.000616572
36 9   -0.000616572
36 10   -0.000616572
36 11   -0.000616572
36 12   -0.000616572
36 13   -0.000616572
36 14   -0.000616572
36 15   -0.000616572
36 16   -0.000616572
36 17   -0.000616572
36 18   -0.000616572
36 19   -0.000616572
36 20   -0.000616572
36 21   -0.000616572
36 22   -0.000616572
36 23   -0.000616572
36 24   -0.000616572
36 25   -0.000616572
36 26   -0.000616572
36 27   -0.000616572
36 28   -0.000616572
36 29   -0.000616572
36 30   -0.000616572
36 31   -0.000616572
36 32   -0.000616572
36 33   -0.000616572
36 34   -0.000616572
36 35   -0.000616572
36 36   -0.000616572
36 37   -0.000616572
36 38   -0.000616572
36 39   -0.000616572
36 40   -0.000616572
37 1   -0.00731678
37 2   -0.00731678
37 3   -0.00731678
37 4   -0.00731678
37 5   -0.00731678
37 6   -0.00731678
37 7   -0.00731678
37 8   -0.00731678
37 9   -0.00731678
37 10   -0.00731678
37 11   -0.00731678
37 12   -0.00731678
37 13   -0.00731678
37 14   -0.00731678
37 15   -0.00731678
37 16   -0.00731678
37 17   -0.00731678
37 18   -0.00731678
37 19   -0.00731678
37 20   -0.00731678
37 21   -0.00731678
37 22   -0.00731678
37 23   -0.00731678
37 24   -0.00731678
37 25   -0.00731678
37 26   -0.00731678
37 27   -0.00731678
37 28   -0.00731678
37 29   -0.00731678
37 30   -0.00731678
37 31   -0.00731678
37 32   -0.00731678
37 33   -0.00731678
37 34   -0.00731678
37 35   -0.00731678
37 36   -0.00731678
37 37   -0.00731678
37 38   -0.00731678
37 39   -0.00731678
37 40   -0.00731678
38 1   -0.00602763
38 2   -0.00602763
38 3   -0.00602763
38 4   -0.00602763
38 5   -0.00602763
38 6   -0.00602763
38 7   -0.00602763
38 8   -0.00602763
38 9   -0.00602763
38 10   -0.00602763
38 11   -0.00602763
38 12   -0.00602763
38 13   -0.00602763
38 14   -0.00602763
38 15   -0.00602763
38 16   -0.00602763
38 17   -0.00602763
38 18   -0.00602763
38 19   -0.00602763
38 20   -0.00602763
38 21   -0.00602763
38 22   -0.00602763
38 23   -0.00602763
38 24   -0.00602763
38 25   -0.00602763
38 26   -0.00602763
38 27   -0.00602763
38 28   -0.00602763
38 29   -0.00602763
38 30   -0.00602763
38 31   -0.00602763
38 32   -0.00602763
38 33   -0.00602763
38 34   -0.00602763
38 35   -0.00602763
38 36   -0.00602763
38 37   -0.00602763
38 38   -0.00602763
38 39   -0.00602763
38 40   -0.00602763
39 1   0.00137527
39 2   0.00137527
39 3   0.00137527
39 4   0.00137527
39 5   0.00137527
39 6   0.00137527
39 7   0.00137527
39 8   0.00137527
39 9   0.00137527
39 10   0.00137527
39 11   0.00137527
39 12   0.00137527
39 13   0.00137527
39 14   0.00137527
39 15   0.00137527
39 16   0.00137527
39 17   0.00137527
39 18   0.00137527
39 19   0.00137527
39 20   0.00137527
39 21   0.00137527
39 22   0.00137527
39 23   0.00137527
39 24   0.00137527
39 25   0.00137527
39 26   0.00137527
39 27   0.00137527
39 28   0.00137527
39 29   0.00137527
39 30   0.00137527
39 31   0.00137527
39 32   0.00137527
39 33   0.00137527
39 34   0.00137527
39 35   0.00137527
39 36   0.00137527
39 37   0.00137527
39 38   0.00137527
39 39   0.00137527
39 40   0.00137527
40 1   0.00811869
40 2   0.00811869
40 3   0.00811869
40 4   0.00811869
40 5   0.00811869
40 6   0.00811869
40 7   0.00811869
40 8   0.00811869
40 9   0.00811869
40 10   0.00811869
40 11   0.00811869
40 12   0.00811869
40 13   0.00811869
40 14   0.00811869
40 15   0.00811869
40 16   0.00811869
40 17   0.00811869
40 18   0.00811869
40 19   0.00811869
40 20   0.00811869
40 21   0.00811869
40 22   0.00811869
40 23   0.00811869
40 24   0.00811869
40 25   0.00811869
40 26   0.00811869
40 27   0.00811869
40 28   0.00811869
40 29   0.00811869
40 30   0.00811869
40 31   0.00811869
40 32   0.00811869
40 33   0.00811869
40 34   0.00811869
40 35   0.00811869
40 36   0.00811869
40 37   0.00811869
40 38   0.00811869
40 39   0.00811869
40 40   0.00811869
