1 1   0.132557
1 2   0.132557
1 3   0.132557
1 4   0.132557
1 5   0.132557
1 6   0.132557
1 7   0.132557
1 8   0.132557
1 9   0.132557
1 10   0.132557
1 11   0.132557
1 12   0.132557
1 13   0.132557
1 14   0.132557
1 15   0.132557
1 16   0.132557
1 17   0.132557
1 18   0.132557
1 19   0.132557
1 20   0.132557
1 21   0.132557
1 22   0.132557
1 23   0.132557
1 24   0.132557
1 25   0.132557
1 26   0.132557
1 27   0.132557
1 28   0.132557
1 29   0.132557
1 30   0.132557
1 31   0.132557
1 32   0.132557
1 33   0.132557
1 34   0.132557
1 35   0.132557
1 36   0.132557
1 37   0.132557
1 38   0.132557
1 39   0.132557
1 40   0.132557
2 1   0.151026
2 2   0.151026
2 3   0.151026
2 4   0.151026
2 5   0.151026
2 6   0.151026
2 7   0.151026
2 8   0.151026
2 9   0.151026
2 10   0.151026
2 11   0.151026
2 12   0.151026
2 13   0.151026
2 14   0.151026
2 15   0.151026
2 16   0.151026
2 17   0.151026
2 18   0.151026
2 19   0.151026
2 20   0.151026
2 21   0.151026
2 22   0.151026
2 23   0.151026
2 24   0.151026
2 25   0.151026
2 26   0.151026
2 27   0.151026
2 28   0.151026
2 29   0.151026
2 30   0.151026
2 31   0.151026
2 32   0.151026
2 33   0.151026
2 34   0.151026
2 35   0.151026
2 36   0.151026
2 37   0.151026
2 38   0.151026
2 39   0.151026
2 40   0.151026
3 1   0.191925
3 2   0.191925
3 3   0.191925
3 4   0.191925
3 5   0.191925
3 6   0.191925
3 7   0.191925
3 8   0.191925
3 9   0.191925
3 10   0.191925
3 11   0.191925
3 12   0.191925
3 13   0.191925
3 14   0.191925
3 15   0.191925
3 16   0.191925
3 17   0.191925
3 18   0.191925
3 19   0.191925
3 20   0.191925
3 21   0.191925
3 22   0.191925
3 23   0.191925
3 24   0.191925
3 25   0.191925
3 26   0.191925
3 27   0.191925
3 28   0.191925
3 29   0.191925
3 30   0.191925
3 31   0.191925
3 32   0.191925
3 33   0.191925
3 34   0.191925
3 35   0.191925
3 36   0.191925
3 37   0.191925
3 38   0.191925
3 39   0.191925
3 40   0.191925
4 1   0.254482
4 2   0.254482
4 3   0.254482
4 4   0.254482
4 5   0.254482
4 6   0.254482
4 7   0.254482
4 8   0.254482
4 9   0.254482
4 10   0.254482
4 11   0.254482
4 12   0.254482
4 13   0.254482
4 14   0.254482
4 15   0.254482
4 16   0.254482
4 17   0.254482
4 18   0.254482
4 19   0.254482
4 20   0.254482
4 21   0.254482
4 22   0.254482
4 23   0.254482
4 24   0.254482
4 25   0.254482
4 26   0.254482
4 27   0.254482
4 28   0.254482
4 29   0.254482
4 30   0.254482
4 31   0.254482
4 32   0.254482
4 33   0.254482
4 34   0.254482
4 35   0.254482
4 36   0.254482
4 37   0.254482
4 38   0.254482
4 39   0.254482
4 40   0.254482
5 1   0.329702
5 2   0.329702
5 3   0.329702
5 4   0.329702
5 5   0.329702
5 6   0.329702
5 7   0.329702
5 8   0.329702
5 9   0.329702
5 10   0.329702
5 11   0.329702
5 12   0.329702
5 13   0.329702
5 14   0.329702
5 15   0.329702
5 16   0.329702
5 17   0.329702
5 18   0.329702
5 19   0.329702
5 20   0.329702
5 21   0.329702
5 22   0.329702
5 23   0.329702
5 24   0.329702
5 25   0.329702
5 26   0.329702
5 27   0.329702
5 28   0.329702
5 29   0.329702
5 30   0.329702
5 31   0.329702
5 32   0.329702
5 33   0.329702
5 34   0.329702
5 35   0.329702
5 36   0.329702
5 37   0.329702
5 38   0.329702
5 39   0.329702
5 40   0.329702
6 1   0.406416
6 2   0.406416
6 3   0.406416
6 4   0.406416
6 5   0.406416
6 6   0.406416
6 7   0.406416
6 8   0.406416
6 9   0.406416
6 10   0.406416
6 11   0.406416
6 12   0.406416
6 13   0.406416
6 14   0.406416
6 15   0.406416
6 16   0.406416
6 17   0.406416
6 18   0.406416
6 19   0.406416
6 20   0.406416
6 21   0.406416
6 22   0.406416
6 23   0.406416
6 24   0.406416
6 25   0.406416
6 26   0.406416
6 27   0.406416
6 28   0.406416
6 29   0.406416
6 30   0.406416
6 31   0.406416
6 32   0.406416
6 33   0.406416
6 34   0.406416
6 35   0.406416
6 36   0.406416
6 37   0.406416
6 38   0.406416
6 39   0.406416
6 40   0.406416
7 1   0.476412
7 2   0.476412
7 3   0.476412
7 4   0.476412
7 5   0.476412
7 6   0.476412
7 7   0.476412
7 8   0.476412
7 9   0.476412
7 10   0.476412
7 11   0.476412
7 12   0.476412
7 13   0.476412
7 14   0.476412
7 15   0.476412
7 16   0.476412
7 17   0.476412
7 18   0.476412
7 19   0.476412
7 20   0.476412
7 21   0.476412
7 22   0.476412
7 23   0.476412
7 24   0.476412
7 25   0.476412
7 26   0.476412
7 27   0.476412
7 28   0.476412
7 29   0.476412
7 30   0.476412
7 31   0.476412
7 32   0.476412
7 33   0.476412
7 34   0.476412
7 35   0.476412
7 36   0.476412
7 37   0.476412
7 38   0.476412
7 39   0.476412
7 40   0.476412
8 1   0.532896
8 2   0.532896
8 3   0.532896
8 4   0.532896
8 5   0.532896
8 6   0.532896
8 7   0.532896
8 8   0.532896
8 9   0.532896
8 10   0.532896
8 11   0.532896
8 12   0.532896
8 13   0.532896
8 14   0.532896
8 15   0.532896
8 16   0.532896
8 17   0.532896
8 18   0.532896
8 19   0.532896
8 20   0.532896
8 21   0.532896
8 22   0.532896
8 23   0.532896
8 24   0.532896
8 25   0.532896
8 26   0.532896
8 27   0.532896
8 28   0.532896
8 29   0.532896
8 30   0.532896
8 31   0.532896
8 32   0.532896
8 33   0.532896
8 34   0.532896
8 35   0.532896
8 36   0.532896
8 37   0.532896
8 38   0.532896
8 39   0.532896
8 40   0.532896
9 1   0.567527
9 2   0.567527
9 3   0.567527
9 4   0.567527
9 5   0.567527
9 6   0.567527
9 7   0.567527
9 8   0.567527
9 9   0.567527
9 10   0.567527
9 11   0.567527
9 12   0.567527
9 13   0.567527
9 14   0.567527
9 15   0.567527
9 16   0.567527
9 17   0.567527
9 18   0.567527
9 19   0.567527
9 20   0.567527
9 21   0.567527
9 22   0.567527
9 23   0.567527
9 24   0.567527
9 25   0.567527
9 26   0.567527
9 27   0.567527
9 28   0.567527
9 29   0.567527
9 30   0.567527
9 31   0.567527
9 32   0.567527
9 33   0.567527
9 34   0.567527
9 35   0.567527
9 36   0.567527
9 37   0.567527
9 38   0.567527
9 39   0.567527
9 40   0.567527
10 1   0.572765
10 2   0.572765
10 3   0.572765
10 4   0.572765
10 5   0.572765
10 6   0.572765
10 7   0.572765
10 8   0.572765
10 9   0.572765
10 10   0.572765
10 11   0.572765
10 12   0.572765
10 13   0.572765
10 14   0.572765
10 15   0.572765
10 16   0.572765
10 17   0.572765
10 18   0.572765
10 19   0.572765
10 20   0.572765
10 21   0.572765
10 22   0.572765
10 23   0.572765
10 24   0.572765
10 25   0.572765
10 26   0.572765
10 27   0.572765
10 28   0.572765
10 29   0.572765
10 30   0.572765
10 31   0.572765
10 32   0.572765
10 33   0.572765
10 34   0.572765
10 35   0.572765
10 36   0.572765
10 37   0.572765
10 38   0.572765
10 39   0.572765
10 40   0.572765
11 1   0.549455
11 2   0.549455
11 3   0.549455
11 4   0.549455
11 5   0.549455
11 6   0.549455
11 7   0.549455
11 8   0.549455
11 9   0.549455
11 10   0.549455
11 11   0.549455
11 12   0.549455
11 13   0.549455
11 14   0.549455
11 15   0.549455
11 16   0.549455
11 17   0.549455
11 18   0.549455
11 19   0.549455
11 20   0.549455
11 21   0.549455
11 22   0.549455
11 23   0.549455
11 24   0.549455
11 25   0.549455
11 26   0.549455
11 27   0.549455
11 28   0.549455
11 29   0.549455
11 30   0.549455
11 31   0.549455
11 32   0.549455
11 33   0.549455
11 34   0.549455
11 35   0.549455
11 36   0.549455
11 37   0.549455
11 38   0.549455
11 39   0.549455
11 40   0.549455
12 1   0.511051
12 2   0.511051
12 3   0.511051
12 4   0.511051
12 5   0.511051
12 6   0.511051
12 7   0.511051
12 8   0.511051
12 9   0.511051
12 10   0.511051
12 11   0.511051
12 12   0.511051
12 13   0.511051
12 14   0.511051
12 15   0.511051
12 16   0.511051
12 17   0.511051
12 18   0.511051
12 19   0.511051
12 20   0.511051
12 21   0.511051
12 22   0.511051
12 23   0.511051
12 24   0.511051
12 25   0.511051
12 26   0.511051
12 27   0.511051
12 28   0.511051
12 29   0.511051
12 30   0.511051
12 31   0.511051
12 32   0.511051
12 33   0.511051
12 34   0.511051
12 35   0.511051
12 36   0.511051
12 37   0.511051
12 38   0.511051
12 39   0.511051
12 40   0.511051
13 1   0.47792
13 2   0.47792
13 3   0.47792
13 4   0.47792
13 5   0.47792
13 6   0.47792
13 7   0.47792
13 8   0.47792
13 9   0.47792
13 10   0.47792
13 11   0.47792
13 12   0.47792
13 13   0.47792
13 14   0.47792
13 15   0.47792
13 16   0.47792
13 17   0.47792
13 18   0.47792
13 19   0.47792
13 20   0.47792
13 21   0.47792
13 22   0.47792
13 23   0.47792
13 24   0.47792
13 25   0.47792
13 26   0.47792
13 27   0.47792
13 28   0.47792
13 29   0.47792
13 30   0.47792
13 31   0.47792
13 32   0.47792
13 33   0.47792
13 34   0.47792
13 35   0.47792
13 36   0.47792
13 37   0.47792
13 38   0.47792
13 39   0.47792
13 40   0.47792
14 1   0.465635
14 2   0.465635
14 3   0.465635
14 4   0.465635
14 5   0.465635
14 6   0.465635
14 7   0.465635
14 8   0.465635
14 9   0.465635
14 10   0.465635
14 11   0.465635
14 12   0.465635
14 13   0.465635
14 14   0.465635
14 15   0.465635
14 16   0.465635
14 17   0.465635
14 18   0.465635
14 19   0.465635
14 20   0.465635
14 21   0.465635
14 22   0.465635
14 23   0.465635
14 24   0.465635
14 25   0.465635
14 26   0.465635
14 27   0.465635
14 28   0.465635
14 29   0.465635
14 30   0.465635
14 31   0.465635
14 32   0.465635
14 33   0.465635
14 34   0.465635
14 35   0.465635
14 36   0.465635
14 37   0.465635
14 38   0.465635
14 39   0.465635
14 40   0.465635
15 1   0.476238
15 2   0.476238
15 3   0.476238
15 4   0.476238
15 5   0.476238
15 6   0.476238
15 7   0.476238
15 8   0.476238
15 9   0.476238
15 10   0.476238
15 11   0.476238
15 12   0.476238
15 13   0.476238
15 14   0.476238
15 15   0.476238
15 16   0.476238
15 17   0.476238
15 18   0.476238
15 19   0.476238
15 20   0.476238
15 21   0.476238
15 22   0.476238
15 23   0.476238
15 24   0.476238
15 25   0.476238
15 26   0.476238
15 27   0.476238
15 28   0.476238
15 29   0.476238
15 30   0.476238
15 31   0.476238
15 32   0.476238
15 33   0.476238
15 34   0.476238
15 35   0.476238
15 36   0.476238
15 37   0.476238
15 38   0.476238
15 39   0.476238
15 40   0.476238
16 1   0.497172
16 2   0.497172
16 3   0.497172
16 4   0.497172
16 5   0.497172
16 6   0.497172
16 7   0.497172
16 8   0.497172
16 9   0.497172
16 10   0.497172
16 11   0.497172
16 12   0.497172
16 13   0.497172
16 14   0.497172
16 15   0.497172
16 16   0.497172
16 17   0.497172
16 18   0.497172
16 19   0.497172
16 20   0.497172
16 21   0.497172
16 22   0.497172
16 23   0.497172
16 24   0.497172
16 25   0.497172
16 26   0.497172
16 27   0.497172
16 28   0.497172
16 29   0.497172
16 30   0.497172
16 31   0.497172
16 32   0.497172
16 33   0.497172
16 34   0.497172
16 35   0.497172
16 36   0.497172
16 37   0.497172
16 38   0.497172
16 39   0.497172
16 40   0.497172
17 1   0.511355
17 2   0.511355
17 3   0.511355
17 4   0.511355
17 5   0.511355
17 6   0.511355
17 7   0.511355
17 8   0.511355
17 9   0.511355
17 10   0.511355
17 11   0.511355
17 12   0.511355
17 13   0.511355
17 14   0.511355
17 15   0.511355
17 16   0.511355
17 17   0.511355
17 18   0.511355
17 19   0.511355
17 20   0.511355
17 21   0.511355
17 22   0.511355
17 23   0.511355
17 24   0.511355
17 25   0.511355
17 26   0.511355
17 27   0.511355
17 28   0.511355
17 29   0.511355
17 30   0.511355
17 31   0.511355
17 32   0.511355
17 33   0.511355
17 34   0.511355
17 35   0.511355
17 36   0.511355
17 37   0.511355
17 38   0.511355
17 39   0.511355
17 40   0.511355
18 1   0.511989
18 2   0.511989
18 3   0.511989
18 4   0.511989
18 5   0.511989
18 6   0.511989
18 7   0.511989
18 8   0.511989
18 9   0.511989
18 10   0.511989
18 11   0.511989
18 12   0.511989
18 13   0.511989
18 14   0.511989
18 15   0.511989
18 16   0.511989
18 17   0.511989
18 18   0.511989
18 19   0.511989
18 20   0.511989
18 21   0.511989
18 22   0.511989
18 23   0.511989
18 24   0.511989
18 25   0.511989
18 26   0.511989
18 27   0.511989
18 28   0.511989
18 29   0.511989
18 30   0.511989
18 31   0.511989
18 32   0.511989
18 33   0.511989
18 34   0.511989
18 35   0.511989
18 36   0.511989
18 37   0.511989
18 38   0.511989
18 39   0.511989
18 40   0.511989
19 1   0.505338
19 2   0.505338
19 3   0.505338
19 4   0.505338
19 5   0.505338
19 6   0.505338
19 7   0.505338
19 8   0.505338
19 9   0.505338
19 10   0.505338
19 11   0.505338
19 12   0.505338
19 13   0.505338
19 14   0.505338
19 15   0.505338
19 16   0.505338
19 17   0.505338
19 18   0.505338
19 19   0.505338
19 20   0.505338
19 21   0.505338
19 22   0.505338
19 23   0.505338
19 24   0.505338
19 25   0.505338
19 26   0.505338
19 27   0.505338
19 28   0.505338
19 29   0.505338
19 30   0.505338
19 31   0.505338
19 32   0.505338
19 33   0.505338
19 34   0.505338
19 35   0.505338
19 36   0.505338
19 37   0.505338
19 38   0.505338
19 39   0.505338
19 40   0.505338
20 1   0.500095
20 2   0.500095
20 3   0.500095
20 4   0.500095
20 5   0.500095
20 6   0.500095
20 7   0.500095
20 8   0.500095
20 9   0.500095
20 10   0.500095
20 11   0.500095
20 12   0.500095
20 13   0.500095
20 14   0.500095
20 15   0.500095
20 16   0.500095
20 17   0.500095
20 18   0.500095
20 19   0.500095
20 20   0.500095
20 21   0.500095
20 22   0.500095
20 23   0.500095
20 24   0.500095
20 25   0.500095
20 26   0.500095
20 27   0.500095
20 28   0.500095
20 29   0.500095
20 30   0.500095
20 31   0.500095
20 32   0.500095
20 33   0.500095
20 34   0.500095
20 35   0.500095
20 36   0.500095
20 37   0.500095
20 38   0.500095
20 39   0.500095
20 40   0.500095
21 1   0.499264
21 2   0.499264
21 3   0.499264
21 4   0.499264
21 5   0.499264
21 6   0.499264
21 7   0.499264
21 8   0.499264
21 9   0.499264
21 10   0.499264
21 11   0.499264
21 12   0.499264
21 13   0.499264
21 14   0.499264
21 15   0.499264
21 16   0.499264
21 17   0.499264
21 18   0.499264
21 19   0.499264
21 20   0.499264
21 21   0.499264
21 22   0.499264
21 23   0.499264
21 24   0.499264
21 25   0.499264
21 26   0.499264
21 27   0.499264
21 28   0.499264
21 29   0.499264
21 30   0.499264
21 31   0.499264
21 32   0.499264
21 33   0.499264
21 34   0.499264
21 35   0.499264
21 36   0.499264
21 37   0.499264
21 38   0.499264
21 39   0.499264
21 40   0.499264
22 1   0.500691
22 2   0.500691
22 3   0.500691
22 4   0.500691
22 5   0.500691
22 6   0.500691
22 7   0.500691
22 8   0.500691
22 9   0.500691
22 10   0.500691
22 11   0.500691
22 12   0.500691
22 13   0.500691
22 14   0.500691
22 15   0.500691
22 16   0.500691
22 17   0.500691
22 18   0.500691
22 19   0.500691
22 20   0.500691
22 21   0.500691
22 22   0.500691
22 23   0.500691
22 24   0.500691
22 25   0.500691
22 26   0.500691
22 27   0.500691
22 28   0.500691
22 29   0.500691
22 30   0.500691
22 31   0.500691
22 32   0.500691
22 33   0.500691
22 34   0.500691
22 35   0.500691
22 36   0.500691
22 37   0.500691
22 38   0.500691
22 39   0.500691
22 40   0.500691
23 1   0.500162
23 2   0.500162
23 3   0.500162
23 4   0.500162
23 5   0.500162
23 6   0.500162
23 7   0.500162
23 8   0.500162
23 9   0.500162
23 10   0.500162
23 11   0.500162
23 12   0.500162
23 13   0.500162
23 14   0.500162
23 15   0.500162
23 16   0.500162
23 17   0.500162
23 18   0.500162
23 19   0.500162
23 20   0.500162
23 21   0.500162
23 22   0.500162
23 23   0.500162
23 24   0.500162
23 25   0.500162
23 26   0.500162
23 27   0.500162
23 28   0.500162
23 29   0.500162
23 30   0.500162
23 31   0.500162
23 32   0.500162
23 33   0.500162
23 34   0.500162
23 35   0.500162
23 36   0.500162
23 37   0.500162
23 38   0.500162
23 39   0.500162
23 40   0.500162
24 1   0.494878
24 2   0.494878
24 3   0.494878
24 4   0.494878
24 5   0.494878
24 6   0.494878
24 7   0.494878
24 8   0.494878
24 9   0.494878
24 10   0.494878
24 11   0.494878
24 12   0.494878
24 13   0.494878
24 14   0.494878
24 15   0.494878
24 16   0.494878
24 17   0.494878
24 18   0.494878
24 19   0.494878
24 20   0.494878
24 21   0.494878
24 22   0.494878
24 23   0.494878
24 24   0.494878
24 25   0.494878
24 26   0.494878
24 27   0.494878
24 28   0.494878
24 29   0.494878
24 30   0.494878
24 31   0.494878
24 32   0.494878
24 33   0.494878
24 34   0.494878
24 35   0.494878
24 36   0.494878
24 37   0.494878
24 38   0.494878
24 39   0.494878
24 40   0.494878
25 1   0.487954
25 2   0.487954
25 3   0.487954
25 4   0.487954
25 5   0.487954
25 6   0.487954
25 7   0.487954
25 8   0.487954
25 9   0.487954
25 10   0.487954
25 11   0.487954
25 12   0.487954
25 13   0.487954
25 14   0.487954
25 15   0.487954
25 16   0.487954
25 17   0.487954
25 18   0.487954
25 19   0.487954
25 20   0.487954
25 21   0.487954
25 22   0.487954
25 23   0.487954
25 24   0.487954
25 25   0.487954
25 26   0.487954
25 27   0.487954
25 28   0.487954
25 29   0.487954
25 30   0.487954
25 31   0.487954
25 32   0.487954
25 33   0.487954
25 34   0.487954
25 35   0.487954
25 36   0.487954
25 37   0.487954
25 38   0.487954
25 39   0.487954
25 40   0.487954
26 1   0.48865
26 2   0.48865
26 3   0.48865
26 4   0.48865
26 5   0.48865
26 6   0.48865
26 7   0.48865
26 8   0.48865
26 9   0.48865
26 10   0.48865
26 11   0.48865
26 12   0.48865
26 13   0.48865
26 14   0.48865
26 15   0.48865
26 16   0.48865
26 17   0.48865
26 18   0.48865
26 19   0.48865
26 20   0.48865
26 21   0.48865
26 22   0.48865
26 23   0.48865
26 24   0.48865
26 25   0.48865
26 26   0.48865
26 27   0.48865
26 28   0.48865
26 29   0.48865
26 30   0.48865
26 31   0.48865
26 32   0.48865
26 33   0.48865
26 34   0.48865
26 35   0.48865
26 36   0.48865
26 37   0.48865
26 38   0.48865
26 39   0.48865
26 40   0.48865
27 1   0.503011
27 2   0.503011
27 3   0.503011
27 4   0.503011
27 5   0.503011
27 6   0.503011
27 7   0.503011
27 8   0.503011
27 9   0.503011
27 10   0.503011
27 11   0.503011
27 12   0.503011
27 13   0.503011
27 14   0.503011
27 15   0.503011
27 16   0.503011
27 17   0.503011
27 18   0.503011
27 19   0.503011
27 20   0.503011
27 21   0.503011
27 22   0.503011
27 23   0.503011
27 24   0.503011
27 25   0.503011
27 26   0.503011
27 27   0.503011
27 28   0.503011
27 29   0.503011
27 30   0.503011
27 31   0.503011
27 32   0.503011
27 33   0.503011
27 34   0.503011
27 35   0.503011
27 36   0.503011
27 37   0.503011
27 38   0.503011
27 39   0.503011
27 40   0.503011
28 1   0.523857
28 2   0.523857
28 3   0.523857
28 4   0.523857
28 5   0.523857
28 6   0.523857
28 7   0.523857
28 8   0.523857
28 9   0.523857
28 10   0.523857
28 11   0.523857
28 12   0.523857
28 13   0.523857
28 14   0.523857
28 15   0.523857
28 16   0.523857
28 17   0.523857
28 18   0.523857
28 19   0.523857
28 20   0.523857
28 21   0.523857
28 22   0.523857
28 23   0.523857
28 24   0.523857
28 25   0.523857
28 26   0.523857
28 27   0.523857
28 28   0.523857
28 29   0.523857
28 30   0.523857
28 31   0.523857
28 32   0.523857
28 33   0.523857
28 34   0.523857
28 35   0.523857
28 36   0.523857
28 37   0.523857
28 38   0.523857
28 39   0.523857
28 40   0.523857
29 1   0.534289
29 2   0.534289
29 3   0.534289
29 4   0.534289
29 5   0.534289
29 6   0.534289
29 7   0.534289
29 8   0.534289
29 9   0.534289
29 10   0.534289
29 11   0.534289
29 12   0.534289
29 13   0.534289
29 14   0.534289
29 15   0.534289
29 16   0.534289
29 17   0.534289
29 18   0.534289
29 19   0.534289
29 20   0.534289
29 21   0.534289
29 22   0.534289
29 23   0.534289
29 24   0.534289
29 25   0.534289
29 26   0.534289
29 27   0.534289
29 28   0.534289
29 29   0.534289
29 30   0.534289
29 31   0.534289
29 32   0.534289
29 33   0.534289
29 34   0.534289
29 35   0.534289
29 36   0.534289
29 37   0.534289
29 38   0.534289
29 39   0.534289
29 40   0.534289
30 1   0.521807
30 2   0.521807
30 3   0.521807
30 4   0.521807
30 5   0.521807
30 6   0.521807
30 7   0.521807
30 8   0.521807
30 9   0.521807
30 10   0.521807
30 11   0.521807
30 12   0.521807
30 13   0.521807
30 14   0.521807
30 15   0.521807
30 16   0.521807
30 17   0.521807
30 18   0.521807
30 19   0.521807
30 20   0.521807
30 21   0.521807
30 22   0.521807
30 23   0.521807
30 24   0.521807
30 25   0.521807
30 26   0.521807
30 27   0.521807
30 28   0.521807
30 29   0.521807
30 30   0.521807
30 31   0.521807
30 32   0.521807
30 33   0.521807
30 34   0.521807
30 35   0.521807
30 36   0.521807
30 37   0.521807
30 38   0.521807
30 39   0.521807
30 40   0.521807
31 1   0.488311
31 2   0.488311
31 3   0.488311
31 4   0.488311
31 5   0.488311
31 6   0.488311
31 7   0.488311
31 8   0.488311
31 9   0.488311
31 10   0.488311
31 11   0.488311
31 12   0.488311
31 13   0.488311
31 14   0.488311
31 15   0.488311
31 16   0.488311
31 17   0.488311
31 18   0.488311
31 19   0.488311
31 20   0.488311
31 21   0.488311
31 22   0.488311
31 23   0.488311
31 24   0.488311
31 25   0.488311
31 26   0.488311
31 27   0.488311
31 28   0.488311
31 29   0.488311
31 30   0.488311
31 31   0.488311
31 32   0.488311
31 33   0.488311
31 34   0.488311
31 35   0.488311
31 36   0.488311
31 37   0.488311
31 38   0.488311
31 39   0.488311
31 40   0.488311
32 1   0.449353
32 2   0.449353
32 3   0.449353
32 4   0.449353
32 5   0.449353
32 6   0.449353
32 7   0.449353
32 8   0.449353
32 9   0.449353
32 10   0.449353
32 11   0.449353
32 12   0.449353
32 13   0.449353
32 14   0.449353
32 15   0.449353
32 16   0.449353
32 17   0.449353
32 18   0.449353
32 19   0.449353
32 20   0.449353
32 21   0.449353
32 22   0.449353
32 23   0.449353
32 24   0.449353
32 25   0.449353
32 26   0.449353
32 27   0.449353
32 28   0.449353
32 29   0.449353
32 30   0.449353
32 31   0.449353
32 32   0.449353
32 33   0.449353
32 34   0.449353
32 35   0.449353
32 36   0.449353
32 37   0.449353
32 38   0.449353
32 39   0.449353
32 40   0.449353
33 1   0.424895
33 2   0.424895
33 3   0.424895
33 4   0.424895
33 5   0.424895
33 6   0.424895
33 7   0.424895
33 8   0.424895
33 9   0.424895
33 10   0.424895
33 11   0.424895
33 12   0.424895
33 13   0.424895
33 14   0.424895
33 15   0.424895
33 16   0.424895
33 17   0.424895
33 18   0.424895
33 19   0.424895
33 20   0.424895
33 21   0.424895
33 22   0.424895
33 23   0.424895
33 24   0.424895
33 25   0.424895
33 26   0.424895
33 27   0.424895
33 28   0.424895
33 29   0.424895
33 30   0.424895
33 31   0.424895
33 32   0.424895
33 33   0.424895
33 34   0.424895
33 35   0.424895
33 36   0.424895
33 37   0.424895
33 38   0.424895
33 39   0.424895
33 40   0.424895
34 1   0.427434
34 2   0.427434
34 3   0.427434
34 4   0.427434
34 5   0.427434
34 6   0.427434
34 7   0.427434
34 8   0.427434
34 9   0.427434
34 10   0.427434
34 11   0.427434
34 12   0.427434
34 13   0.427434
34 14   0.427434
34 15   0.427434
34 16   0.427434
34 17   0.427434
34 18   0.427434
34 19   0.427434
34 20   0.427434
34 21   0.427434
34 22   0.427434
34 23   0.427434
34 24   0.427434
34 25   0.427434
34 26   0.427434
34 27   0.427434
34 28   0.427434
34 29   0.427434
34 30   0.427434
34 31   0.427434
34 32   0.427434
34 33   0.427434
34 34   0.427434
34 35   0.427434
34 36   0.427434
34 37   0.427434
34 38   0.427434
34 39   0.427434
34 40   0.427434
35 1   0.457492
35 2   0.457492
35 3   0.457492
35 4   0.457492
35 5   0.457492
35 6   0.457492
35 7   0.457492
35 8   0.457492
35 9   0.457492
35 10   0.457492
35 11   0.457492
35 12   0.457492
35 13   0.457492
35 14   0.457492
35 15   0.457492
35 16   0.457492
35 17   0.457492
35 18   0.457492
35 19   0.457492
35 20   0.457492
35 21   0.457492
35 22   0.457492
35 23   0.457492
35 24   0.457492
35 25   0.457492
35 26   0.457492
35 27   0.457492
35 28   0.457492
35 29   0.457492
35 30   0.457492
35 31   0.457492
35 32   0.457492
35 33   0.457492
35 34   0.457492
35 35   0.457492
35 36   0.457492
35 37   0.457492
35 38   0.457492
35 39   0.457492
35 40   0.457492
36 1   0.507354
36 2   0.507354
36 3   0.507354
36 4   0.507354
36 5   0.507354
36 6   0.507354
36 7   0.507354
36 8   0.507354
36 9   0.507354
36 10   0.507354
36 11   0.507354
36 12   0.507354
36 13   0.507354
36 14   0.507354
36 15   0.507354
36 16   0.507354
36 17   0.507354
36 18   0.507354
36 19   0.507354
36 20   0.507354
36 21   0.507354
36 22   0.507354
36 23   0.507354
36 24   0.507354
36 25   0.507354
36 26   0.507354
36 27   0.507354
36 28   0.507354
36 29   0.507354
36 30   0.507354
36 31   0.507354
36 32   0.507354
36 33   0.507354
36 34   0.507354
36 35   0.507354
36 36   0.507354
36 37   0.507354
36 38   0.507354
36 39   0.507354
36 40   0.507354
37 1   0.566501
37 2   0.566501
37 3   0.566501
37 4   0.566501
37 5   0.566501
37 6   0.566501
37 7   0.566501
37 8   0.566501
37 9   0.566501
37 10   0.566501
37 11   0.566501
37 12   0.566501
37 13   0.566501
37 14   0.566501
37 15   0.566501
37 16   0.566501
37 17   0.566501
37 18   0.566501
37 19   0.566501
37 20   0.566501
37 21   0.566501
37 22   0.566501
37 23   0.566501
37 24   0.566501
37 25   0.566501
37 26   0.566501
37 27   0.566501
37 28   0.566501
37 29   0.566501
37 30   0.566501
37 31   0.566501
37 32   0.566501
37 33   0.566501
37 34   0.566501
37 35   0.566501
37 36   0.566501
37 37   0.566501
37 38   0.566501
37 39   0.566501
37 40   0.566501
38 1   0.625337
38 2   0.625337
38 3   0.625337
38 4   0.625337
38 5   0.625337
38 6   0.625337
38 7   0.625337
38 8   0.625337
38 9   0.625337
38 10   0.625337
38 11   0.625337
38 12   0.625337
38 13   0.625337
38 14   0.625337
38 15   0.625337
38 16   0.625337
38 17   0.625337
38 18   0.625337
38 19   0.625337
38 20   0.625337
38 21   0.625337
38 22   0.625337
38 23   0.625337
38 24   0.625337
38 25   0.625337
38 26   0.625337
38 27   0.625337
38 28   0.625337
38 29   0.625337
38 30   0.625337
38 31   0.625337
38 32   0.625337
38 33   0.625337
38 34   0.625337
38 35   0.625337
38 36   0.625337
38 37   0.625337
38 38   0.625337
38 39   0.625337
38 40   0.625337
39 1   0.674814
39 2   0.674814
39 3   0.674814
39 4   0.674814
39 5   0.674814
39 6   0.674814
39 7   0.674814
39 8   0.674814
39 9   0.674814
39 10   0.674814
39 11   0.674814
39 12   0.674814
39 13   0.674814
39 14   0.674814
39 15   0.674814
39 16   0.674814
39 17   0.674814
39 18   0.674814
39 19   0.674814
39 20   0.674814
39 21   0.674814
39 22   0.674814
39 23   0.674814
39 24   0.674814
39 25   0.674814
39 26   0.674814
39 27   0.674814
39 28   0.674814
39 29   0.674814
39 30   0.674814
39 31   0.674814
39 32   0.674814
39 33   0.674814
39 34   0.674814
39 35   0.674814
39 36   0.674814
39 37   0.674814
39 38   0.674814
39 39   0.674814
39 40   0.674814
40 1   0.704089
40 2   0.704089
40 3   0.704089
40 4   0.704089
40 5   0.704089
40 6   0.704089
40 7   0.704089
40 8   0.704089
40 9   0.704089
40 10   0.704089
40 11   0.704089
40 12   0.704089
40 13   0.704089
40 14   0.704089
40 15   0.704089
40 16   0.704089
40 17   0.704089
40 18   0.704089
40 19   0.704089
40 20   0.704089
40 21   0.704089
40 22   0.704089
40 23   0.704089
40 24   0.704089
40 25   0.704089
40 26   0.704089
40 27   0.704089
40 28   0.704089
40 29   0.704089
40 30   0.704089
40 31   0.704089
40 32   0.704089
40 33   0.704089
40 34   0.704089
40 35   0.704089
40 36   0.704089
40 37   0.704089
40 38   0.704089
40 39   0.704089
40 40   0.704089
