1 1   0.229023
1 2   0.229023
1 3   0.229023
1 4   0.229023
1 5   0.229023
1 6   0.229023
1 7   0.229023
1 8   0.229023
1 9   0.229023
1 10   0.229023
1 11   0.229023
1 12   0.229023
1 13   0.229023
1 14   0.229023
1 15   0.229023
1 16   0.229023
1 17   0.229023
1 18   0.229023
1 19   0.229023
1 20   0.229023
1 21   0.229023
1 22   0.229023
1 23   0.229023
1 24   0.229023
1 25   0.229023
1 26   0.229023
1 27   0.229023
1 28   0.229023
1 29   0.229023
1 30   0.229023
1 31   0.229023
1 32   0.229023
1 33   0.229023
1 34   0.229023
1 35   0.229023
1 36   0.229023
1 37   0.229023
1 38   0.229023
1 39   0.229023
1 40   0.229023
2 1   0.245196
2 2   0.245196
2 3   0.245196
2 4   0.245196
2 5   0.245196
2 6   0.245196
2 7   0.245196
2 8   0.245196
2 9   0.245196
2 10   0.245196
2 11   0.245196
2 12   0.245196
2 13   0.245196
2 14   0.245196
2 15   0.245196
2 16   0.245196
2 17   0.245196
2 18   0.245196
2 19   0.245196
2 20   0.245196
2 21   0.245196
2 22   0.245196
2 23   0.245196
2 24   0.245196
2 25   0.245196
2 26   0.245196
2 27   0.245196
2 28   0.245196
2 29   0.245196
2 30   0.245196
2 31   0.245196
2 32   0.245196
2 33   0.245196
2 34   0.245196
2 35   0.245196
2 36   0.245196
2 37   0.245196
2 38   0.245196
2 39   0.245196
2 40   0.245196
3 1   0.275073
3 2   0.275073
3 3   0.275073
3 4   0.275073
3 5   0.275073
3 6   0.275073
3 7   0.275073
3 8   0.275073
3 9   0.275073
3 10   0.275073
3 11   0.275073
3 12   0.275073
3 13   0.275073
3 14   0.275073
3 15   0.275073
3 16   0.275073
3 17   0.275073
3 18   0.275073
3 19   0.275073
3 20   0.275073
3 21   0.275073
3 22   0.275073
3 23   0.275073
3 24   0.275073
3 25   0.275073
3 26   0.275073
3 27   0.275073
3 28   0.275073
3 29   0.275073
3 30   0.275073
3 31   0.275073
3 32   0.275073
3 33   0.275073
3 34   0.275073
3 35   0.275073
3 36   0.275073
3 37   0.275073
3 38   0.275073
3 39   0.275073
3 40   0.275073
4 1   0.314957
4 2   0.314957
4 3   0.314957
4 4   0.314957
4 5   0.314957
4 6   0.314957
4 7   0.314957
4 8   0.314957
4 9   0.314957
4 10   0.314957
4 11   0.314957
4 12   0.314957
4 13   0.314957
4 14   0.314957
4 15   0.314957
4 16   0.314957
4 17   0.314957
4 18   0.314957
4 19   0.314957
4 20   0.314957
4 21   0.314957
4 22   0.314957
4 23   0.314957
4 24   0.314957
4 25   0.314957
4 26   0.314957
4 27   0.314957
4 28   0.314957
4 29   0.314957
4 30   0.314957
4 31   0.314957
4 32   0.314957
4 33   0.314957
4 34   0.314957
4 35   0.314957
4 36   0.314957
4 37   0.314957
4 38   0.314957
4 39   0.314957
4 40   0.314957
5 1   0.361345
5 2   0.361345
5 3   0.361345
5 4   0.361345
5 5   0.361345
5 6   0.361345
5 7   0.361345
5 8   0.361345
5 9   0.361345
5 10   0.361345
5 11   0.361345
5 12   0.361345
5 13   0.361345
5 14   0.361345
5 15   0.361345
5 16   0.361345
5 17   0.361345
5 18   0.361345
5 19   0.361345
5 20   0.361345
5 21   0.361345
5 22   0.361345
5 23   0.361345
5 24   0.361345
5 25   0.361345
5 26   0.361345
5 27   0.361345
5 28   0.361345
5 29   0.361345
5 30   0.361345
5 31   0.361345
5 32   0.361345
5 33   0.361345
5 34   0.361345
5 35   0.361345
5 36   0.361345
5 37   0.361345
5 38   0.361345
5 39   0.361345
5 40   0.361345
6 1   0.411284
6 2   0.411284
6 3   0.411284
6 4   0.411284
6 5   0.411284
6 6   0.411284
6 7   0.411284
6 8   0.411284
6 9   0.411284
6 10   0.411284
6 11   0.411284
6 12   0.411284
6 13   0.411284
6 14   0.411284
6 15   0.411284
6 16   0.411284
6 17   0.411284
6 18   0.411284
6 19   0.411284
6 20   0.411284
6 21   0.411284
6 22   0.411284
6 23   0.411284
6 24   0.411284
6 25   0.411284
6 26   0.411284
6 27   0.411284
6 28   0.411284
6 29   0.411284
6 30   0.411284
6 31   0.411284
6 32   0.411284
6 33   0.411284
6 34   0.411284
6 35   0.411284
6 36   0.411284
6 37   0.411284
6 38   0.411284
6 39   0.411284
6 40   0.411284
7 1   0.461417
7 2   0.461417
7 3   0.461417
7 4   0.461417
7 5   0.461417
7 6   0.461417
7 7   0.461417
7 8   0.461417
7 9   0.461417
7 10   0.461417
7 11   0.461417
7 12   0.461417
7 13   0.461417
7 14   0.461417
7 15   0.461417
7 16   0.461417
7 17   0.461417
7 18   0.461417
7 19   0.461417
7 20   0.461417
7 21   0.461417
7 22   0.461417
7 23   0.461417
7 24   0.461417
7 25   0.461417
7 26   0.461417
7 27   0.461417
7 28   0.461417
7 29   0.461417
7 30   0.461417
7 31   0.461417
7 32   0.461417
7 33   0.461417
7 34   0.461417
7 35   0.461417
7 36   0.461417
7 37   0.461417
7 38   0.461417
7 39   0.461417
7 40   0.461417
8 1   0.506848
8 2   0.506848
8 3   0.506848
8 4   0.506848
8 5   0.506848
8 6   0.506848
8 7   0.506848
8 8   0.506848
8 9   0.506848
8 10   0.506848
8 11   0.506848
8 12   0.506848
8 13   0.506848
8 14   0.506848
8 15   0.506848
8 16   0.506848
8 17   0.506848
8 18   0.506848
8 19   0.506848
8 20   0.506848
8 21   0.506848
8 22   0.506848
8 23   0.506848
8 24   0.506848
8 25   0.506848
8 26   0.506848
8 27   0.506848
8 28   0.506848
8 29   0.506848
8 30   0.506848
8 31   0.506848
8 32   0.506848
8 33   0.506848
8 34   0.506848
8 35   0.506848
8 36   0.506848
8 37   0.506848
8 38   0.506848
8 39   0.506848
8 40   0.506848
9 1   0.541416
9 2   0.541416
9 3   0.541416
9 4   0.541416
9 5   0.541416
9 6   0.541416
9 7   0.541416
9 8   0.541416
9 9   0.541416
9 10   0.541416
9 11   0.541416
9 12   0.541416
9 13   0.541416
9 14   0.541416
9 15   0.541416
9 16   0.541416
9 17   0.541416
9 18   0.541416
9 19   0.541416
9 20   0.541416
9 21   0.541416
9 22   0.541416
9 23   0.541416
9 24   0.541416
9 25   0.541416
9 26   0.541416
9 27   0.541416
9 28   0.541416
9 29   0.541416
9 30   0.541416
9 31   0.541416
9 32   0.541416
9 33   0.541416
9 34   0.541416
9 35   0.541416
9 36   0.541416
9 37   0.541416
9 38   0.541416
9 39   0.541416
9 40   0.541416
10 1   0.559826
10 2   0.559826
10 3   0.559826
10 4   0.559826
10 5   0.559826
10 6   0.559826
10 7   0.559826
10 8   0.559826
10 9   0.559826
10 10   0.559826
10 11   0.559826
10 12   0.559826
10 13   0.559826
10 14   0.559826
10 15   0.559826
10 16   0.559826
10 17   0.559826
10 18   0.559826
10 19   0.559826
10 20   0.559826
10 21   0.559826
10 22   0.559826
10 23   0.559826
10 24   0.559826
10 25   0.559826
10 26   0.559826
10 27   0.559826
10 28   0.559826
10 29   0.559826
10 30   0.559826
10 31   0.559826
10 32   0.559826
10 33   0.559826
10 34   0.559826
10 35   0.559826
10 36   0.559826
10 37   0.559826
10 38   0.559826
10 39   0.559826
10 40   0.559826
11 1   0.560393
11 2   0.560393
11 3   0.560393
11 4   0.560393
11 5   0.560393
11 6   0.560393
11 7   0.560393
11 8   0.560393
11 9   0.560393
11 10   0.560393
11 11   0.560393
11 12   0.560393
11 13   0.560393
11 14   0.560393
11 15   0.560393
11 16   0.560393
11 17   0.560393
11 18   0.560393
11 19   0.560393
11 20   0.560393
11 21   0.560393
11 22   0.560393
11 23   0.560393
11 24   0.560393
11 25   0.560393
11 26   0.560393
11 27   0.560393
11 28   0.560393
11 29   0.560393
11 30   0.560393
11 31   0.560393
11 32   0.560393
11 33   0.560393
11 34   0.560393
11 35   0.560393
11 36   0.560393
11 37   0.560393
11 38   0.560393
11 39   0.560393
11 40   0.560393
12 1   0.546415
12 2   0.546415
12 3   0.546415
12 4   0.546415
12 5   0.546415
12 6   0.546415
12 7   0.546415
12 8   0.546415
12 9   0.546415
12 10   0.546415
12 11   0.546415
12 12   0.546415
12 13   0.546415
12 14   0.546415
12 15   0.546415
12 16   0.546415
12 17   0.546415
12 18   0.546415
12 19   0.546415
12 20   0.546415
12 21   0.546415
12 22   0.546415
12 23   0.546415
12 24   0.546415
12 25   0.546415
12 26   0.546415
12 27   0.546415
12 28   0.546415
12 29   0.546415
12 30   0.546415
12 31   0.546415
12 32   0.546415
12 33   0.546415
12 34   0.546415
12 35   0.546415
12 36   0.546415
12 37   0.546415
12 38   0.546415
12 39   0.546415
12 40   0.546415
13 1   0.525007
13 2   0.525007
13 3   0.525007
13 4   0.525007
13 5   0.525007
13 6   0.525007
13 7   0.525007
13 8   0.525007
13 9   0.525007
13 10   0.525007
13 11   0.525007
13 12   0.525007
13 13   0.525007
13 14   0.525007
13 15   0.525007
13 16   0.525007
13 17   0.525007
13 18   0.525007
13 19   0.525007
13 20   0.525007
13 21   0.525007
13 22   0.525007
13 23   0.525007
13 24   0.525007
13 25   0.525007
13 26   0.525007
13 27   0.525007
13 28   0.525007
13 29   0.525007
13 30   0.525007
13 31   0.525007
13 32   0.525007
13 33   0.525007
13 34   0.525007
13 35   0.525007
13 36   0.525007
13 37   0.525007
13 38   0.525007
13 39   0.525007
13 40   0.525007
14 1   0.504076
14 2   0.504076
14 3   0.504076
14 4   0.504076
14 5   0.504076
14 6   0.504076
14 7   0.504076
14 8   0.504076
14 9   0.504076
14 10   0.504076
14 11   0.504076
14 12   0.504076
14 13   0.504076
14 14   0.504076
14 15   0.504076
14 16   0.504076
14 17   0.504076
14 18   0.504076
14 19   0.504076
14 20   0.504076
14 21   0.504076
14 22   0.504076
14 23   0.504076
14 24   0.504076
14 25   0.504076
14 26   0.504076
14 27   0.504076
14 28   0.504076
14 29   0.504076
14 30   0.504076
14 31   0.504076
14 32   0.504076
14 33   0.504076
14 34   0.504076
14 35   0.504076
14 36   0.504076
14 37   0.504076
14 38   0.504076
14 39   0.504076
14 40   0.504076
15 1   0.489313
15 2   0.489313
15 3   0.489313
15 4   0.489313
15 5   0.489313
15 6   0.489313
15 7   0.489313
15 8   0.489313
15 9   0.489313
15 10   0.489313
15 11   0.489313
15 12   0.489313
15 13   0.489313
15 14   0.489313
15 15   0.489313
15 16   0.489313
15 17   0.489313
15 18   0.489313
15 19   0.489313
15 20   0.489313
15 21   0.489313
15 22   0.489313
15 23   0.489313
15 24   0.489313
15 25   0.489313
15 26   0.489313
15 27   0.489313
15 28   0.489313
15 29   0.489313
15 30   0.489313
15 31   0.489313
15 32   0.489313
15 33   0.489313
15 34   0.489313
15 35   0.489313
15 36   0.489313
15 37   0.489313
15 38   0.489313
15 39   0.489313
15 40   0.489313
16 1   0.482811
16 2   0.482811
16 3   0.482811
16 4   0.482811
16 5   0.482811
16 6   0.482811
16 7   0.482811
16 8   0.482811
16 9   0.482811
16 10   0.482811
16 11   0.482811
16 12   0.482811
16 13   0.482811
16 14   0.482811
16 15   0.482811
16 16   0.482811
16 17   0.482811
16 18   0.482811
16 19   0.482811
16 20   0.482811
16 21   0.482811
16 22   0.482811
16 23   0.482811
16 24   0.482811
16 25   0.482811
16 26   0.482811
16 27   0.482811
16 28   0.482811
16 29   0.482811
16 30   0.482811
16 31   0.482811
16 32   0.482811
16 33   0.482811
16 34   0.482811
16 35   0.482811
16 36   0.482811
16 37   0.482811
16 38   0.482811
16 39   0.482811
16 40   0.482811
17 1   0.483509
17 2   0.483509
17 3   0.483509
17 4   0.483509
17 5   0.483509
17 6   0.483509
17 7   0.483509
17 8   0.483509
17 9   0.483509
17 10   0.483509
17 11   0.483509
17 12   0.483509
17 13   0.483509
17 14   0.483509
17 15   0.483509
17 16   0.483509
17 17   0.483509
17 18   0.483509
17 19   0.483509
17 20   0.483509
17 21   0.483509
17 22   0.483509
17 23   0.483509
17 24   0.483509
17 25   0.483509
17 26   0.483509
17 27   0.483509
17 28   0.483509
17 29   0.483509
17 30   0.483509
17 31   0.483509
17 32   0.483509
17 33   0.483509
17 34   0.483509
17 35   0.483509
17 36   0.483509
17 37   0.483509
17 38   0.483509
17 39   0.483509
17 40   0.483509
18 1   0.488516
18 2   0.488516
18 3   0.488516
18 4   0.488516
18 5   0.488516
18 6   0.488516
18 7   0.488516
18 8   0.488516
18 9   0.488516
18 10   0.488516
18 11   0.488516
18 12   0.488516
18 13   0.488516
18 14   0.488516
18 15   0.488516
18 16   0.488516
18 17   0.488516
18 18   0.488516
18 19   0.488516
18 20   0.488516
18 21   0.488516
18 22   0.488516
18 23   0.488516
18 24   0.488516
18 25   0.488516
18 26   0.488516
18 27   0.488516
18 28   0.488516
18 29   0.488516
18 30   0.488516
18 31   0.488516
18 32   0.488516
18 33   0.488516
18 34   0.488516
18 35   0.488516
18 36   0.488516
18 37   0.488516
18 38   0.488516
18 39   0.488516
18 40   0.488516
19 1   0.494454
19 2   0.494454
19 3   0.494454
19 4   0.494454
19 5   0.494454
19 6   0.494454
19 7   0.494454
19 8   0.494454
19 9   0.494454
19 10   0.494454
19 11   0.494454
19 12   0.494454
19 13   0.494454
19 14   0.494454
19 15   0.494454
19 16   0.494454
19 17   0.494454
19 18   0.494454
19 19   0.494454
19 20   0.494454
19 21   0.494454
19 22   0.494454
19 23   0.494454
19 24   0.494454
19 25   0.494454
19 26   0.494454
19 27   0.494454
19 28   0.494454
19 29   0.494454
19 30   0.494454
19 31   0.494454
19 32   0.494454
19 33   0.494454
19 34   0.494454
19 35   0.494454
19 36   0.494454
19 37   0.494454
19 38   0.494454
19 39   0.494454
19 40   0.494454
20 1   0.49865
20 2   0.49865
20 3   0.49865
20 4   0.49865
20 5   0.49865
20 6   0.49865
20 7   0.49865
20 8   0.49865
20 9   0.49865
20 10   0.49865
20 11   0.49865
20 12   0.49865
20 13   0.49865
20 14   0.49865
20 15   0.49865
20 16   0.49865
20 17   0.49865
20 18   0.49865
20 19   0.49865
20 20   0.49865
20 21   0.49865
20 22   0.49865
20 23   0.49865
20 24   0.49865
20 25   0.49865
20 26   0.49865
20 27   0.49865
20 28   0.49865
20 29   0.49865
20 30   0.49865
20 31   0.49865
20 32   0.49865
20 33   0.49865
20 34   0.49865
20 35   0.49865
20 36   0.49865
20 37   0.49865
20 38   0.49865
20 39   0.49865
20 40   0.49865
21 1   0.500171
21 2   0.500171
21 3   0.500171
21 4   0.500171
21 5   0.500171
21 6   0.500171
21 7   0.500171
21 8   0.500171
21 9   0.500171
21 10   0.500171
21 11   0.500171
21 12   0.500171
21 13   0.500171
21 14   0.500171
21 15   0.500171
21 16   0.500171
21 17   0.500171
21 18   0.500171
21 19   0.500171
21 20   0.500171
21 21   0.500171
21 22   0.500171
21 23   0.500171
21 24   0.500171
21 25   0.500171
21 26   0.500171
21 27   0.500171
21 28   0.500171
21 29   0.500171
21 30   0.500171
21 31   0.500171
21 32   0.500171
21 33   0.500171
21 34   0.500171
21 35   0.500171
21 36   0.500171
21 37   0.500171
21 38   0.500171
21 39   0.500171
21 40   0.500171
22 1   0.500213
22 2   0.500213
22 3   0.500213
22 4   0.500213
22 5   0.500213
22 6   0.500213
22 7   0.500213
22 8   0.500213
22 9   0.500213
22 10   0.500213
22 11   0.500213
22 12   0.500213
22 13   0.500213
22 14   0.500213
22 15   0.500213
22 16   0.500213
22 17   0.500213
22 18   0.500213
22 19   0.500213
22 20   0.500213
22 21   0.500213
22 22   0.500213
22 23   0.500213
22 24   0.500213
22 25   0.500213
22 26   0.500213
22 27   0.500213
22 28   0.500213
22 29   0.500213
22 30   0.500213
22 31   0.500213
22 32   0.500213
22 33   0.500213
22 34   0.500213
22 35   0.500213
22 36   0.500213
22 37   0.500213
22 38   0.500213
22 39   0.500213
22 40   0.500213
23 1   0.50124
23 2   0.50124
23 3   0.50124
23 4   0.50124
23 5   0.50124
23 6   0.50124
23 7   0.50124
23 8   0.50124
23 9   0.50124
23 10   0.50124
23 11   0.50124
23 12   0.50124
23 13   0.50124
23 14   0.50124
23 15   0.50124
23 16   0.50124
23 17   0.50124
23 18   0.50124
23 19   0.50124
23 20   0.50124
23 21   0.50124
23 22   0.50124
23 23   0.50124
23 24   0.50124
23 25   0.50124
23 26   0.50124
23 27   0.50124
23 28   0.50124
23 29   0.50124
23 30   0.50124
23 31   0.50124
23 32   0.50124
23 33   0.50124
23 34   0.50124
23 35   0.50124
23 36   0.50124
23 37   0.50124
23 38   0.50124
23 39   0.50124
23 40   0.50124
24 1   0.505081
24 2   0.505081
24 3   0.505081
24 4   0.505081
24 5   0.505081
24 6   0.505081
24 7   0.505081
24 8   0.505081
24 9   0.505081
24 10   0.505081
24 11   0.505081
24 12   0.505081
24 13   0.505081
24 14   0.505081
24 15   0.505081
24 16   0.505081
24 17   0.505081
24 18   0.505081
24 19   0.505081
24 20   0.505081
24 21   0.505081
24 22   0.505081
24 23   0.505081
24 24   0.505081
24 25   0.505081
24 26   0.505081
24 27   0.505081
24 28   0.505081
24 29   0.505081
24 30   0.505081
24 31   0.505081
24 32   0.505081
24 33   0.505081
24 34   0.505081
24 35   0.505081
24 36   0.505081
24 37   0.505081
24 38   0.505081
24 39   0.505081
24 40   0.505081
25 1   0.511224
25 2   0.511224
25 3   0.511224
25 4   0.511224
25 5   0.511224
25 6   0.511224
25 7   0.511224
25 8   0.511224
25 9   0.511224
25 10   0.511224
25 11   0.511224
25 12   0.511224
25 13   0.511224
25 14   0.511224
25 15   0.511224
25 16   0.511224
25 17   0.511224
25 18   0.511224
25 19   0.511224
25 20   0.511224
25 21   0.511224
25 22   0.511224
25 23   0.511224
25 24   0.511224
25 25   0.511224
25 26   0.511224
25 27   0.511224
25 28   0.511224
25 29   0.511224
25 30   0.511224
25 31   0.511224
25 32   0.511224
25 33   0.511224
25 34   0.511224
25 35   0.511224
25 36   0.511224
25 37   0.511224
25 38   0.511224
25 39   0.511224
25 40   0.511224
26 1   0.516614
26 2   0.516614
26 3   0.516614
26 4   0.516614
26 5   0.516614
26 6   0.516614
26 7   0.516614
26 8   0.516614
26 9   0.516614
26 10   0.516614
26 11   0.516614
26 12   0.516614
26 13   0.516614
26 14   0.516614
26 15   0.516614
26 16   0.516614
26 17   0.516614
26 18   0.516614
26 19   0.516614
26 20   0.516614
26 21   0.516614
26 22   0.516614
26 23   0.516614
26 24   0.516614
26 25   0.516614
26 26   0.516614
26 27   0.516614
26 28   0.516614
26 29   0.516614
26 30   0.516614
26 31   0.516614
26 32   0.516614
26 33   0.516614
26 34   0.516614
26 35   0.516614
26 36   0.516614
26 37   0.516614
26 38   0.516614
26 39   0.516614
26 40   0.516614
27 1   0.517098
27 2   0.517098
27 3   0.517098
27 4   0.517098
27 5   0.517098
27 6   0.517098
27 7   0.517098
27 8   0.517098
27 9   0.517098
27 10   0.517098
27 11   0.517098
27 12   0.517098
27 13   0.517098
27 14   0.517098
27 15   0.517098
27 16   0.517098
27 17   0.517098
27 18   0.517098
27 19   0.517098
27 20   0.517098
27 21   0.517098
27 22   0.517098
27 23   0.517098
27 24   0.517098
27 25   0.517098
27 26   0.517098
27 27   0.517098
27 28   0.517098
27 29   0.517098
27 30   0.517098
27 31   0.517098
27 32   0.517098
27 33   0.517098
27 34   0.517098
27 35   0.517098
27 36   0.517098
27 37   0.517098
27 38   0.517098
27 39   0.517098
27 40   0.517098
28 1   0.509547
28 2   0.509547
28 3   0.509547
28 4   0.509547
28 5   0.509547
28 6   0.509547
28 7   0.509547
28 8   0.509547
28 9   0.509547
28 10   0.509547
28 11   0.509547
28 12   0.509547
28 13   0.509547
28 14   0.509547
28 15   0.509547
28 16   0.509547
28 17   0.509547
28 18   0.509547
28 19   0.509547
28 20   0.509547
28 21   0.509547
28 22   0.509547
28 23   0.509547
28 24   0.509547
28 25   0.509547
28 26   0.509547
28 27   0.509547
28 28   0.509547
28 29   0.509547
28 30   0.509547
28 31   0.509547
28 32   0.509547
28 33   0.509547
28 34   0.509547
28 35   0.509547
28 36   0.509547
28 37   0.509547
28 38   0.509547
28 39   0.509547
28 40   0.509547
29 1   0.493452
29 2   0.493452
29 3   0.493452
29 4   0.493452
29 5   0.493452
29 6   0.493452
29 7   0.493452
29 8   0.493452
29 9   0.493452
29 10   0.493452
29 11   0.493452
29 12   0.493452
29 13   0.493452
29 14   0.493452
29 15   0.493452
29 16   0.493452
29 17   0.493452
29 18   0.493452
29 19   0.493452
29 20   0.493452
29 21   0.493452
29 22   0.493452
29 23   0.493452
29 24   0.493452
29 25   0.493452
29 26   0.493452
29 27   0.493452
29 28   0.493452
29 29   0.493452
29 30   0.493452
29 31   0.493452
29 32   0.493452
29 33   0.493452
29 34   0.493452
29 35   0.493452
29 36   0.493452
29 37   0.493452
29 38   0.493452
29 39   0.493452
29 40   0.493452
30 1   0.471466
30 2   0.471466
30 3   0.471466
30 4   0.471466
30 5   0.471466
30 6   0.471466
30 7   0.471466
30 8   0.471466
30 9   0.471466
30 10   0.471466
30 11   0.471466
30 12   0.471466
30 13   0.471466
30 14   0.471466
30 15   0.471466
30 16   0.471466
30 17   0.471466
30 18   0.471466
30 19   0.471466
30 20   0.471466
30 21   0.471466
30 22   0.471466
30 23   0.471466
30 24   0.471466
30 25   0.471466
30 26   0.471466
30 27   0.471466
30 28   0.471466
30 29   0.471466
30 30   0.471466
30 31   0.471466
30 32   0.471466
30 33   0.471466
30 34   0.471466
30 35   0.471466
30 36   0.471466
30 37   0.471466
30 38   0.471466
30 39   0.471466
30 40   0.471466
31 1   0.448919
31 2   0.448919
31 3   0.448919
31 4   0.448919
31 5   0.448919
31 6   0.448919
31 7   0.448919
31 8   0.448919
31 9   0.448919
31 10   0.448919
31 11   0.448919
31 12   0.448919
31 13   0.448919
31 14   0.448919
31 15   0.448919
31 16   0.448919
31 17   0.448919
31 18   0.448919
31 19   0.448919
31 20   0.448919
31 21   0.448919
31 22   0.448919
31 23   0.448919
31 24   0.448919
31 25   0.448919
31 26   0.448919
31 27   0.448919
31 28   0.448919
31 29   0.448919
31 30   0.448919
31 31   0.448919
31 32   0.448919
31 33   0.448919
31 34   0.448919
31 35   0.448919
31 36   0.448919
31 37   0.448919
31 38   0.448919
31 39   0.448919
31 40   0.448919
32 1   0.432482
32 2   0.432482
32 3   0.432482
32 4   0.432482
32 5   0.432482
32 6   0.432482
32 7   0.432482
32 8   0.432482
32 9   0.432482
32 10   0.432482
32 11   0.432482
32 12   0.432482
32 13   0.432482
32 14   0.432482
32 15   0.432482
32 16   0.432482
32 17   0.432482
32 18   0.432482
32 19   0.432482
32 20   0.432482
32 21   0.432482
32 22   0.432482
32 23   0.432482
32 24   0.432482
32 25   0.432482
32 26   0.432482
32 27   0.432482
32 28   0.432482
32 29   0.432482
32 30   0.432482
32 31   0.432482
32 32   0.432482
32 33   0.432482
32 34   0.432482
32 35   0.432482
32 36   0.432482
32 37   0.432482
32 38   0.432482
32 39   0.432482
32 40   0.432482
33 1   0.428172
33 2   0.428172
33 3   0.428172
33 4   0.428172
33 5   0.428172
33 6   0.428172
33 7   0.428172
33 8   0.428172
33 9   0.428172
33 10   0.428172
33 11   0.428172
33 12   0.428172
33 13   0.428172
33 14   0.428172
33 15   0.428172
33 16   0.428172
33 17   0.428172
33 18   0.428172
33 19   0.428172
33 20   0.428172
33 21   0.428172
33 22   0.428172
33 23   0.428172
33 24   0.428172
33 25   0.428172
33 26   0.428172
33 27   0.428172
33 28   0.428172
33 29   0.428172
33 30   0.428172
33 31   0.428172
33 32   0.428172
33 33   0.428172
33 34   0.428172
33 35   0.428172
33 36   0.428172
33 37   0.428172
33 38   0.428172
33 39   0.428172
33 40   0.428172
34 1   0.439154
34 2   0.439154
34 3   0.439154
34 4   0.439154
34 5   0.439154
34 6   0.439154
34 7   0.439154
34 8   0.439154
34 9   0.439154
34 10   0.439154
34 11   0.439154
34 12   0.439154
34 13   0.439154
34 14   0.439154
34 15   0.439154
34 16   0.439154
34 17   0.439154
34 18   0.439154
34 19   0.439154
34 20   0.439154
34 21   0.439154
34 22   0.439154
34 23   0.439154
34 24   0.439154
34 25   0.439154
34 26   0.439154
34 27   0.439154
34 28   0.439154
34 29   0.439154
34 30   0.439154
34 31   0.439154
34 32   0.439154
34 33   0.439154
34 34   0.439154
34 35   0.439154
34 36   0.439154
34 37   0.439154
34 38   0.439154
34 39   0.439154
34 40   0.439154
35 1   0.464298
35 2   0.464298
35 3   0.464298
35 4   0.464298
35 5   0.464298
35 6   0.464298
35 7   0.464298
35 8   0.464298
35 9   0.464298
35 10   0.464298
35 11   0.464298
35 12   0.464298
35 13   0.464298
35 14   0.464298
35 15   0.464298
35 16   0.464298
35 17   0.464298
35 18   0.464298
35 19   0.464298
35 20   0.464298
35 21   0.464298
35 22   0.464298
35 23   0.464298
35 24   0.464298
35 25   0.464298
35 26   0.464298
35 27   0.464298
35 28   0.464298
35 29   0.464298
35 30   0.464298
35 31   0.464298
35 32   0.464298
35 33   0.464298
35 34   0.464298
35 35   0.464298
35 36   0.464298
35 37   0.464298
35 38   0.464298
35 39   0.464298
35 40   0.464298
36 1   0.498409
36 2   0.498409
36 3   0.498409
36 4   0.498409
36 5   0.498409
36 6   0.498409
36 7   0.498409
36 8   0.498409
36 9   0.498409
36 10   0.498409
36 11   0.498409
36 12   0.498409
36 13   0.498409
36 14   0.498409
36 15   0.498409
36 16   0.498409
36 17   0.498409
36 18   0.498409
36 19   0.498409
36 20   0.498409
36 21   0.498409
36 22   0.498409
36 23   0.498409
36 24   0.498409
36 25   0.498409
36 26   0.498409
36 27   0.498409
36 28   0.498409
36 29   0.498409
36 30   0.498409
36 31   0.498409
36 32   0.498409
36 33   0.498409
36 34   0.498409
36 35   0.498409
36 36   0.498409
36 37   0.498409
36 38   0.498409
36 39   0.498409
36 40   0.498409
37 1   0.534256
37 2   0.534256
37 3   0.534256
37 4   0.534256
37 5   0.534256
37 6   0.534256
37 7   0.534256
37 8   0.534256
37 9   0.534256
37 10   0.534256
37 11   0.534256
37 12   0.534256
37 13   0.534256
37 14   0.534256
37 15   0.534256
37 16   0.534256
37 17   0.534256
37 18   0.534256
37 19   0.534256
37 20   0.534256
37 21   0.534256
37 22   0.534256
37 23   0.534256
37 24   0.534256
37 25   0.534256
37 26   0.534256
37 27   0.534256
37 28   0.534256
37 29   0.534256
37 30   0.534256
37 31   0.534256
37 32   0.534256
37 33   0.534256
37 34   0.534256
37 35   0.534256
37 36   0.534256
37 37   0.534256
37 38   0.534256
37 39   0.534256
37 40   0.534256
38 1   0.565247
38 2   0.565247
38 3   0.565247
38 4   0.565247
38 5   0.565247
38 6   0.565247
38 7   0.565247
38 8   0.565247
38 9   0.565247
38 10   0.565247
38 11   0.565247
38 12   0.565247
38 13   0.565247
38 14   0.565247
38 15   0.565247
38 16   0.565247
38 17   0.565247
38 18   0.565247
38 19   0.565247
38 20   0.565247
38 21   0.565247
38 22   0.565247
38 23   0.565247
38 24   0.565247
38 25   0.565247
38 26   0.565247
38 27   0.565247
38 28   0.565247
38 29   0.565247
38 30   0.565247
38 31   0.565247
38 32   0.565247
38 33   0.565247
38 34   0.565247
38 35   0.565247
38 36   0.565247
38 37   0.565247
38 38   0.565247
38 39   0.565247
38 40   0.565247
39 1   0.587187
39 2   0.587187
39 3   0.587187
39 4   0.587187
39 5   0.587187
39 6   0.587187
39 7   0.587187
39 8   0.587187
39 9   0.587187
39 10   0.587187
39 11   0.587187
39 12   0.587187
39 13   0.587187
39 14   0.587187
39 15   0.587187
39 16   0.587187
39 17   0.587187
39 18   0.587187
39 19   0.587187
39 20   0.587187
39 21   0.587187
39 22   0.587187
39 23   0.587187
39 24   0.587187
39 25   0.587187
39 26   0.587187
39 27   0.587187
39 28   0.587187
39 29   0.587187
39 30   0.587187
39 31   0.587187
39 32   0.587187
39 33   0.587187
39 34   0.587187
39 35   0.587187
39 36   0.587187
39 37   0.587187
39 38   0.587187
39 39   0.587187
39 40   0.587187
40 1   0.59834
40 2   0.59834
40 3   0.59834
40 4   0.59834
40 5   0.59834
40 6   0.59834
40 7   0.59834
40 8   0.59834
40 9   0.59834
40 10   0.59834
40 11   0.59834
40 12   0.59834
40 13   0.59834
40 14   0.59834
40 15   0.59834
40 16   0.59834
40 17   0.59834
40 18   0.59834
40 19   0.59834
40 20   0.59834
40 21   0.59834
40 22   0.59834
40 23   0.59834
40 24   0.59834
40 25   0.59834
40 26   0.59834
40 27   0.59834
40 28   0.59834
40 29   0.59834
40 30   0.59834
40 31   0.59834
40 32   0.59834
40 33   0.59834
40 34   0.59834
40 35   0.59834
40 36   0.59834
40 37   0.59834
40 38   0.59834
40 39   0.59834
40 40   0.59834
