1 1   1.01386
1 2   1.01386
1 3   1.01386
1 4   1.01386
1 5   1.01386
1 6   1.01386
1 7   1.01386
1 8   1.01386
1 9   1.01386
1 10   1.01386
1 11   1.01386
1 12   1.01386
1 13   1.01386
1 14   1.01386
1 15   1.01386
1 16   1.01386
1 17   1.01386
1 18   1.01386
1 19   1.01386
1 20   1.01386
1 21   1.01386
1 22   1.01386
1 23   1.01386
1 24   1.01386
1 25   1.01386
1 26   1.01386
1 27   1.01386
1 28   1.01386
1 29   1.01386
1 30   1.01386
1 31   1.01386
1 32   1.01386
1 33   1.01386
1 34   1.01386
1 35   1.01386
1 36   1.01386
1 37   1.01386
1 38   1.01386
1 39   1.01386
1 40   1.01386
2 1   0.984264
2 2   0.984264
2 3   0.984264
2 4   0.984264
2 5   0.984264
2 6   0.984264
2 7   0.984264
2 8   0.984264
2 9   0.984264
2 10   0.984264
2 11   0.984264
2 12   0.984264
2 13   0.984264
2 14   0.984264
2 15   0.984264
2 16   0.984264
2 17   0.984264
2 18   0.984264
2 19   0.984264
2 20   0.984264
2 21   0.984264
2 22   0.984264
2 23   0.984264
2 24   0.984264
2 25   0.984264
2 26   0.984264
2 27   0.984264
2 28   0.984264
2 29   0.984264
2 30   0.984264
2 31   0.984264
2 32   0.984264
2 33   0.984264
2 34   0.984264
2 35   0.984264
2 36   0.984264
2 37   0.984264
2 38   0.984264
2 39   0.984264
2 40   0.984264
3 1   0.985665
3 2   0.985665
3 3   0.985665
3 4   0.985665
3 5   0.985665
3 6   0.985665
3 7   0.985665
3 8   0.985665
3 9   0.985665
3 10   0.985665
3 11   0.985665
3 12   0.985665
3 13   0.985665
3 14   0.985665
3 15   0.985665
3 16   0.985665
3 17   0.985665
3 18   0.985665
3 19   0.985665
3 20   0.985665
3 21   0.985665
3 22   0.985665
3 23   0.985665
3 24   0.985665
3 25   0.985665
3 26   0.985665
3 27   0.985665
3 28   0.985665
3 29   0.985665
3 30   0.985665
3 31   0.985665
3 32   0.985665
3 33   0.985665
3 34   0.985665
3 35   0.985665
3 36   0.985665
3 37   0.985665
3 38   0.985665
3 39   0.985665
3 40   0.985665
4 1   1.02042
4 2   1.02042
4 3   1.02042
4 4   1.02042
4 5   1.02042
4 6   1.02042
4 7   1.02042
4 8   1.02042
4 9   1.02042
4 10   1.02042
4 11   1.02042
4 12   1.02042
4 13   1.02042
4 14   1.02042
4 15   1.02042
4 16   1.02042
4 17   1.02042
4 18   1.02042
4 19   1.02042
4 20   1.02042
4 21   1.02042
4 22   1.02042
4 23   1.02042
4 24   1.02042
4 25   1.02042
4 26   1.02042
4 27   1.02042
4 28   1.02042
4 29   1.02042
4 30   1.02042
4 31   1.02042
4 32   1.02042
4 33   1.02042
4 34   1.02042
4 35   1.02042
4 36   1.02042
4 37   1.02042
4 38   1.02042
4 39   1.02042
4 40   1.02042
5 1   1.01321
5 2   1.01321
5 3   1.01321
5 4   1.01321
5 5   1.01321
5 6   1.01321
5 7   1.01321
5 8   1.01321
5 9   1.01321
5 10   1.01321
5 11   1.01321
5 12   1.01321
5 13   1.01321
5 14   1.01321
5 15   1.01321
5 16   1.01321
5 17   1.01321
5 18   1.01321
5 19   1.01321
5 20   1.01321
5 21   1.01321
5 22   1.01321
5 23   1.01321
5 24   1.01321
5 25   1.01321
5 26   1.01321
5 27   1.01321
5 28   1.01321
5 29   1.01321
5 30   1.01321
5 31   1.01321
5 32   1.01321
5 33   1.01321
5 34   1.01321
5 35   1.01321
5 36   1.01321
5 37   1.01321
5 38   1.01321
5 39   1.01321
5 40   1.01321
6 1   0.982603
6 2   0.982603
6 3   0.982603
6 4   0.982603
6 5   0.982603
6 6   0.982603
6 7   0.982603
6 8   0.982603
6 9   0.982603
6 10   0.982603
6 11   0.982603
6 12   0.982603
6 13   0.982603
6 14   0.982603
6 15   0.982603
6 16   0.982603
6 17   0.982603
6 18   0.982603
6 19   0.982603
6 20   0.982603
6 21   0.982603
6 22   0.982603
6 23   0.982603
6 24   0.982603
6 25   0.982603
6 26   0.982603
6 27   0.982603
6 28   0.982603
6 29   0.982603
6 30   0.982603
6 31   0.982603
6 32   0.982603
6 33   0.982603
6 34   0.982603
6 35   0.982603
6 36   0.982603
6 37   0.982603
6 38   0.982603
6 39   0.982603
6 40   0.982603
7 1   0.978953
7 2   0.978953
7 3   0.978953
7 4   0.978953
7 5   0.978953
7 6   0.978953
7 7   0.978953
7 8   0.978953
7 9   0.978953
7 10   0.978953
7 11   0.978953
7 12   0.978953
7 13   0.978953
7 14   0.978953
7 15   0.978953
7 16   0.978953
7 17   0.978953
7 18   0.978953
7 19   0.978953
7 20   0.978953
7 21   0.978953
7 22   0.978953
7 23   0.978953
7 24   0.978953
7 25   0.978953
7 26   0.978953
7 27   0.978953
7 28   0.978953
7 29   0.978953
7 30   0.978953
7 31   0.978953
7 32   0.978953
7 33   0.978953
7 34   0.978953
7 35   0.978953
7 36   0.978953
7 37   0.978953
7 38   0.978953
7 39   0.978953
7 40   0.978953
8 1   1.0108
8 2   1.0108
8 3   1.0108
8 4   1.0108
8 5   1.0108
8 6   1.0108
8 7   1.0108
8 8   1.0108
8 9   1.0108
8 10   1.0108
8 11   1.0108
8 12   1.0108
8 13   1.0108
8 14   1.0108
8 15   1.0108
8 16   1.0108
8 17   1.0108
8 18   1.0108
8 19   1.0108
8 20   1.0108
8 21   1.0108
8 22   1.0108
8 23   1.0108
8 24   1.0108
8 25   1.0108
8 26   1.0108
8 27   1.0108
8 28   1.0108
8 29   1.0108
8 30   1.0108
8 31   1.0108
8 32   1.0108
8 33   1.0108
8 34   1.0108
8 35   1.0108
8 36   1.0108
8 37   1.0108
8 38   1.0108
8 39   1.0108
8 40   1.0108
9 1   1.02768
9 2   1.02768
9 3   1.02768
9 4   1.02768
9 5   1.02768
9 6   1.02768
9 7   1.02768
9 8   1.02768
9 9   1.02768
9 10   1.02768
9 11   1.02768
9 12   1.02768
9 13   1.02768
9 14   1.02768
9 15   1.02768
9 16   1.02768
9 17   1.02768
9 18   1.02768
9 19   1.02768
9 20   1.02768
9 21   1.02768
9 22   1.02768
9 23   1.02768
9 24   1.02768
9 25   1.02768
9 26   1.02768
9 27   1.02768
9 28   1.02768
9 29   1.02768
9 30   1.02768
9 31   1.02768
9 32   1.02768
9 33   1.02768
9 34   1.02768
9 35   1.02768
9 36   1.02768
9 37   1.02768
9 38   1.02768
9 39   1.02768
9 40   1.02768
10 1   1.01188
10 2   1.01188
10 3   1.01188
10 4   1.01188
10 5   1.01188
10 6   1.01188
10 7   1.01188
10 8   1.01188
10 9   1.01188
10 10   1.01188
10 11   1.01188
10 12   1.01188
10 13   1.01188
10 14   1.01188
10 15   1.01188
10 16   1.01188
10 17   1.01188
10 18   1.01188
10 19   1.01188
10 20   1.01188
10 21   1.01188
10 22   1.01188
10 23   1.01188
10 24   1.01188
10 25   1.01188
10 26   1.01188
10 27   1.01188
10 28   1.01188
10 29   1.01188
10 30   1.01188
10 31   1.01188
10 32   1.01188
10 33   1.01188
10 34   1.01188
10 35   1.01188
10 36   1.01188
10 37   1.01188
10 38   1.01188
10 39   1.01188
10 40   1.01188
11 1   0.978044
11 2   0.978044
11 3   0.978044
11 4   0.978044
11 5   0.978044
11 6   0.978044
11 7   0.978044
11 8   0.978044
11 9   0.978044
11 10   0.978044
11 11   0.978044
11 12   0.978044
11 13   0.978044
11 14   0.978044
11 15   0.978044
11 16   0.978044
11 17   0.978044
11 18   0.978044
11 19   0.978044
11 20   0.978044
11 21   0.978044
11 22   0.978044
11 23   0.978044
11 24   0.978044
11 25   0.978044
11 26   0.978044
11 27   0.978044
11 28   0.978044
11 29   0.978044
11 30   0.978044
11 31   0.978044
11 32   0.978044
11 33   0.978044
11 34   0.978044
11 35   0.978044
11 36   0.978044
11 37   0.978044
11 38   0.978044
11 39   0.978044
11 40   0.978044
12 1   0.95011
12 2   0.95011
12 3   0.95011
12 4   0.95011
12 5   0.95011
12 6   0.95011
12 7   0.95011
12 8   0.95011
12 9   0.95011
12 10   0.95011
12 11   0.95011
12 12   0.95011
12 13   0.95011
12 14   0.95011
12 15   0.95011
12 16   0.95011
12 17   0.95011
12 18   0.95011
12 19   0.95011
12 20   0.95011
12 21   0.95011
12 22   0.95011
12 23   0.95011
12 24   0.95011
12 25   0.95011
12 26   0.95011
12 27   0.95011
12 28   0.95011
12 29   0.95011
12 30   0.95011
12 31   0.95011
12 32   0.95011
12 33   0.95011
12 34   0.95011
12 35   0.95011
12 36   0.95011
12 37   0.95011
12 38   0.95011
12 39   0.95011
12 40   0.95011
13 1   0.97987
13 2   0.97987
13 3   0.97987
13 4   0.97987
13 5   0.97987
13 6   0.97987
13 7   0.97987
13 8   0.97987
13 9   0.97987
13 10   0.97987
13 11   0.97987
13 12   0.97987
13 13   0.97987
13 14   0.97987
13 15   0.97987
13 16   0.97987
13 17   0.97987
13 18   0.97987
13 19   0.97987
13 20   0.97987
13 21   0.97987
13 22   0.97987
13 23   0.97987
13 24   0.97987
13 25   0.97987
13 26   0.97987
13 27   0.97987
13 28   0.97987
13 29   0.97987
13 30   0.97987
13 31   0.97987
13 32   0.97987
13 33   0.97987
13 34   0.97987
13 35   0.97987
13 36   0.97987
13 37   0.97987
13 38   0.97987
13 39   0.97987
13 40   0.97987
14 1   1.04379
14 2   1.04379
14 3   1.04379
14 4   1.04379
14 5   1.04379
14 6   1.04379
14 7   1.04379
14 8   1.04379
14 9   1.04379
14 10   1.04379
14 11   1.04379
14 12   1.04379
14 13   1.04379
14 14   1.04379
14 15   1.04379
14 16   1.04379
14 17   1.04379
14 18   1.04379
14 19   1.04379
14 20   1.04379
14 21   1.04379
14 22   1.04379
14 23   1.04379
14 24   1.04379
14 25   1.04379
14 26   1.04379
14 27   1.04379
14 28   1.04379
14 29   1.04379
14 30   1.04379
14 31   1.04379
14 32   1.04379
14 33   1.04379
14 34   1.04379
14 35   1.04379
14 36   1.04379
14 37   1.04379
14 38   1.04379
14 39   1.04379
14 40   1.04379
15 1   1.0744
15 2   1.0744
15 3   1.0744
15 4   1.0744
15 5   1.0744
15 6   1.0744
15 7   1.0744
15 8   1.0744
15 9   1.0744
15 10   1.0744
15 11   1.0744
15 12   1.0744
15 13   1.0744
15 14   1.0744
15 15   1.0744
15 16   1.0744
15 17   1.0744
15 18   1.0744
15 19   1.0744
15 20   1.0744
15 21   1.0744
15 22   1.0744
15 23   1.0744
15 24   1.0744
15 25   1.0744
15 26   1.0744
15 27   1.0744
15 28   1.0744
15 29   1.0744
15 30   1.0744
15 31   1.0744
15 32   1.0744
15 33   1.0744
15 34   1.0744
15 35   1.0744
15 36   1.0744
15 37   1.0744
15 38   1.0744
15 39   1.0744
15 40   1.0744
16 1   1.04543
16 2   1.04543
16 3   1.04543
16 4   1.04543
16 5   1.04543
16 6   1.04543
16 7   1.04543
16 8   1.04543
16 9   1.04543
16 10   1.04543
16 11   1.04543
16 12   1.04543
16 13   1.04543
16 14   1.04543
16 15   1.04543
16 16   1.04543
16 17   1.04543
16 18   1.04543
16 19   1.04543
16 20   1.04543
16 21   1.04543
16 22   1.04543
16 23   1.04543
16 24   1.04543
16 25   1.04543
16 26   1.04543
16 27   1.04543
16 28   1.04543
16 29   1.04543
16 30   1.04543
16 31   1.04543
16 32   1.04543
16 33   1.04543
16 34   1.04543
16 35   1.04543
16 36   1.04543
16 37   1.04543
16 38   1.04543
16 39   1.04543
16 40   1.04543
17 1   0.947055
17 2   0.947055
17 3   0.947055
17 4   0.947055
17 5   0.947055
17 6   0.947055
17 7   0.947055
17 8   0.947055
17 9   0.947055
17 10   0.947055
17 11   0.947055
17 12   0.947055
17 13   0.947055
17 14   0.947055
17 15   0.947055
17 16   0.947055
17 17   0.947055
17 18   0.947055
17 19   0.947055
17 20   0.947055
17 21   0.947055
17 22   0.947055
17 23   0.947055
17 24   0.947055
17 25   0.947055
17 26   0.947055
17 27   0.947055
17 28   0.947055
17 29   0.947055
17 30   0.947055
17 31   0.947055
17 32   0.947055
17 33   0.947055
17 34   0.947055
17 35   0.947055
17 36   0.947055
17 37   0.947055
17 38   0.947055
17 39   0.947055
17 40   0.947055
18 1   0.785095
18 2   0.785095
18 3   0.785095
18 4   0.785095
18 5   0.785095
18 6   0.785095
18 7   0.785095
18 8   0.785095
18 9   0.785095
18 10   0.785095
18 11   0.785095
18 12   0.785095
18 13   0.785095
18 14   0.785095
18 15   0.785095
18 16   0.785095
18 17   0.785095
18 18   0.785095
18 19   0.785095
18 20   0.785095
18 21   0.785095
18 22   0.785095
18 23   0.785095
18 24   0.785095
18 25   0.785095
18 26   0.785095
18 27   0.785095
18 28   0.785095
18 29   0.785095
18 30   0.785095
18 31   0.785095
18 32   0.785095
18 33   0.785095
18 34   0.785095
18 35   0.785095
18 36   0.785095
18 37   0.785095
18 38   0.785095
18 39   0.785095
18 40   0.785095
19 1   0.599289
19 2   0.599289
19 3   0.599289
19 4   0.599289
19 5   0.599289
19 6   0.599289
19 7   0.599289
19 8   0.599289
19 9   0.599289
19 10   0.599289
19 11   0.599289
19 12   0.599289
19 13   0.599289
19 14   0.599289
19 15   0.599289
19 16   0.599289
19 17   0.599289
19 18   0.599289
19 19   0.599289
19 20   0.599289
19 21   0.599289
19 22   0.599289
19 23   0.599289
19 24   0.599289
19 25   0.599289
19 26   0.599289
19 27   0.599289
19 28   0.599289
19 29   0.599289
19 30   0.599289
19 31   0.599289
19 32   0.599289
19 33   0.599289
19 34   0.599289
19 35   0.599289
19 36   0.599289
19 37   0.599289
19 38   0.599289
19 39   0.599289
19 40   0.599289
20 1   0.401481
20 2   0.401481
20 3   0.401481
20 4   0.401481
20 5   0.401481
20 6   0.401481
20 7   0.401481
20 8   0.401481
20 9   0.401481
20 10   0.401481
20 11   0.401481
20 12   0.401481
20 13   0.401481
20 14   0.401481
20 15   0.401481
20 16   0.401481
20 17   0.401481
20 18   0.401481
20 19   0.401481
20 20   0.401481
20 21   0.401481
20 22   0.401481
20 23   0.401481
20 24   0.401481
20 25   0.401481
20 26   0.401481
20 27   0.401481
20 28   0.401481
20 29   0.401481
20 30   0.401481
20 31   0.401481
20 32   0.401481
20 33   0.401481
20 34   0.401481
20 35   0.401481
20 36   0.401481
20 37   0.401481
20 38   0.401481
20 39   0.401481
20 40   0.401481
21 1   0.213035
21 2   0.213035
21 3   0.213035
21 4   0.213035
21 5   0.213035
21 6   0.213035
21 7   0.213035
21 8   0.213035
21 9   0.213035
21 10   0.213035
21 11   0.213035
21 12   0.213035
21 13   0.213035
21 14   0.213035
21 15   0.213035
21 16   0.213035
21 17   0.213035
21 18   0.213035
21 19   0.213035
21 20   0.213035
21 21   0.213035
21 22   0.213035
21 23   0.213035
21 24   0.213035
21 25   0.213035
21 26   0.213035
21 27   0.213035
21 28   0.213035
21 29   0.213035
21 30   0.213035
21 31   0.213035
21 32   0.213035
21 33   0.213035
21 34   0.213035
21 35   0.213035
21 36   0.213035
21 37   0.213035
21 38   0.213035
21 39   0.213035
21 40   0.213035
22 1   0.0556647
22 2   0.0556647
22 3   0.0556647
22 4   0.0556647
22 5   0.0556647
22 6   0.0556647
22 7   0.0556647
22 8   0.0556647
22 9   0.0556647
22 10   0.0556647
22 11   0.0556647
22 12   0.0556647
22 13   0.0556647
22 14   0.0556647
22 15   0.0556647
22 16   0.0556647
22 17   0.0556647
22 18   0.0556647
22 19   0.0556647
22 20   0.0556647
22 21   0.0556647
22 22   0.0556647
22 23   0.0556647
22 24   0.0556647
22 25   0.0556647
22 26   0.0556647
22 27   0.0556647
22 28   0.0556647
22 29   0.0556647
22 30   0.0556647
22 31   0.0556647
22 32   0.0556647
22 33   0.0556647
22 34   0.0556647
22 35   0.0556647
22 36   0.0556647
22 37   0.0556647
22 38   0.0556647
22 39   0.0556647
22 40   0.0556647
23 1   -0.0467421
23 2   -0.0467421
23 3   -0.0467421
23 4   -0.0467421
23 5   -0.0467421
23 6   -0.0467421
23 7   -0.0467421
23 8   -0.0467421
23 9   -0.0467421
23 10   -0.0467421
23 11   -0.0467421
23 12   -0.0467421
23 13   -0.0467421
23 14   -0.0467421
23 15   -0.0467421
23 16   -0.0467421
23 17   -0.0467421
23 18   -0.0467421
23 19   -0.0467421
23 20   -0.0467421
23 21   -0.0467421
23 22   -0.0467421
23 23   -0.0467421
23 24   -0.0467421
23 25   -0.0467421
23 26   -0.0467421
23 27   -0.0467421
23 28   -0.0467421
23 29   -0.0467421
23 30   -0.0467421
23 31   -0.0467421
23 32   -0.0467421
23 33   -0.0467421
23 34   -0.0467421
23 35   -0.0467421
23 36   -0.0467421
23 37   -0.0467421
23 38   -0.0467421
23 39   -0.0467421
23 40   -0.0467421
24 1   -0.0761846
24 2   -0.0761846
24 3   -0.0761846
24 4   -0.0761846
24 5   -0.0761846
24 6   -0.0761846
24 7   -0.0761846
24 8   -0.0761846
24 9   -0.0761846
24 10   -0.0761846
24 11   -0.0761846
24 12   -0.0761846
24 13   -0.0761846
24 14   -0.0761846
24 15   -0.0761846
24 16   -0.0761846
24 17   -0.0761846
24 18   -0.0761846
24 19   -0.0761846
24 20   -0.0761846
24 21   -0.0761846
24 22   -0.0761846
24 23   -0.0761846
24 24   -0.0761846
24 25   -0.0761846
24 26   -0.0761846
24 27   -0.0761846
24 28   -0.0761846
24 29   -0.0761846
24 30   -0.0761846
24 31   -0.0761846
24 32   -0.0761846
24 33   -0.0761846
24 34   -0.0761846
24 35   -0.0761846
24 36   -0.0761846
24 37   -0.0761846
24 38   -0.0761846
24 39   -0.0761846
24 40   -0.0761846
25 1   -0.0386809
25 2   -0.0386809
25 3   -0.0386809
25 4   -0.0386809
25 5   -0.0386809
25 6   -0.0386809
25 7   -0.0386809
25 8   -0.0386809
25 9   -0.0386809
25 10   -0.0386809
25 11   -0.0386809
25 12   -0.0386809
25 13   -0.0386809
25 14   -0.0386809
25 15   -0.0386809
25 16   -0.0386809
25 17   -0.0386809
25 18   -0.0386809
25 19   -0.0386809
25 20   -0.0386809
25 21   -0.0386809
25 22   -0.0386809
25 23   -0.0386809
25 24   -0.0386809
25 25   -0.0386809
25 26   -0.0386809
25 27   -0.0386809
25 28   -0.0386809
25 29   -0.0386809
25 30   -0.0386809
25 31   -0.0386809
25 32   -0.0386809
25 33   -0.0386809
25 34   -0.0386809
25 35   -0.0386809
25 36   -0.0386809
25 37   -0.0386809
25 38   -0.0386809
25 39   -0.0386809
25 40   -0.0386809
26 1   0.0158436
26 2   0.0158436
26 3   0.0158436
26 4   0.0158436
26 5   0.0158436
26 6   0.0158436
26 7   0.0158436
26 8   0.0158436
26 9   0.0158436
26 10   0.0158436
26 11   0.0158436
26 12   0.0158436
26 13   0.0158436
26 14   0.0158436
26 15   0.0158436
26 16   0.0158436
26 17   0.0158436
26 18   0.0158436
26 19   0.0158436
26 20   0.0158436
26 21   0.0158436
26 22   0.0158436
26 23   0.0158436
26 24   0.0158436
26 25   0.0158436
26 26   0.0158436
26 27   0.0158436
26 28   0.0158436
26 29   0.0158436
26 30   0.0158436
26 31   0.0158436
26 32   0.0158436
26 33   0.0158436
26 34   0.0158436
26 35   0.0158436
26 36   0.0158436
26 37   0.0158436
26 38   0.0158436
26 39   0.0158436
26 40   0.0158436
27 1   0.0490059
27 2   0.0490059
27 3   0.0490059
27 4   0.0490059
27 5   0.0490059
27 6   0.0490059
27 7   0.0490059
27 8   0.0490059
27 9   0.0490059
27 10   0.0490059
27 11   0.0490059
27 12   0.0490059
27 13   0.0490059
27 14   0.0490059
27 15   0.0490059
27 16   0.0490059
27 17   0.0490059
27 18   0.0490059
27 19   0.0490059
27 20   0.0490059
27 21   0.0490059
27 22   0.0490059
27 23   0.0490059
27 24   0.0490059
27 25   0.0490059
27 26   0.0490059
27 27   0.0490059
27 28   0.0490059
27 29   0.0490059
27 30   0.0490059
27 31   0.0490059
27 32   0.0490059
27 33   0.0490059
27 34   0.0490059
27 35   0.0490059
27 36   0.0490059
27 37   0.0490059
27 38   0.0490059
27 39   0.0490059
27 40   0.0490059
28 1   0.0289329
28 2   0.0289329
28 3   0.0289329
28 4   0.0289329
28 5   0.0289329
28 6   0.0289329
28 7   0.0289329
28 8   0.0289329
28 9   0.0289329
28 10   0.0289329
28 11   0.0289329
28 12   0.0289329
28 13   0.0289329
28 14   0.0289329
28 15   0.0289329
28 16   0.0289329
28 17   0.0289329
28 18   0.0289329
28 19   0.0289329
28 20   0.0289329
28 21   0.0289329
28 22   0.0289329
28 23   0.0289329
28 24   0.0289329
28 25   0.0289329
28 26   0.0289329
28 27   0.0289329
28 28   0.0289329
28 29   0.0289329
28 30   0.0289329
28 31   0.0289329
28 32   0.0289329
28 33   0.0289329
28 34   0.0289329
28 35   0.0289329
28 36   0.0289329
28 37   0.0289329
28 38   0.0289329
28 39   0.0289329
28 40   0.0289329
29 1   -0.0186993
29 2   -0.0186993
29 3   -0.0186993
29 4   -0.0186993
29 5   -0.0186993
29 6   -0.0186993
29 7   -0.0186993
29 8   -0.0186993
29 9   -0.0186993
29 10   -0.0186993
29 11   -0.0186993
29 12   -0.0186993
29 13   -0.0186993
29 14   -0.0186993
29 15   -0.0186993
29 16   -0.0186993
29 17   -0.0186993
29 18   -0.0186993
29 19   -0.0186993
29 20   -0.0186993
29 21   -0.0186993
29 22   -0.0186993
29 23   -0.0186993
29 24   -0.0186993
29 25   -0.0186993
29 26   -0.0186993
29 27   -0.0186993
29 28   -0.0186993
29 29   -0.0186993
29 30   -0.0186993
29 31   -0.0186993
29 32   -0.0186993
29 33   -0.0186993
29 34   -0.0186993
29 35   -0.0186993
29 36   -0.0186993
29 37   -0.0186993
29 38   -0.0186993
29 39   -0.0186993
29 40   -0.0186993
30 1   -0.0275939
30 2   -0.0275939
30 3   -0.0275939
30 4   -0.0275939
30 5   -0.0275939
30 6   -0.0275939
30 7   -0.0275939
30 8   -0.0275939
30 9   -0.0275939
30 10   -0.0275939
30 11   -0.0275939
30 12   -0.0275939
30 13   -0.0275939
30 14   -0.0275939
30 15   -0.0275939
30 16   -0.0275939
30 17   -0.0275939
30 18   -0.0275939
30 19   -0.0275939
30 20   -0.0275939
30 21   -0.0275939
30 22   -0.0275939
30 23   -0.0275939
30 24   -0.0275939
30 25   -0.0275939
30 26   -0.0275939
30 27   -0.0275939
30 28   -0.0275939
30 29   -0.0275939
30 30   -0.0275939
30 31   -0.0275939
30 32   -0.0275939
30 33   -0.0275939
30 34   -0.0275939
30 35   -0.0275939
30 36   -0.0275939
30 37   -0.0275939
30 38   -0.0275939
30 39   -0.0275939
30 40   -0.0275939
31 1   -0.00397874
31 2   -0.00397874
31 3   -0.00397874
31 4   -0.00397874
31 5   -0.00397874
31 6   -0.00397874
31 7   -0.00397874
31 8   -0.00397874
31 9   -0.00397874
31 10   -0.00397874
31 11   -0.00397874
31 12   -0.00397874
31 13   -0.00397874
31 14   -0.00397874
31 15   -0.00397874
31 16   -0.00397874
31 17   -0.00397874
31 18   -0.00397874
31 19   -0.00397874
31 20   -0.00397874
31 21   -0.00397874
31 22   -0.00397874
31 23   -0.00397874
31 24   -0.00397874
31 25   -0.00397874
31 26   -0.00397874
31 27   -0.00397874
31 28   -0.00397874
31 29   -0.00397874
31 30   -0.00397874
31 31   -0.00397874
31 32   -0.00397874
31 33   -0.00397874
31 34   -0.00397874
31 35   -0.00397874
31 36   -0.00397874
31 37   -0.00397874
31 38   -0.00397874
31 39   -0.00397874
31 40   -0.00397874
32 1   0.0158861
32 2   0.0158861
32 3   0.0158861
32 4   0.0158861
32 5   0.0158861
32 6   0.0158861
32 7   0.0158861
32 8   0.0158861
32 9   0.0158861
32 10   0.0158861
32 11   0.0158861
32 12   0.0158861
32 13   0.0158861
32 14   0.0158861
32 15   0.0158861
32 16   0.0158861
32 17   0.0158861
32 18   0.0158861
32 19   0.0158861
32 20   0.0158861
32 21   0.0158861
32 22   0.0158861
32 23   0.0158861
32 24   0.0158861
32 25   0.0158861
32 26   0.0158861
32 27   0.0158861
32 28   0.0158861
32 29   0.0158861
32 30   0.0158861
32 31   0.0158861
32 32   0.0158861
32 33   0.0158861
32 34   0.0158861
32 35   0.0158861
32 36   0.0158861
32 37   0.0158861
32 38   0.0158861
32 39   0.0158861
32 40   0.0158861
33 1   0.0154196
33 2   0.0154196
33 3   0.0154196
33 4   0.0154196
33 5   0.0154196
33 6   0.0154196
33 7   0.0154196
33 8   0.0154196
33 9   0.0154196
33 10   0.0154196
33 11   0.0154196
33 12   0.0154196
33 13   0.0154196
33 14   0.0154196
33 15   0.0154196
33 16   0.0154196
33 17   0.0154196
33 18   0.0154196
33 19   0.0154196
33 20   0.0154196
33 21   0.0154196
33 22   0.0154196
33 23   0.0154196
33 24   0.0154196
33 25   0.0154196
33 26   0.0154196
33 27   0.0154196
33 28   0.0154196
33 29   0.0154196
33 30   0.0154196
33 31   0.0154196
33 32   0.0154196
33 33   0.0154196
33 34   0.0154196
33 35   0.0154196
33 36   0.0154196
33 37   0.0154196
33 38   0.0154196
33 39   0.0154196
33 40   0.0154196
34 1   -0.0087126
34 2   -0.0087126
34 3   -0.0087126
34 4   -0.0087126
34 5   -0.0087126
34 6   -0.0087126
34 7   -0.0087126
34 8   -0.0087126
34 9   -0.0087126
34 10   -0.0087126
34 11   -0.0087126
34 12   -0.0087126
34 13   -0.0087126
34 14   -0.0087126
34 15   -0.0087126
34 16   -0.0087126
34 17   -0.0087126
34 18   -0.0087126
34 19   -0.0087126
34 20   -0.0087126
34 21   -0.0087126
34 22   -0.0087126
34 23   -0.0087126
34 24   -0.0087126
34 25   -0.0087126
34 26   -0.0087126
34 27   -0.0087126
34 28   -0.0087126
34 29   -0.0087126
34 30   -0.0087126
34 31   -0.0087126
34 32   -0.0087126
34 33   -0.0087126
34 34   -0.0087126
34 35   -0.0087126
34 36   -0.0087126
34 37   -0.0087126
34 38   -0.0087126
34 39   -0.0087126
34 40   -0.0087126
35 1   -0.0183454
35 2   -0.0183454
35 3   -0.0183454
35 4   -0.0183454
35 5   -0.0183454
35 6   -0.0183454
35 7   -0.0183454
35 8   -0.0183454
35 9   -0.0183454
35 10   -0.0183454
35 11   -0.0183454
35 12   -0.0183454
35 13   -0.0183454
35 14   -0.0183454
35 15   -0.0183454
35 16   -0.0183454
35 17   -0.0183454
35 18   -0.0183454
35 19   -0.0183454
35 20   -0.0183454
35 21   -0.0183454
35 22   -0.0183454
35 23   -0.0183454
35 24   -0.0183454
35 25   -0.0183454
35 26   -0.0183454
35 27   -0.0183454
35 28   -0.0183454
35 29   -0.0183454
35 30   -0.0183454
35 31   -0.0183454
35 32   -0.0183454
35 33   -0.0183454
35 34   -0.0183454
35 35   -0.0183454
35 36   -0.0183454
35 37   -0.0183454
35 38   -0.0183454
35 39   -0.0183454
35 40   -0.0183454
36 1   0.00825432
36 2   0.00825432
36 3   0.00825432
36 4   0.00825432
36 5   0.00825432
36 6   0.00825432
36 7   0.00825432
36 8   0.00825432
36 9   0.00825432
36 10   0.00825432
36 11   0.00825432
36 12   0.00825432
36 13   0.00825432
36 14   0.00825432
36 15   0.00825432
36 16   0.00825432
36 17   0.00825432
36 18   0.00825432
36 19   0.00825432
36 20   0.00825432
36 21   0.00825432
36 22   0.00825432
36 23   0.00825432
36 24   0.00825432
36 25   0.00825432
36 26   0.00825432
36 27   0.00825432
36 28   0.00825432
36 29   0.00825432
36 30   0.00825432
36 31   0.00825432
36 32   0.00825432
36 33   0.00825432
36 34   0.00825432
36 35   0.00825432
36 36   0.00825432
36 37   0.00825432
36 38   0.00825432
36 39   0.00825432
36 40   0.00825432
37 1   0.0156509
37 2   0.0156509
37 3   0.0156509
37 4   0.0156509
37 5   0.0156509
37 6   0.0156509
37 7   0.0156509
37 8   0.0156509
37 9   0.0156509
37 10   0.0156509
37 11   0.0156509
37 12   0.0156509
37 13   0.0156509
37 14   0.0156509
37 15   0.0156509
37 16   0.0156509
37 17   0.0156509
37 18   0.0156509
37 19   0.0156509
37 20   0.0156509
37 21   0.0156509
37 22   0.0156509
37 23   0.0156509
37 24   0.0156509
37 25   0.0156509
37 26   0.0156509
37 27   0.0156509
37 28   0.0156509
37 29   0.0156509
37 30   0.0156509
37 31   0.0156509
37 32   0.0156509
37 33   0.0156509
37 34   0.0156509
37 35   0.0156509
37 36   0.0156509
37 37   0.0156509
37 38   0.0156509
37 39   0.0156509
37 40   0.0156509
38 1   -0.00703892
38 2   -0.00703892
38 3   -0.00703892
38 4   -0.00703892
38 5   -0.00703892
38 6   -0.00703892
38 7   -0.00703892
38 8   -0.00703892
38 9   -0.00703892
38 10   -0.00703892
38 11   -0.00703892
38 12   -0.00703892
38 13   -0.00703892
38 14   -0.00703892
38 15   -0.00703892
38 16   -0.00703892
38 17   -0.00703892
38 18   -0.00703892
38 19   -0.00703892
38 20   -0.00703892
38 21   -0.00703892
38 22   -0.00703892
38 23   -0.00703892
38 24   -0.00703892
38 25   -0.00703892
38 26   -0.00703892
38 27   -0.00703892
38 28   -0.00703892
38 29   -0.00703892
38 30   -0.00703892
38 31   -0.00703892
38 32   -0.00703892
38 33   -0.00703892
38 34   -0.00703892
38 35   -0.00703892
38 36   -0.00703892
38 37   -0.00703892
38 38   -0.00703892
38 39   -0.00703892
38 40   -0.00703892
39 1   -0.0153881
39 2   -0.0153881
39 3   -0.0153881
39 4   -0.0153881
39 5   -0.0153881
39 6   -0.0153881
39 7   -0.0153881
39 8   -0.0153881
39 9   -0.0153881
39 10   -0.0153881
39 11   -0.0153881
39 12   -0.0153881
39 13   -0.0153881
39 14   -0.0153881
39 15   -0.0153881
39 16   -0.0153881
39 17   -0.0153881
39 18   -0.0153881
39 19   -0.0153881
39 20   -0.0153881
39 21   -0.0153881
39 22   -0.0153881
39 23   -0.0153881
39 24   -0.0153881
39 25   -0.0153881
39 26   -0.0153881
39 27   -0.0153881
39 28   -0.0153881
39 29   -0.0153881
39 30   -0.0153881
39 31   -0.0153881
39 32   -0.0153881
39 33   -0.0153881
39 34   -0.0153881
39 35   -0.0153881
39 36   -0.0153881
39 37   -0.0153881
39 38   -0.0153881
39 39   -0.0153881
39 40   -0.0153881
40 1   0.0118678
40 2   0.0118678
40 3   0.0118678
40 4   0.0118678
40 5   0.0118678
40 6   0.0118678
40 7   0.0118678
40 8   0.0118678
40 9   0.0118678
40 10   0.0118678
40 11   0.0118678
40 12   0.0118678
40 13   0.0118678
40 14   0.0118678
40 15   0.0118678
40 16   0.0118678
40 17   0.0118678
40 18   0.0118678
40 19   0.0118678
40 20   0.0118678
40 21   0.0118678
40 22   0.0118678
40 23   0.0118678
40 24   0.0118678
40 25   0.0118678
40 26   0.0118678
40 27   0.0118678
40 28   0.0118678
40 29   0.0118678
40 30   0.0118678
40 31   0.0118678
40 32   0.0118678
40 33   0.0118678
40 34   0.0118678
40 35   0.0118678
40 36   0.0118678
40 37   0.0118678
40 38   0.0118678
40 39   0.0118678
40 40   0.0118678
