1 1   0.00527745
1 2   0.00527745
1 3   0.00527745
1 4   0.00527745
1 5   0.00527745
1 6   0.00527745
1 7   0.00527745
1 8   0.00527745
1 9   0.00527745
1 10   0.00527745
1 11   0.00527745
1 12   0.00527745
1 13   0.00527745
1 14   0.00527745
1 15   0.00527745
1 16   0.00527745
1 17   0.00527745
1 18   0.00527745
1 19   0.00527745
1 20   0.00527745
1 21   0.00527745
1 22   0.00527745
1 23   0.00527745
1 24   0.00527745
1 25   0.00527745
1 26   0.00527745
1 27   0.00527745
1 28   0.00527745
1 29   0.00527745
1 30   0.00527745
1 31   0.00527745
1 32   0.00527745
1 33   0.00527745
1 34   0.00527745
1 35   0.00527745
1 36   0.00527745
1 37   0.00527745
1 38   0.00527745
1 39   0.00527745
1 40   0.00527745
2 1   -0.00452909
2 2   -0.00452909
2 3   -0.00452909
2 4   -0.00452909
2 5   -0.00452909
2 6   -0.00452909
2 7   -0.00452909
2 8   -0.00452909
2 9   -0.00452909
2 10   -0.00452909
2 11   -0.00452909
2 12   -0.00452909
2 13   -0.00452909
2 14   -0.00452909
2 15   -0.00452909
2 16   -0.00452909
2 17   -0.00452909
2 18   -0.00452909
2 19   -0.00452909
2 20   -0.00452909
2 21   -0.00452909
2 22   -0.00452909
2 23   -0.00452909
2 24   -0.00452909
2 25   -0.00452909
2 26   -0.00452909
2 27   -0.00452909
2 28   -0.00452909
2 29   -0.00452909
2 30   -0.00452909
2 31   -0.00452909
2 32   -0.00452909
2 33   -0.00452909
2 34   -0.00452909
2 35   -0.00452909
2 36   -0.00452909
2 37   -0.00452909
2 38   -0.00452909
2 39   -0.00452909
2 40   -0.00452909
3 1   -0.0209653
3 2   -0.0209653
3 3   -0.0209653
3 4   -0.0209653
3 5   -0.0209653
3 6   -0.0209653
3 7   -0.0209653
3 8   -0.0209653
3 9   -0.0209653
3 10   -0.0209653
3 11   -0.0209653
3 12   -0.0209653
3 13   -0.0209653
3 14   -0.0209653
3 15   -0.0209653
3 16   -0.0209653
3 17   -0.0209653
3 18   -0.0209653
3 19   -0.0209653
3 20   -0.0209653
3 21   -0.0209653
3 22   -0.0209653
3 23   -0.0209653
3 24   -0.0209653
3 25   -0.0209653
3 26   -0.0209653
3 27   -0.0209653
3 28   -0.0209653
3 29   -0.0209653
3 30   -0.0209653
3 31   -0.0209653
3 32   -0.0209653
3 33   -0.0209653
3 34   -0.0209653
3 35   -0.0209653
3 36   -0.0209653
3 37   -0.0209653
3 38   -0.0209653
3 39   -0.0209653
3 40   -0.0209653
4 1   -0.0380744
4 2   -0.0380744
4 3   -0.0380744
4 4   -0.0380744
4 5   -0.0380744
4 6   -0.0380744
4 7   -0.0380744
4 8   -0.0380744
4 9   -0.0380744
4 10   -0.0380744
4 11   -0.0380744
4 12   -0.0380744
4 13   -0.0380744
4 14   -0.0380744
4 15   -0.0380744
4 16   -0.0380744
4 17   -0.0380744
4 18   -0.0380744
4 19   -0.0380744
4 20   -0.0380744
4 21   -0.0380744
4 22   -0.0380744
4 23   -0.0380744
4 24   -0.0380744
4 25   -0.0380744
4 26   -0.0380744
4 27   -0.0380744
4 28   -0.0380744
4 29   -0.0380744
4 30   -0.0380744
4 31   -0.0380744
4 32   -0.0380744
4 33   -0.0380744
4 34   -0.0380744
4 35   -0.0380744
4 36   -0.0380744
4 37   -0.0380744
4 38   -0.0380744
4 39   -0.0380744
4 40   -0.0380744
5 1   -0.0482725
5 2   -0.0482725
5 3   -0.0482725
5 4   -0.0482725
5 5   -0.0482725
5 6   -0.0482725
5 7   -0.0482725
5 8   -0.0482725
5 9   -0.0482725
5 10   -0.0482725
5 11   -0.0482725
5 12   -0.0482725
5 13   -0.0482725
5 14   -0.0482725
5 15   -0.0482725
5 16   -0.0482725
5 17   -0.0482725
5 18   -0.0482725
5 19   -0.0482725
5 20   -0.0482725
5 21   -0.0482725
5 22   -0.0482725
5 23   -0.0482725
5 24   -0.0482725
5 25   -0.0482725
5 26   -0.0482725
5 27   -0.0482725
5 28   -0.0482725
5 29   -0.0482725
5 30   -0.0482725
5 31   -0.0482725
5 32   -0.0482725
5 33   -0.0482725
5 34   -0.0482725
5 35   -0.0482725
5 36   -0.0482725
5 37   -0.0482725
5 38   -0.0482725
5 39   -0.0482725
5 40   -0.0482725
6 1   -0.0444139
6 2   -0.0444139
6 3   -0.0444139
6 4   -0.0444139
6 5   -0.0444139
6 6   -0.0444139
6 7   -0.0444139
6 8   -0.0444139
6 9   -0.0444139
6 10   -0.0444139
6 11   -0.0444139
6 12   -0.0444139
6 13   -0.0444139
6 14   -0.0444139
6 15   -0.0444139
6 16   -0.0444139
6 17   -0.0444139
6 18   -0.0444139
6 19   -0.0444139
6 20   -0.0444139
6 21   -0.0444139
6 22   -0.0444139
6 23   -0.0444139
6 24   -0.0444139
6 25   -0.0444139
6 26   -0.0444139
6 27   -0.0444139
6 28   -0.0444139
6 29   -0.0444139
6 30   -0.0444139
6 31   -0.0444139
6 32   -0.0444139
6 33   -0.0444139
6 34   -0.0444139
6 35   -0.0444139
6 36   -0.0444139
6 37   -0.0444139
6 38   -0.0444139
6 39   -0.0444139
6 40   -0.0444139
7 1   -0.0221921
7 2   -0.0221921
7 3   -0.0221921
7 4   -0.0221921
7 5   -0.0221921
7 6   -0.0221921
7 7   -0.0221921
7 8   -0.0221921
7 9   -0.0221921
7 10   -0.0221921
7 11   -0.0221921
7 12   -0.0221921
7 13   -0.0221921
7 14   -0.0221921
7 15   -0.0221921
7 16   -0.0221921
7 17   -0.0221921
7 18   -0.0221921
7 19   -0.0221921
7 20   -0.0221921
7 21   -0.0221921
7 22   -0.0221921
7 23   -0.0221921
7 24   -0.0221921
7 25   -0.0221921
7 26   -0.0221921
7 27   -0.0221921
7 28   -0.0221921
7 29   -0.0221921
7 30   -0.0221921
7 31   -0.0221921
7 32   -0.0221921
7 33   -0.0221921
7 34   -0.0221921
7 35   -0.0221921
7 36   -0.0221921
7 37   -0.0221921
7 38   -0.0221921
7 39   -0.0221921
7 40   -0.0221921
8 1   0.0182772
8 2   0.0182772
8 3   0.0182772
8 4   0.0182772
8 5   0.0182772
8 6   0.0182772
8 7   0.0182772
8 8   0.0182772
8 9   0.0182772
8 10   0.0182772
8 11   0.0182772
8 12   0.0182772
8 13   0.0182772
8 14   0.0182772
8 15   0.0182772
8 16   0.0182772
8 17   0.0182772
8 18   0.0182772
8 19   0.0182772
8 20   0.0182772
8 21   0.0182772
8 22   0.0182772
8 23   0.0182772
8 24   0.0182772
8 25   0.0182772
8 26   0.0182772
8 27   0.0182772
8 28   0.0182772
8 29   0.0182772
8 30   0.0182772
8 31   0.0182772
8 32   0.0182772
8 33   0.0182772
8 34   0.0182772
8 35   0.0182772
8 36   0.0182772
8 37   0.0182772
8 38   0.0182772
8 39   0.0182772
8 40   0.0182772
9 1   0.0726247
9 2   0.0726247
9 3   0.0726247
9 4   0.0726247
9 5   0.0726247
9 6   0.0726247
9 7   0.0726247
9 8   0.0726247
9 9   0.0726247
9 10   0.0726247
9 11   0.0726247
9 12   0.0726247
9 13   0.0726247
9 14   0.0726247
9 15   0.0726247
9 16   0.0726247
9 17   0.0726247
9 18   0.0726247
9 19   0.0726247
9 20   0.0726247
9 21   0.0726247
9 22   0.0726247
9 23   0.0726247
9 24   0.0726247
9 25   0.0726247
9 26   0.0726247
9 27   0.0726247
9 28   0.0726247
9 29   0.0726247
9 30   0.0726247
9 31   0.0726247
9 32   0.0726247
9 33   0.0726247
9 34   0.0726247
9 35   0.0726247
9 36   0.0726247
9 37   0.0726247
9 38   0.0726247
9 39   0.0726247
9 40   0.0726247
10 1   0.134074
10 2   0.134074
10 3   0.134074
10 4   0.134074
10 5   0.134074
10 6   0.134074
10 7   0.134074
10 8   0.134074
10 9   0.134074
10 10   0.134074
10 11   0.134074
10 12   0.134074
10 13   0.134074
10 14   0.134074
10 15   0.134074
10 16   0.134074
10 17   0.134074
10 18   0.134074
10 19   0.134074
10 20   0.134074
10 21   0.134074
10 22   0.134074
10 23   0.134074
10 24   0.134074
10 25   0.134074
10 26   0.134074
10 27   0.134074
10 28   0.134074
10 29   0.134074
10 30   0.134074
10 31   0.134074
10 32   0.134074
10 33   0.134074
10 34   0.134074
10 35   0.134074
10 36   0.134074
10 37   0.134074
10 38   0.134074
10 39   0.134074
10 40   0.134074
11 1   0.195904
11 2   0.195904
11 3   0.195904
11 4   0.195904
11 5   0.195904
11 6   0.195904
11 7   0.195904
11 8   0.195904
11 9   0.195904
11 10   0.195904
11 11   0.195904
11 12   0.195904
11 13   0.195904
11 14   0.195904
11 15   0.195904
11 16   0.195904
11 17   0.195904
11 18   0.195904
11 19   0.195904
11 20   0.195904
11 21   0.195904
11 22   0.195904
11 23   0.195904
11 24   0.195904
11 25   0.195904
11 26   0.195904
11 27   0.195904
11 28   0.195904
11 29   0.195904
11 30   0.195904
11 31   0.195904
11 32   0.195904
11 33   0.195904
11 34   0.195904
11 35   0.195904
11 36   0.195904
11 37   0.195904
11 38   0.195904
11 39   0.195904
11 40   0.195904
12 1   0.253233
12 2   0.253233
12 3   0.253233
12 4   0.253233
12 5   0.253233
12 6   0.253233
12 7   0.253233
12 8   0.253233
12 9   0.253233
12 10   0.253233
12 11   0.253233
12 12   0.253233
12 13   0.253233
12 14   0.253233
12 15   0.253233
12 16   0.253233
12 17   0.253233
12 18   0.253233
12 19   0.253233
12 20   0.253233
12 21   0.253233
12 22   0.253233
12 23   0.253233
12 24   0.253233
12 25   0.253233
12 26   0.253233
12 27   0.253233
12 28   0.253233
12 29   0.253233
12 30   0.253233
12 31   0.253233
12 32   0.253233
12 33   0.253233
12 34   0.253233
12 35   0.253233
12 36   0.253233
12 37   0.253233
12 38   0.253233
12 39   0.253233
12 40   0.253233
13 1   0.303521
13 2   0.303521
13 3   0.303521
13 4   0.303521
13 5   0.303521
13 6   0.303521
13 7   0.303521
13 8   0.303521
13 9   0.303521
13 10   0.303521
13 11   0.303521
13 12   0.303521
13 13   0.303521
13 14   0.303521
13 15   0.303521
13 16   0.303521
13 17   0.303521
13 18   0.303521
13 19   0.303521
13 20   0.303521
13 21   0.303521
13 22   0.303521
13 23   0.303521
13 24   0.303521
13 25   0.303521
13 26   0.303521
13 27   0.303521
13 28   0.303521
13 29   0.303521
13 30   0.303521
13 31   0.303521
13 32   0.303521
13 33   0.303521
13 34   0.303521
13 35   0.303521
13 36   0.303521
13 37   0.303521
13 38   0.303521
13 39   0.303521
13 40   0.303521
14 1   0.346075
14 2   0.346075
14 3   0.346075
14 4   0.346075
14 5   0.346075
14 6   0.346075
14 7   0.346075
14 8   0.346075
14 9   0.346075
14 10   0.346075
14 11   0.346075
14 12   0.346075
14 13   0.346075
14 14   0.346075
14 15   0.346075
14 16   0.346075
14 17   0.346075
14 18   0.346075
14 19   0.346075
14 20   0.346075
14 21   0.346075
14 22   0.346075
14 23   0.346075
14 24   0.346075
14 25   0.346075
14 26   0.346075
14 27   0.346075
14 28   0.346075
14 29   0.346075
14 30   0.346075
14 31   0.346075
14 32   0.346075
14 33   0.346075
14 34   0.346075
14 35   0.346075
14 36   0.346075
14 37   0.346075
14 38   0.346075
14 39   0.346075
14 40   0.346075
15 1   0.381308
15 2   0.381308
15 3   0.381308
15 4   0.381308
15 5   0.381308
15 6   0.381308
15 7   0.381308
15 8   0.381308
15 9   0.381308
15 10   0.381308
15 11   0.381308
15 12   0.381308
15 13   0.381308
15 14   0.381308
15 15   0.381308
15 16   0.381308
15 17   0.381308
15 18   0.381308
15 19   0.381308
15 20   0.381308
15 21   0.381308
15 22   0.381308
15 23   0.381308
15 24   0.381308
15 25   0.381308
15 26   0.381308
15 27   0.381308
15 28   0.381308
15 29   0.381308
15 30   0.381308
15 31   0.381308
15 32   0.381308
15 33   0.381308
15 34   0.381308
15 35   0.381308
15 36   0.381308
15 37   0.381308
15 38   0.381308
15 39   0.381308
15 40   0.381308
16 1   0.410232
16 2   0.410232
16 3   0.410232
16 4   0.410232
16 5   0.410232
16 6   0.410232
16 7   0.410232
16 8   0.410232
16 9   0.410232
16 10   0.410232
16 11   0.410232
16 12   0.410232
16 13   0.410232
16 14   0.410232
16 15   0.410232
16 16   0.410232
16 17   0.410232
16 18   0.410232
16 19   0.410232
16 20   0.410232
16 21   0.410232
16 22   0.410232
16 23   0.410232
16 24   0.410232
16 25   0.410232
16 26   0.410232
16 27   0.410232
16 28   0.410232
16 29   0.410232
16 30   0.410232
16 31   0.410232
16 32   0.410232
16 33   0.410232
16 34   0.410232
16 35   0.410232
16 36   0.410232
16 37   0.410232
16 38   0.410232
16 39   0.410232
16 40   0.410232
17 1   0.434148
17 2   0.434148
17 3   0.434148
17 4   0.434148
17 5   0.434148
17 6   0.434148
17 7   0.434148
17 8   0.434148
17 9   0.434148
17 10   0.434148
17 11   0.434148
17 12   0.434148
17 13   0.434148
17 14   0.434148
17 15   0.434148
17 16   0.434148
17 17   0.434148
17 18   0.434148
17 19   0.434148
17 20   0.434148
17 21   0.434148
17 22   0.434148
17 23   0.434148
17 24   0.434148
17 25   0.434148
17 26   0.434148
17 27   0.434148
17 28   0.434148
17 29   0.434148
17 30   0.434148
17 31   0.434148
17 32   0.434148
17 33   0.434148
17 34   0.434148
17 35   0.434148
17 36   0.434148
17 37   0.434148
17 38   0.434148
17 39   0.434148
17 40   0.434148
18 1   0.454287
18 2   0.454287
18 3   0.454287
18 4   0.454287
18 5   0.454287
18 6   0.454287
18 7   0.454287
18 8   0.454287
18 9   0.454287
18 10   0.454287
18 11   0.454287
18 12   0.454287
18 13   0.454287
18 14   0.454287
18 15   0.454287
18 16   0.454287
18 17   0.454287
18 18   0.454287
18 19   0.454287
18 20   0.454287
18 21   0.454287
18 22   0.454287
18 23   0.454287
18 24   0.454287
18 25   0.454287
18 26   0.454287
18 27   0.454287
18 28   0.454287
18 29   0.454287
18 30   0.454287
18 31   0.454287
18 32   0.454287
18 33   0.454287
18 34   0.454287
18 35   0.454287
18 36   0.454287
18 37   0.454287
18 38   0.454287
18 39   0.454287
18 40   0.454287
19 1   0.471456
19 2   0.471456
19 3   0.471456
19 4   0.471456
19 5   0.471456
19 6   0.471456
19 7   0.471456
19 8   0.471456
19 9   0.471456
19 10   0.471456
19 11   0.471456
19 12   0.471456
19 13   0.471456
19 14   0.471456
19 15   0.471456
19 16   0.471456
19 17   0.471456
19 18   0.471456
19 19   0.471456
19 20   0.471456
19 21   0.471456
19 22   0.471456
19 23   0.471456
19 24   0.471456
19 25   0.471456
19 26   0.471456
19 27   0.471456
19 28   0.471456
19 29   0.471456
19 30   0.471456
19 31   0.471456
19 32   0.471456
19 33   0.471456
19 34   0.471456
19 35   0.471456
19 36   0.471456
19 37   0.471456
19 38   0.471456
19 39   0.471456
19 40   0.471456
20 1   0.485994
20 2   0.485994
20 3   0.485994
20 4   0.485994
20 5   0.485994
20 6   0.485994
20 7   0.485994
20 8   0.485994
20 9   0.485994
20 10   0.485994
20 11   0.485994
20 12   0.485994
20 13   0.485994
20 14   0.485994
20 15   0.485994
20 16   0.485994
20 17   0.485994
20 18   0.485994
20 19   0.485994
20 20   0.485994
20 21   0.485994
20 22   0.485994
20 23   0.485994
20 24   0.485994
20 25   0.485994
20 26   0.485994
20 27   0.485994
20 28   0.485994
20 29   0.485994
20 30   0.485994
20 31   0.485994
20 32   0.485994
20 33   0.485994
20 34   0.485994
20 35   0.485994
20 36   0.485994
20 37   0.485994
20 38   0.485994
20 39   0.485994
20 40   0.485994
21 1   0.498129
21 2   0.498129
21 3   0.498129
21 4   0.498129
21 5   0.498129
21 6   0.498129
21 7   0.498129
21 8   0.498129
21 9   0.498129
21 10   0.498129
21 11   0.498129
21 12   0.498129
21 13   0.498129
21 14   0.498129
21 15   0.498129
21 16   0.498129
21 17   0.498129
21 18   0.498129
21 19   0.498129
21 20   0.498129
21 21   0.498129
21 22   0.498129
21 23   0.498129
21 24   0.498129
21 25   0.498129
21 26   0.498129
21 27   0.498129
21 28   0.498129
21 29   0.498129
21 30   0.498129
21 31   0.498129
21 32   0.498129
21 33   0.498129
21 34   0.498129
21 35   0.498129
21 36   0.498129
21 37   0.498129
21 38   0.498129
21 39   0.498129
21 40   0.498129
22 1   0.508414
22 2   0.508414
22 3   0.508414
22 4   0.508414
22 5   0.508414
22 6   0.508414
22 7   0.508414
22 8   0.508414
22 9   0.508414
22 10   0.508414
22 11   0.508414
22 12   0.508414
22 13   0.508414
22 14   0.508414
22 15   0.508414
22 16   0.508414
22 17   0.508414
22 18   0.508414
22 19   0.508414
22 20   0.508414
22 21   0.508414
22 22   0.508414
22 23   0.508414
22 24   0.508414
22 25   0.508414
22 26   0.508414
22 27   0.508414
22 28   0.508414
22 29   0.508414
22 30   0.508414
22 31   0.508414
22 32   0.508414
22 33   0.508414
22 34   0.508414
22 35   0.508414
22 36   0.508414
22 37   0.508414
22 38   0.508414
22 39   0.508414
22 40   0.508414
23 1   0.517875
23 2   0.517875
23 3   0.517875
23 4   0.517875
23 5   0.517875
23 6   0.517875
23 7   0.517875
23 8   0.517875
23 9   0.517875
23 10   0.517875
23 11   0.517875
23 12   0.517875
23 13   0.517875
23 14   0.517875
23 15   0.517875
23 16   0.517875
23 17   0.517875
23 18   0.517875
23 19   0.517875
23 20   0.517875
23 21   0.517875
23 22   0.517875
23 23   0.517875
23 24   0.517875
23 25   0.517875
23 26   0.517875
23 27   0.517875
23 28   0.517875
23 29   0.517875
23 30   0.517875
23 31   0.517875
23 32   0.517875
23 33   0.517875
23 34   0.517875
23 35   0.517875
23 36   0.517875
23 37   0.517875
23 38   0.517875
23 39   0.517875
23 40   0.517875
24 1   0.527926
24 2   0.527926
24 3   0.527926
24 4   0.527926
24 5   0.527926
24 6   0.527926
24 7   0.527926
24 8   0.527926
24 9   0.527926
24 10   0.527926
24 11   0.527926
24 12   0.527926
24 13   0.527926
24 14   0.527926
24 15   0.527926
24 16   0.527926
24 17   0.527926
24 18   0.527926
24 19   0.527926
24 20   0.527926
24 21   0.527926
24 22   0.527926
24 23   0.527926
24 24   0.527926
24 25   0.527926
24 26   0.527926
24 27   0.527926
24 28   0.527926
24 29   0.527926
24 30   0.527926
24 31   0.527926
24 32   0.527926
24 33   0.527926
24 34   0.527926
24 35   0.527926
24 36   0.527926
24 37   0.527926
24 38   0.527926
24 39   0.527926
24 40   0.527926
25 1   0.540353
25 2   0.540353
25 3   0.540353
25 4   0.540353
25 5   0.540353
25 6   0.540353
25 7   0.540353
25 8   0.540353
25 9   0.540353
25 10   0.540353
25 11   0.540353
25 12   0.540353
25 13   0.540353
25 14   0.540353
25 15   0.540353
25 16   0.540353
25 17   0.540353
25 18   0.540353
25 19   0.540353
25 20   0.540353
25 21   0.540353
25 22   0.540353
25 23   0.540353
25 24   0.540353
25 25   0.540353
25 26   0.540353
25 27   0.540353
25 28   0.540353
25 29   0.540353
25 30   0.540353
25 31   0.540353
25 32   0.540353
25 33   0.540353
25 34   0.540353
25 35   0.540353
25 36   0.540353
25 37   0.540353
25 38   0.540353
25 39   0.540353
25 40   0.540353
26 1   0.557402
26 2   0.557402
26 3   0.557402
26 4   0.557402
26 5   0.557402
26 6   0.557402
26 7   0.557402
26 8   0.557402
26 9   0.557402
26 10   0.557402
26 11   0.557402
26 12   0.557402
26 13   0.557402
26 14   0.557402
26 15   0.557402
26 16   0.557402
26 17   0.557402
26 18   0.557402
26 19   0.557402
26 20   0.557402
26 21   0.557402
26 22   0.557402
26 23   0.557402
26 24   0.557402
26 25   0.557402
26 26   0.557402
26 27   0.557402
26 28   0.557402
26 29   0.557402
26 30   0.557402
26 31   0.557402
26 32   0.557402
26 33   0.557402
26 34   0.557402
26 35   0.557402
26 36   0.557402
26 37   0.557402
26 38   0.557402
26 39   0.557402
26 40   0.557402
27 1   0.581596
27 2   0.581596
27 3   0.581596
27 4   0.581596
27 5   0.581596
27 6   0.581596
27 7   0.581596
27 8   0.581596
27 9   0.581596
27 10   0.581596
27 11   0.581596
27 12   0.581596
27 13   0.581596
27 14   0.581596
27 15   0.581596
27 16   0.581596
27 17   0.581596
27 18   0.581596
27 19   0.581596
27 20   0.581596
27 21   0.581596
27 22   0.581596
27 23   0.581596
27 24   0.581596
27 25   0.581596
27 26   0.581596
27 27   0.581596
27 28   0.581596
27 29   0.581596
27 30   0.581596
27 31   0.581596
27 32   0.581596
27 33   0.581596
27 34   0.581596
27 35   0.581596
27 36   0.581596
27 37   0.581596
27 38   0.581596
27 39   0.581596
27 40   0.581596
28 1   0.61495
28 2   0.61495
28 3   0.61495
28 4   0.61495
28 5   0.61495
28 6   0.61495
28 7   0.61495
28 8   0.61495
28 9   0.61495
28 10   0.61495
28 11   0.61495
28 12   0.61495
28 13   0.61495
28 14   0.61495
28 15   0.61495
28 16   0.61495
28 17   0.61495
28 18   0.61495
28 19   0.61495
28 20   0.61495
28 21   0.61495
28 22   0.61495
28 23   0.61495
28 24   0.61495
28 25   0.61495
28 26   0.61495
28 27   0.61495
28 28   0.61495
28 29   0.61495
28 30   0.61495
28 31   0.61495
28 32   0.61495
28 33   0.61495
28 34   0.61495
28 35   0.61495
28 36   0.61495
28 37   0.61495
28 38   0.61495
28 39   0.61495
28 40   0.61495
29 1   0.657898
29 2   0.657898
29 3   0.657898
29 4   0.657898
29 5   0.657898
29 6   0.657898
29 7   0.657898
29 8   0.657898
29 9   0.657898
29 10   0.657898
29 11   0.657898
29 12   0.657898
29 13   0.657898
29 14   0.657898
29 15   0.657898
29 16   0.657898
29 17   0.657898
29 18   0.657898
29 19   0.657898
29 20   0.657898
29 21   0.657898
29 22   0.657898
29 23   0.657898
29 24   0.657898
29 25   0.657898
29 26   0.657898
29 27   0.657898
29 28   0.657898
29 29   0.657898
29 30   0.657898
29 31   0.657898
29 32   0.657898
29 33   0.657898
29 34   0.657898
29 35   0.657898
29 36   0.657898
29 37   0.657898
29 38   0.657898
29 39   0.657898
29 40   0.657898
30 1   0.708649
30 2   0.708649
30 3   0.708649
30 4   0.708649
30 5   0.708649
30 6   0.708649
30 7   0.708649
30 8   0.708649
30 9   0.708649
30 10   0.708649
30 11   0.708649
30 12   0.708649
30 13   0.708649
30 14   0.708649
30 15   0.708649
30 16   0.708649
30 17   0.708649
30 18   0.708649
30 19   0.708649
30 20   0.708649
30 21   0.708649
30 22   0.708649
30 23   0.708649
30 24   0.708649
30 25   0.708649
30 26   0.708649
30 27   0.708649
30 28   0.708649
30 29   0.708649
30 30   0.708649
30 31   0.708649
30 32   0.708649
30 33   0.708649
30 34   0.708649
30 35   0.708649
30 36   0.708649
30 37   0.708649
30 38   0.708649
30 39   0.708649
30 40   0.708649
31 1   0.763536
31 2   0.763536
31 3   0.763536
31 4   0.763536
31 5   0.763536
31 6   0.763536
31 7   0.763536
31 8   0.763536
31 9   0.763536
31 10   0.763536
31 11   0.763536
31 12   0.763536
31 13   0.763536
31 14   0.763536
31 15   0.763536
31 16   0.763536
31 17   0.763536
31 18   0.763536
31 19   0.763536
31 20   0.763536
31 21   0.763536
31 22   0.763536
31 23   0.763536
31 24   0.763536
31 25   0.763536
31 26   0.763536
31 27   0.763536
31 28   0.763536
31 29   0.763536
31 30   0.763536
31 31   0.763536
31 32   0.763536
31 33   0.763536
31 34   0.763536
31 35   0.763536
31 36   0.763536
31 37   0.763536
31 38   0.763536
31 39   0.763536
31 40   0.763536
32 1   0.818224
32 2   0.818224
32 3   0.818224
32 4   0.818224
32 5   0.818224
32 6   0.818224
32 7   0.818224
32 8   0.818224
32 9   0.818224
32 10   0.818224
32 11   0.818224
32 12   0.818224
32 13   0.818224
32 14   0.818224
32 15   0.818224
32 16   0.818224
32 17   0.818224
32 18   0.818224
32 19   0.818224
32 20   0.818224
32 21   0.818224
32 22   0.818224
32 23   0.818224
32 24   0.818224
32 25   0.818224
32 26   0.818224
32 27   0.818224
32 28   0.818224
32 29   0.818224
32 30   0.818224
32 31   0.818224
32 32   0.818224
32 33   0.818224
32 34   0.818224
32 35   0.818224
32 36   0.818224
32 37   0.818224
32 38   0.818224
32 39   0.818224
32 40   0.818224
33 1   0.869158
33 2   0.869158
33 3   0.869158
33 4   0.869158
33 5   0.869158
33 6   0.869158
33 7   0.869158
33 8   0.869158
33 9   0.869158
33 10   0.869158
33 11   0.869158
33 12   0.869158
33 13   0.869158
33 14   0.869158
33 15   0.869158
33 16   0.869158
33 17   0.869158
33 18   0.869158
33 19   0.869158
33 20   0.869158
33 21   0.869158
33 22   0.869158
33 23   0.869158
33 24   0.869158
33 25   0.869158
33 26   0.869158
33 27   0.869158
33 28   0.869158
33 29   0.869158
33 30   0.869158
33 31   0.869158
33 32   0.869158
33 33   0.869158
33 34   0.869158
33 35   0.869158
33 36   0.869158
33 37   0.869158
33 38   0.869158
33 39   0.869158
33 40   0.869158
34 1   0.914478
34 2   0.914478
34 3   0.914478
34 4   0.914478
34 5   0.914478
34 6   0.914478
34 7   0.914478
34 8   0.914478
34 9   0.914478
34 10   0.914478
34 11   0.914478
34 12   0.914478
34 13   0.914478
34 14   0.914478
34 15   0.914478
34 16   0.914478
34 17   0.914478
34 18   0.914478
34 19   0.914478
34 20   0.914478
34 21   0.914478
34 22   0.914478
34 23   0.914478
34 24   0.914478
34 25   0.914478
34 26   0.914478
34 27   0.914478
34 28   0.914478
34 29   0.914478
34 30   0.914478
34 31   0.914478
34 32   0.914478
34 33   0.914478
34 34   0.914478
34 35   0.914478
34 36   0.914478
34 37   0.914478
34 38   0.914478
34 39   0.914478
34 40   0.914478
35 1   0.954014
35 2   0.954014
35 3   0.954014
35 4   0.954014
35 5   0.954014
35 6   0.954014
35 7   0.954014
35 8   0.954014
35 9   0.954014
35 10   0.954014
35 11   0.954014
35 12   0.954014
35 13   0.954014
35 14   0.954014
35 15   0.954014
35 16   0.954014
35 17   0.954014
35 18   0.954014
35 19   0.954014
35 20   0.954014
35 21   0.954014
35 22   0.954014
35 23   0.954014
35 24   0.954014
35 25   0.954014
35 26   0.954014
35 27   0.954014
35 28   0.954014
35 29   0.954014
35 30   0.954014
35 31   0.954014
35 32   0.954014
35 33   0.954014
35 34   0.954014
35 35   0.954014
35 36   0.954014
35 37   0.954014
35 38   0.954014
35 39   0.954014
35 40   0.954014
36 1   0.988464
36 2   0.988464
36 3   0.988464
36 4   0.988464
36 5   0.988464
36 6   0.988464
36 7   0.988464
36 8   0.988464
36 9   0.988464
36 10   0.988464
36 11   0.988464
36 12   0.988464
36 13   0.988464
36 14   0.988464
36 15   0.988464
36 16   0.988464
36 17   0.988464
36 18   0.988464
36 19   0.988464
36 20   0.988464
36 21   0.988464
36 22   0.988464
36 23   0.988464
36 24   0.988464
36 25   0.988464
36 26   0.988464
36 27   0.988464
36 28   0.988464
36 29   0.988464
36 30   0.988464
36 31   0.988464
36 32   0.988464
36 33   0.988464
36 34   0.988464
36 35   0.988464
36 36   0.988464
36 37   0.988464
36 38   0.988464
36 39   0.988464
36 40   0.988464
37 1   1.01829
37 2   1.01829
37 3   1.01829
37 4   1.01829
37 5   1.01829
37 6   1.01829
37 7   1.01829
37 8   1.01829
37 9   1.01829
37 10   1.01829
37 11   1.01829
37 12   1.01829
37 13   1.01829
37 14   1.01829
37 15   1.01829
37 16   1.01829
37 17   1.01829
37 18   1.01829
37 19   1.01829
37 20   1.01829
37 21   1.01829
37 22   1.01829
37 23   1.01829
37 24   1.01829
37 25   1.01829
37 26   1.01829
37 27   1.01829
37 28   1.01829
37 29   1.01829
37 30   1.01829
37 31   1.01829
37 32   1.01829
37 33   1.01829
37 34   1.01829
37 35   1.01829
37 36   1.01829
37 37   1.01829
37 38   1.01829
37 39   1.01829
37 40   1.01829
38 1   1.04299
38 2   1.04299
38 3   1.04299
38 4   1.04299
38 5   1.04299
38 6   1.04299
38 7   1.04299
38 8   1.04299
38 9   1.04299
38 10   1.04299
38 11   1.04299
38 12   1.04299
38 13   1.04299
38 14   1.04299
38 15   1.04299
38 16   1.04299
38 17   1.04299
38 18   1.04299
38 19   1.04299
38 20   1.04299
38 21   1.04299
38 22   1.04299
38 23   1.04299
38 24   1.04299
38 25   1.04299
38 26   1.04299
38 27   1.04299
38 28   1.04299
38 29   1.04299
38 30   1.04299
38 31   1.04299
38 32   1.04299
38 33   1.04299
38 34   1.04299
38 35   1.04299
38 36   1.04299
38 37   1.04299
38 38   1.04299
38 39   1.04299
38 40   1.04299
39 1   1.06107
39 2   1.06107
39 3   1.06107
39 4   1.06107
39 5   1.06107
39 6   1.06107
39 7   1.06107
39 8   1.06107
39 9   1.06107
39 10   1.06107
39 11   1.06107
39 12   1.06107
39 13   1.06107
39 14   1.06107
39 15   1.06107
39 16   1.06107
39 17   1.06107
39 18   1.06107
39 19   1.06107
39 20   1.06107
39 21   1.06107
39 22   1.06107
39 23   1.06107
39 24   1.06107
39 25   1.06107
39 26   1.06107
39 27   1.06107
39 28   1.06107
39 29   1.06107
39 30   1.06107
39 31   1.06107
39 32   1.06107
39 33   1.06107
39 34   1.06107
39 35   1.06107
39 36   1.06107
39 37   1.06107
39 38   1.06107
39 39   1.06107
39 40   1.06107
40 1   1.07071
40 2   1.07071
40 3   1.07071
40 4   1.07071
40 5   1.07071
40 6   1.07071
40 7   1.07071
40 8   1.07071
40 9   1.07071
40 10   1.07071
40 11   1.07071
40 12   1.07071
40 13   1.07071
40 14   1.07071
40 15   1.07071
40 16   1.07071
40 17   1.07071
40 18   1.07071
40 19   1.07071
40 20   1.07071
40 21   1.07071
40 22   1.07071
40 23   1.07071
40 24   1.07071
40 25   1.07071
40 26   1.07071
40 27   1.07071
40 28   1.07071
40 29   1.07071
40 30   1.07071
40 31   1.07071
40 32   1.07071
40 33   1.07071
40 34   1.07071
40 35   1.07071
40 36   1.07071
40 37   1.07071
40 38   1.07071
40 39   1.07071
40 40   1.07071
