1 1   0.0436689
1 2   0.0436689
1 3   0.0436689
1 4   0.0436689
1 5   0.0436689
1 6   0.0436689
1 7   0.0436689
1 8   0.0436689
1 9   0.0436689
1 10   0.0436689
1 11   0.0436689
1 12   0.0436689
1 13   0.0436689
1 14   0.0436689
1 15   0.0436689
1 16   0.0436689
1 17   0.0436689
1 18   0.0436689
1 19   0.0436689
1 20   0.0436689
1 21   0.0436689
1 22   0.0436689
1 23   0.0436689
1 24   0.0436689
1 25   0.0436689
1 26   0.0436689
1 27   0.0436689
1 28   0.0436689
1 29   0.0436689
1 30   0.0436689
1 31   0.0436689
1 32   0.0436689
1 33   0.0436689
1 34   0.0436689
1 35   0.0436689
1 36   0.0436689
1 37   0.0436689
1 38   0.0436689
1 39   0.0436689
1 40   0.0436689
2 1   0.051312
2 2   0.051312
2 3   0.051312
2 4   0.051312
2 5   0.051312
2 6   0.051312
2 7   0.051312
2 8   0.051312
2 9   0.051312
2 10   0.051312
2 11   0.051312
2 12   0.051312
2 13   0.051312
2 14   0.051312
2 15   0.051312
2 16   0.051312
2 17   0.051312
2 18   0.051312
2 19   0.051312
2 20   0.051312
2 21   0.051312
2 22   0.051312
2 23   0.051312
2 24   0.051312
2 25   0.051312
2 26   0.051312
2 27   0.051312
2 28   0.051312
2 29   0.051312
2 30   0.051312
2 31   0.051312
2 32   0.051312
2 33   0.051312
2 34   0.051312
2 35   0.051312
2 36   0.051312
2 37   0.051312
2 38   0.051312
2 39   0.051312
2 40   0.051312
3 1   0.0653453
3 2   0.0653453
3 3   0.0653453
3 4   0.0653453
3 5   0.0653453
3 6   0.0653453
3 7   0.0653453
3 8   0.0653453
3 9   0.0653453
3 10   0.0653453
3 11   0.0653453
3 12   0.0653453
3 13   0.0653453
3 14   0.0653453
3 15   0.0653453
3 16   0.0653453
3 17   0.0653453
3 18   0.0653453
3 19   0.0653453
3 20   0.0653453
3 21   0.0653453
3 22   0.0653453
3 23   0.0653453
3 24   0.0653453
3 25   0.0653453
3 26   0.0653453
3 27   0.0653453
3 28   0.0653453
3 29   0.0653453
3 30   0.0653453
3 31   0.0653453
3 32   0.0653453
3 33   0.0653453
3 34   0.0653453
3 35   0.0653453
3 36   0.0653453
3 37   0.0653453
3 38   0.0653453
3 39   0.0653453
3 40   0.0653453
4 1   0.0843955
4 2   0.0843955
4 3   0.0843955
4 4   0.0843955
4 5   0.0843955
4 6   0.0843955
4 7   0.0843955
4 8   0.0843955
4 9   0.0843955
4 10   0.0843955
4 11   0.0843955
4 12   0.0843955
4 13   0.0843955
4 14   0.0843955
4 15   0.0843955
4 16   0.0843955
4 17   0.0843955
4 18   0.0843955
4 19   0.0843955
4 20   0.0843955
4 21   0.0843955
4 22   0.0843955
4 23   0.0843955
4 24   0.0843955
4 25   0.0843955
4 26   0.0843955
4 27   0.0843955
4 28   0.0843955
4 29   0.0843955
4 30   0.0843955
4 31   0.0843955
4 32   0.0843955
4 33   0.0843955
4 34   0.0843955
4 35   0.0843955
4 36   0.0843955
4 37   0.0843955
4 38   0.0843955
4 39   0.0843955
4 40   0.0843955
5 1   0.108285
5 2   0.108285
5 3   0.108285
5 4   0.108285
5 5   0.108285
5 6   0.108285
5 7   0.108285
5 8   0.108285
5 9   0.108285
5 10   0.108285
5 11   0.108285
5 12   0.108285
5 13   0.108285
5 14   0.108285
5 15   0.108285
5 16   0.108285
5 17   0.108285
5 18   0.108285
5 19   0.108285
5 20   0.108285
5 21   0.108285
5 22   0.108285
5 23   0.108285
5 24   0.108285
5 25   0.108285
5 26   0.108285
5 27   0.108285
5 28   0.108285
5 29   0.108285
5 30   0.108285
5 31   0.108285
5 32   0.108285
5 33   0.108285
5 34   0.108285
5 35   0.108285
5 36   0.108285
5 37   0.108285
5 38   0.108285
5 39   0.108285
5 40   0.108285
6 1   0.138427
6 2   0.138427
6 3   0.138427
6 4   0.138427
6 5   0.138427
6 6   0.138427
6 7   0.138427
6 8   0.138427
6 9   0.138427
6 10   0.138427
6 11   0.138427
6 12   0.138427
6 13   0.138427
6 14   0.138427
6 15   0.138427
6 16   0.138427
6 17   0.138427
6 18   0.138427
6 19   0.138427
6 20   0.138427
6 21   0.138427
6 22   0.138427
6 23   0.138427
6 24   0.138427
6 25   0.138427
6 26   0.138427
6 27   0.138427
6 28   0.138427
6 29   0.138427
6 30   0.138427
6 31   0.138427
6 32   0.138427
6 33   0.138427
6 34   0.138427
6 35   0.138427
6 36   0.138427
6 37   0.138427
6 38   0.138427
6 39   0.138427
6 40   0.138427
7 1   0.176888
7 2   0.176888
7 3   0.176888
7 4   0.176888
7 5   0.176888
7 6   0.176888
7 7   0.176888
7 8   0.176888
7 9   0.176888
7 10   0.176888
7 11   0.176888
7 12   0.176888
7 13   0.176888
7 14   0.176888
7 15   0.176888
7 16   0.176888
7 17   0.176888
7 18   0.176888
7 19   0.176888
7 20   0.176888
7 21   0.176888
7 22   0.176888
7 23   0.176888
7 24   0.176888
7 25   0.176888
7 26   0.176888
7 27   0.176888
7 28   0.176888
7 29   0.176888
7 30   0.176888
7 31   0.176888
7 32   0.176888
7 33   0.176888
7 34   0.176888
7 35   0.176888
7 36   0.176888
7 37   0.176888
7 38   0.176888
7 39   0.176888
7 40   0.176888
8 1   0.224713
8 2   0.224713
8 3   0.224713
8 4   0.224713
8 5   0.224713
8 6   0.224713
8 7   0.224713
8 8   0.224713
8 9   0.224713
8 10   0.224713
8 11   0.224713
8 12   0.224713
8 13   0.224713
8 14   0.224713
8 15   0.224713
8 16   0.224713
8 17   0.224713
8 18   0.224713
8 19   0.224713
8 20   0.224713
8 21   0.224713
8 22   0.224713
8 23   0.224713
8 24   0.224713
8 25   0.224713
8 26   0.224713
8 27   0.224713
8 28   0.224713
8 29   0.224713
8 30   0.224713
8 31   0.224713
8 32   0.224713
8 33   0.224713
8 34   0.224713
8 35   0.224713
8 36   0.224713
8 37   0.224713
8 38   0.224713
8 39   0.224713
8 40   0.224713
9 1   0.280529
9 2   0.280529
9 3   0.280529
9 4   0.280529
9 5   0.280529
9 6   0.280529
9 7   0.280529
9 8   0.280529
9 9   0.280529
9 10   0.280529
9 11   0.280529
9 12   0.280529
9 13   0.280529
9 14   0.280529
9 15   0.280529
9 16   0.280529
9 17   0.280529
9 18   0.280529
9 19   0.280529
9 20   0.280529
9 21   0.280529
9 22   0.280529
9 23   0.280529
9 24   0.280529
9 25   0.280529
9 26   0.280529
9 27   0.280529
9 28   0.280529
9 29   0.280529
9 30   0.280529
9 31   0.280529
9 32   0.280529
9 33   0.280529
9 34   0.280529
9 35   0.280529
9 36   0.280529
9 37   0.280529
9 38   0.280529
9 39   0.280529
9 40   0.280529
10 1   0.340302
10 2   0.340302
10 3   0.340302
10 4   0.340302
10 5   0.340302
10 6   0.340302
10 7   0.340302
10 8   0.340302
10 9   0.340302
10 10   0.340302
10 11   0.340302
10 12   0.340302
10 13   0.340302
10 14   0.340302
10 15   0.340302
10 16   0.340302
10 17   0.340302
10 18   0.340302
10 19   0.340302
10 20   0.340302
10 21   0.340302
10 22   0.340302
10 23   0.340302
10 24   0.340302
10 25   0.340302
10 26   0.340302
10 27   0.340302
10 28   0.340302
10 29   0.340302
10 30   0.340302
10 31   0.340302
10 32   0.340302
10 33   0.340302
10 34   0.340302
10 35   0.340302
10 36   0.340302
10 37   0.340302
10 38   0.340302
10 39   0.340302
10 40   0.340302
11 1   0.398368
11 2   0.398368
11 3   0.398368
11 4   0.398368
11 5   0.398368
11 6   0.398368
11 7   0.398368
11 8   0.398368
11 9   0.398368
11 10   0.398368
11 11   0.398368
11 12   0.398368
11 13   0.398368
11 14   0.398368
11 15   0.398368
11 16   0.398368
11 17   0.398368
11 18   0.398368
11 19   0.398368
11 20   0.398368
11 21   0.398368
11 22   0.398368
11 23   0.398368
11 24   0.398368
11 25   0.398368
11 26   0.398368
11 27   0.398368
11 28   0.398368
11 29   0.398368
11 30   0.398368
11 31   0.398368
11 32   0.398368
11 33   0.398368
11 34   0.398368
11 35   0.398368
11 36   0.398368
11 37   0.398368
11 38   0.398368
11 39   0.398368
11 40   0.398368
12 1   0.449253
12 2   0.449253
12 3   0.449253
12 4   0.449253
12 5   0.449253
12 6   0.449253
12 7   0.449253
12 8   0.449253
12 9   0.449253
12 10   0.449253
12 11   0.449253
12 12   0.449253
12 13   0.449253
12 14   0.449253
12 15   0.449253
12 16   0.449253
12 17   0.449253
12 18   0.449253
12 19   0.449253
12 20   0.449253
12 21   0.449253
12 22   0.449253
12 23   0.449253
12 24   0.449253
12 25   0.449253
12 26   0.449253
12 27   0.449253
12 28   0.449253
12 29   0.449253
12 30   0.449253
12 31   0.449253
12 32   0.449253
12 33   0.449253
12 34   0.449253
12 35   0.449253
12 36   0.449253
12 37   0.449253
12 38   0.449253
12 39   0.449253
12 40   0.449253
13 1   0.48935
13 2   0.48935
13 3   0.48935
13 4   0.48935
13 5   0.48935
13 6   0.48935
13 7   0.48935
13 8   0.48935
13 9   0.48935
13 10   0.48935
13 11   0.48935
13 12   0.48935
13 13   0.48935
13 14   0.48935
13 15   0.48935
13 16   0.48935
13 17   0.48935
13 18   0.48935
13 19   0.48935
13 20   0.48935
13 21   0.48935
13 22   0.48935
13 23   0.48935
13 24   0.48935
13 25   0.48935
13 26   0.48935
13 27   0.48935
13 28   0.48935
13 29   0.48935
13 30   0.48935
13 31   0.48935
13 32   0.48935
13 33   0.48935
13 34   0.48935
13 35   0.48935
13 36   0.48935
13 37   0.48935
13 38   0.48935
13 39   0.48935
13 40   0.48935
14 1   0.517663
14 2   0.517663
14 3   0.517663
14 4   0.517663
14 5   0.517663
14 6   0.517663
14 7   0.517663
14 8   0.517663
14 9   0.517663
14 10   0.517663
14 11   0.517663
14 12   0.517663
14 13   0.517663
14 14   0.517663
14 15   0.517663
14 16   0.517663
14 17   0.517663
14 18   0.517663
14 19   0.517663
14 20   0.517663
14 21   0.517663
14 22   0.517663
14 23   0.517663
14 24   0.517663
14 25   0.517663
14 26   0.517663
14 27   0.517663
14 28   0.517663
14 29   0.517663
14 30   0.517663
14 31   0.517663
14 32   0.517663
14 33   0.517663
14 34   0.517663
14 35   0.517663
14 36   0.517663
14 37   0.517663
14 38   0.517663
14 39   0.517663
14 40   0.517663
15 1   0.535303
15 2   0.535303
15 3   0.535303
15 4   0.535303
15 5   0.535303
15 6   0.535303
15 7   0.535303
15 8   0.535303
15 9   0.535303
15 10   0.535303
15 11   0.535303
15 12   0.535303
15 13   0.535303
15 14   0.535303
15 15   0.535303
15 16   0.535303
15 17   0.535303
15 18   0.535303
15 19   0.535303
15 20   0.535303
15 21   0.535303
15 22   0.535303
15 23   0.535303
15 24   0.535303
15 25   0.535303
15 26   0.535303
15 27   0.535303
15 28   0.535303
15 29   0.535303
15 30   0.535303
15 31   0.535303
15 32   0.535303
15 33   0.535303
15 34   0.535303
15 35   0.535303
15 36   0.535303
15 37   0.535303
15 38   0.535303
15 39   0.535303
15 40   0.535303
16 1   0.544224
16 2   0.544224
16 3   0.544224
16 4   0.544224
16 5   0.544224
16 6   0.544224
16 7   0.544224
16 8   0.544224
16 9   0.544224
16 10   0.544224
16 11   0.544224
16 12   0.544224
16 13   0.544224
16 14   0.544224
16 15   0.544224
16 16   0.544224
16 17   0.544224
16 18   0.544224
16 19   0.544224
16 20   0.544224
16 21   0.544224
16 22   0.544224
16 23   0.544224
16 24   0.544224
16 25   0.544224
16 26   0.544224
16 27   0.544224
16 28   0.544224
16 29   0.544224
16 30   0.544224
16 31   0.544224
16 32   0.544224
16 33   0.544224
16 34   0.544224
16 35   0.544224
16 36   0.544224
16 37   0.544224
16 38   0.544224
16 39   0.544224
16 40   0.544224
17 1   0.546114
17 2   0.546114
17 3   0.546114
17 4   0.546114
17 5   0.546114
17 6   0.546114
17 7   0.546114
17 8   0.546114
17 9   0.546114
17 10   0.546114
17 11   0.546114
17 12   0.546114
17 13   0.546114
17 14   0.546114
17 15   0.546114
17 16   0.546114
17 17   0.546114
17 18   0.546114
17 19   0.546114
17 20   0.546114
17 21   0.546114
17 22   0.546114
17 23   0.546114
17 24   0.546114
17 25   0.546114
17 26   0.546114
17 27   0.546114
17 28   0.546114
17 29   0.546114
17 30   0.546114
17 31   0.546114
17 32   0.546114
17 33   0.546114
17 34   0.546114
17 35   0.546114
17 36   0.546114
17 37   0.546114
17 38   0.546114
17 39   0.546114
17 40   0.546114
18 1   0.542102
18 2   0.542102
18 3   0.542102
18 4   0.542102
18 5   0.542102
18 6   0.542102
18 7   0.542102
18 8   0.542102
18 9   0.542102
18 10   0.542102
18 11   0.542102
18 12   0.542102
18 13   0.542102
18 14   0.542102
18 15   0.542102
18 16   0.542102
18 17   0.542102
18 18   0.542102
18 19   0.542102
18 20   0.542102
18 21   0.542102
18 22   0.542102
18 23   0.542102
18 24   0.542102
18 25   0.542102
18 26   0.542102
18 27   0.542102
18 28   0.542102
18 29   0.542102
18 30   0.542102
18 31   0.542102
18 32   0.542102
18 33   0.542102
18 34   0.542102
18 35   0.542102
18 36   0.542102
18 37   0.542102
18 38   0.542102
18 39   0.542102
18 40   0.542102
19 1   0.533213
19 2   0.533213
19 3   0.533213
19 4   0.533213
19 5   0.533213
19 6   0.533213
19 7   0.533213
19 8   0.533213
19 9   0.533213
19 10   0.533213
19 11   0.533213
19 12   0.533213
19 13   0.533213
19 14   0.533213
19 15   0.533213
19 16   0.533213
19 17   0.533213
19 18   0.533213
19 19   0.533213
19 20   0.533213
19 21   0.533213
19 22   0.533213
19 23   0.533213
19 24   0.533213
19 25   0.533213
19 26   0.533213
19 27   0.533213
19 28   0.533213
19 29   0.533213
19 30   0.533213
19 31   0.533213
19 32   0.533213
19 33   0.533213
19 34   0.533213
19 35   0.533213
19 36   0.533213
19 37   0.533213
19 38   0.533213
19 39   0.533213
19 40   0.533213
20 1   0.520849
20 2   0.520849
20 3   0.520849
20 4   0.520849
20 5   0.520849
20 6   0.520849
20 7   0.520849
20 8   0.520849
20 9   0.520849
20 10   0.520849
20 11   0.520849
20 12   0.520849
20 13   0.520849
20 14   0.520849
20 15   0.520849
20 16   0.520849
20 17   0.520849
20 18   0.520849
20 19   0.520849
20 20   0.520849
20 21   0.520849
20 22   0.520849
20 23   0.520849
20 24   0.520849
20 25   0.520849
20 26   0.520849
20 27   0.520849
20 28   0.520849
20 29   0.520849
20 30   0.520849
20 31   0.520849
20 32   0.520849
20 33   0.520849
20 34   0.520849
20 35   0.520849
20 36   0.520849
20 37   0.520849
20 38   0.520849
20 39   0.520849
20 40   0.520849
21 1   0.50675
21 2   0.50675
21 3   0.50675
21 4   0.50675
21 5   0.50675
21 6   0.50675
21 7   0.50675
21 8   0.50675
21 9   0.50675
21 10   0.50675
21 11   0.50675
21 12   0.50675
21 13   0.50675
21 14   0.50675
21 15   0.50675
21 16   0.50675
21 17   0.50675
21 18   0.50675
21 19   0.50675
21 20   0.50675
21 21   0.50675
21 22   0.50675
21 23   0.50675
21 24   0.50675
21 25   0.50675
21 26   0.50675
21 27   0.50675
21 28   0.50675
21 29   0.50675
21 30   0.50675
21 31   0.50675
21 32   0.50675
21 33   0.50675
21 34   0.50675
21 35   0.50675
21 36   0.50675
21 37   0.50675
21 38   0.50675
21 39   0.50675
21 40   0.50675
22 1   0.492518
22 2   0.492518
22 3   0.492518
22 4   0.492518
22 5   0.492518
22 6   0.492518
22 7   0.492518
22 8   0.492518
22 9   0.492518
22 10   0.492518
22 11   0.492518
22 12   0.492518
22 13   0.492518
22 14   0.492518
22 15   0.492518
22 16   0.492518
22 17   0.492518
22 18   0.492518
22 19   0.492518
22 20   0.492518
22 21   0.492518
22 22   0.492518
22 23   0.492518
22 24   0.492518
22 25   0.492518
22 26   0.492518
22 27   0.492518
22 28   0.492518
22 29   0.492518
22 30   0.492518
22 31   0.492518
22 32   0.492518
22 33   0.492518
22 34   0.492518
22 35   0.492518
22 36   0.492518
22 37   0.492518
22 38   0.492518
22 39   0.492518
22 40   0.492518
23 1   0.479265
23 2   0.479265
23 3   0.479265
23 4   0.479265
23 5   0.479265
23 6   0.479265
23 7   0.479265
23 8   0.479265
23 9   0.479265
23 10   0.479265
23 11   0.479265
23 12   0.479265
23 13   0.479265
23 14   0.479265
23 15   0.479265
23 16   0.479265
23 17   0.479265
23 18   0.479265
23 19   0.479265
23 20   0.479265
23 21   0.479265
23 22   0.479265
23 23   0.479265
23 24   0.479265
23 25   0.479265
23 26   0.479265
23 27   0.479265
23 28   0.479265
23 29   0.479265
23 30   0.479265
23 31   0.479265
23 32   0.479265
23 33   0.479265
23 34   0.479265
23 35   0.479265
23 36   0.479265
23 37   0.479265
23 38   0.479265
23 39   0.479265
23 40   0.479265
24 1   0.467752
24 2   0.467752
24 3   0.467752
24 4   0.467752
24 5   0.467752
24 6   0.467752
24 7   0.467752
24 8   0.467752
24 9   0.467752
24 10   0.467752
24 11   0.467752
24 12   0.467752
24 13   0.467752
24 14   0.467752
24 15   0.467752
24 16   0.467752
24 17   0.467752
24 18   0.467752
24 19   0.467752
24 20   0.467752
24 21   0.467752
24 22   0.467752
24 23   0.467752
24 24   0.467752
24 25   0.467752
24 26   0.467752
24 27   0.467752
24 28   0.467752
24 29   0.467752
24 30   0.467752
24 31   0.467752
24 32   0.467752
24 33   0.467752
24 34   0.467752
24 35   0.467752
24 36   0.467752
24 37   0.467752
24 38   0.467752
24 39   0.467752
24 40   0.467752
25 1   0.458852
25 2   0.458852
25 3   0.458852
25 4   0.458852
25 5   0.458852
25 6   0.458852
25 7   0.458852
25 8   0.458852
25 9   0.458852
25 10   0.458852
25 11   0.458852
25 12   0.458852
25 13   0.458852
25 14   0.458852
25 15   0.458852
25 16   0.458852
25 17   0.458852
25 18   0.458852
25 19   0.458852
25 20   0.458852
25 21   0.458852
25 22   0.458852
25 23   0.458852
25 24   0.458852
25 25   0.458852
25 26   0.458852
25 27   0.458852
25 28   0.458852
25 29   0.458852
25 30   0.458852
25 31   0.458852
25 32   0.458852
25 33   0.458852
25 34   0.458852
25 35   0.458852
25 36   0.458852
25 37   0.458852
25 38   0.458852
25 39   0.458852
25 40   0.458852
26 1   0.453925
26 2   0.453925
26 3   0.453925
26 4   0.453925
26 5   0.453925
26 6   0.453925
26 7   0.453925
26 8   0.453925
26 9   0.453925
26 10   0.453925
26 11   0.453925
26 12   0.453925
26 13   0.453925
26 14   0.453925
26 15   0.453925
26 16   0.453925
26 17   0.453925
26 18   0.453925
26 19   0.453925
26 20   0.453925
26 21   0.453925
26 22   0.453925
26 23   0.453925
26 24   0.453925
26 25   0.453925
26 26   0.453925
26 27   0.453925
26 28   0.453925
26 29   0.453925
26 30   0.453925
26 31   0.453925
26 32   0.453925
26 33   0.453925
26 34   0.453925
26 35   0.453925
26 36   0.453925
26 37   0.453925
26 38   0.453925
26 39   0.453925
26 40   0.453925
27 1   0.454828
27 2   0.454828
27 3   0.454828
27 4   0.454828
27 5   0.454828
27 6   0.454828
27 7   0.454828
27 8   0.454828
27 9   0.454828
27 10   0.454828
27 11   0.454828
27 12   0.454828
27 13   0.454828
27 14   0.454828
27 15   0.454828
27 16   0.454828
27 17   0.454828
27 18   0.454828
27 19   0.454828
27 20   0.454828
27 21   0.454828
27 22   0.454828
27 23   0.454828
27 24   0.454828
27 25   0.454828
27 26   0.454828
27 27   0.454828
27 28   0.454828
27 29   0.454828
27 30   0.454828
27 31   0.454828
27 32   0.454828
27 33   0.454828
27 34   0.454828
27 35   0.454828
27 36   0.454828
27 37   0.454828
27 38   0.454828
27 39   0.454828
27 40   0.454828
28 1   0.463626
28 2   0.463626
28 3   0.463626
28 4   0.463626
28 5   0.463626
28 6   0.463626
28 7   0.463626
28 8   0.463626
28 9   0.463626
28 10   0.463626
28 11   0.463626
28 12   0.463626
28 13   0.463626
28 14   0.463626
28 15   0.463626
28 16   0.463626
28 17   0.463626
28 18   0.463626
28 19   0.463626
28 20   0.463626
28 21   0.463626
28 22   0.463626
28 23   0.463626
28 24   0.463626
28 25   0.463626
28 26   0.463626
28 27   0.463626
28 28   0.463626
28 29   0.463626
28 30   0.463626
28 31   0.463626
28 32   0.463626
28 33   0.463626
28 34   0.463626
28 35   0.463626
28 36   0.463626
28 37   0.463626
28 38   0.463626
28 39   0.463626
28 40   0.463626
29 1   0.482141
29 2   0.482141
29 3   0.482141
29 4   0.482141
29 5   0.482141
29 6   0.482141
29 7   0.482141
29 8   0.482141
29 9   0.482141
29 10   0.482141
29 11   0.482141
29 12   0.482141
29 13   0.482141
29 14   0.482141
29 15   0.482141
29 16   0.482141
29 17   0.482141
29 18   0.482141
29 19   0.482141
29 20   0.482141
29 21   0.482141
29 22   0.482141
29 23   0.482141
29 24   0.482141
29 25   0.482141
29 26   0.482141
29 27   0.482141
29 28   0.482141
29 29   0.482141
29 30   0.482141
29 31   0.482141
29 32   0.482141
29 33   0.482141
29 34   0.482141
29 35   0.482141
29 36   0.482141
29 37   0.482141
29 38   0.482141
29 39   0.482141
29 40   0.482141
30 1   0.511487
30 2   0.511487
30 3   0.511487
30 4   0.511487
30 5   0.511487
30 6   0.511487
30 7   0.511487
30 8   0.511487
30 9   0.511487
30 10   0.511487
30 11   0.511487
30 12   0.511487
30 13   0.511487
30 14   0.511487
30 15   0.511487
30 16   0.511487
30 17   0.511487
30 18   0.511487
30 19   0.511487
30 20   0.511487
30 21   0.511487
30 22   0.511487
30 23   0.511487
30 24   0.511487
30 25   0.511487
30 26   0.511487
30 27   0.511487
30 28   0.511487
30 29   0.511487
30 30   0.511487
30 31   0.511487
30 32   0.511487
30 33   0.511487
30 34   0.511487
30 35   0.511487
30 36   0.511487
30 37   0.511487
30 38   0.511487
30 39   0.511487
30 40   0.511487
31 1   0.551651
31 2   0.551651
31 3   0.551651
31 4   0.551651
31 5   0.551651
31 6   0.551651
31 7   0.551651
31 8   0.551651
31 9   0.551651
31 10   0.551651
31 11   0.551651
31 12   0.551651
31 13   0.551651
31 14   0.551651
31 15   0.551651
31 16   0.551651
31 17   0.551651
31 18   0.551651
31 19   0.551651
31 20   0.551651
31 21   0.551651
31 22   0.551651
31 23   0.551651
31 24   0.551651
31 25   0.551651
31 26   0.551651
31 27   0.551651
31 28   0.551651
31 29   0.551651
31 30   0.551651
31 31   0.551651
31 32   0.551651
31 33   0.551651
31 34   0.551651
31 35   0.551651
31 36   0.551651
31 37   0.551651
31 38   0.551651
31 39   0.551651
31 40   0.551651
32 1   0.601171
32 2   0.601171
32 3   0.601171
32 4   0.601171
32 5   0.601171
32 6   0.601171
32 7   0.601171
32 8   0.601171
32 9   0.601171
32 10   0.601171
32 11   0.601171
32 12   0.601171
32 13   0.601171
32 14   0.601171
32 15   0.601171
32 16   0.601171
32 17   0.601171
32 18   0.601171
32 19   0.601171
32 20   0.601171
32 21   0.601171
32 22   0.601171
32 23   0.601171
32 24   0.601171
32 25   0.601171
32 26   0.601171
32 27   0.601171
32 28   0.601171
32 29   0.601171
32 30   0.601171
32 31   0.601171
32 32   0.601171
32 33   0.601171
32 34   0.601171
32 35   0.601171
32 36   0.601171
32 37   0.601171
32 38   0.601171
32 39   0.601171
32 40   0.601171
33 1   0.657033
33 2   0.657033
33 3   0.657033
33 4   0.657033
33 5   0.657033
33 6   0.657033
33 7   0.657033
33 8   0.657033
33 9   0.657033
33 10   0.657033
33 11   0.657033
33 12   0.657033
33 13   0.657033
33 14   0.657033
33 15   0.657033
33 16   0.657033
33 17   0.657033
33 18   0.657033
33 19   0.657033
33 20   0.657033
33 21   0.657033
33 22   0.657033
33 23   0.657033
33 24   0.657033
33 25   0.657033
33 26   0.657033
33 27   0.657033
33 28   0.657033
33 29   0.657033
33 30   0.657033
33 31   0.657033
33 32   0.657033
33 33   0.657033
33 34   0.657033
33 35   0.657033
33 36   0.657033
33 37   0.657033
33 38   0.657033
33 39   0.657033
33 40   0.657033
34 1   0.714909
34 2   0.714909
34 3   0.714909
34 4   0.714909
34 5   0.714909
34 6   0.714909
34 7   0.714909
34 8   0.714909
34 9   0.714909
34 10   0.714909
34 11   0.714909
34 12   0.714909
34 13   0.714909
34 14   0.714909
34 15   0.714909
34 16   0.714909
34 17   0.714909
34 18   0.714909
34 19   0.714909
34 20   0.714909
34 21   0.714909
34 22   0.714909
34 23   0.714909
34 24   0.714909
34 25   0.714909
34 26   0.714909
34 27   0.714909
34 28   0.714909
34 29   0.714909
34 30   0.714909
34 31   0.714909
34 32   0.714909
34 33   0.714909
34 34   0.714909
34 35   0.714909
34 36   0.714909
34 37   0.714909
34 38   0.714909
34 39   0.714909
34 40   0.714909
35 1   0.769835
35 2   0.769835
35 3   0.769835
35 4   0.769835
35 5   0.769835
35 6   0.769835
35 7   0.769835
35 8   0.769835
35 9   0.769835
35 10   0.769835
35 11   0.769835
35 12   0.769835
35 13   0.769835
35 14   0.769835
35 15   0.769835
35 16   0.769835
35 17   0.769835
35 18   0.769835
35 19   0.769835
35 20   0.769835
35 21   0.769835
35 22   0.769835
35 23   0.769835
35 24   0.769835
35 25   0.769835
35 26   0.769835
35 27   0.769835
35 28   0.769835
35 29   0.769835
35 30   0.769835
35 31   0.769835
35 32   0.769835
35 33   0.769835
35 34   0.769835
35 35   0.769835
35 36   0.769835
35 37   0.769835
35 38   0.769835
35 39   0.769835
35 40   0.769835
36 1   0.817238
36 2   0.817238
36 3   0.817238
36 4   0.817238
36 5   0.817238
36 6   0.817238
36 7   0.817238
36 8   0.817238
36 9   0.817238
36 10   0.817238
36 11   0.817238
36 12   0.817238
36 13   0.817238
36 14   0.817238
36 15   0.817238
36 16   0.817238
36 17   0.817238
36 18   0.817238
36 19   0.817238
36 20   0.817238
36 21   0.817238
36 22   0.817238
36 23   0.817238
36 24   0.817238
36 25   0.817238
36 26   0.817238
36 27   0.817238
36 28   0.817238
36 29   0.817238
36 30   0.817238
36 31   0.817238
36 32   0.817238
36 33   0.817238
36 34   0.817238
36 35   0.817238
36 36   0.817238
36 37   0.817238
36 38   0.817238
36 39   0.817238
36 40   0.817238
37 1   0.854046
37 2   0.854046
37 3   0.854046
37 4   0.854046
37 5   0.854046
37 6   0.854046
37 7   0.854046
37 8   0.854046
37 9   0.854046
37 10   0.854046
37 11   0.854046
37 12   0.854046
37 13   0.854046
37 14   0.854046
37 15   0.854046
37 16   0.854046
37 17   0.854046
37 18   0.854046
37 19   0.854046
37 20   0.854046
37 21   0.854046
37 22   0.854046
37 23   0.854046
37 24   0.854046
37 25   0.854046
37 26   0.854046
37 27   0.854046
37 28   0.854046
37 29   0.854046
37 30   0.854046
37 31   0.854046
37 32   0.854046
37 33   0.854046
37 34   0.854046
37 35   0.854046
37 36   0.854046
37 37   0.854046
37 38   0.854046
37 39   0.854046
37 40   0.854046
38 1   0.879371
38 2   0.879371
38 3   0.879371
38 4   0.879371
38 5   0.879371
38 6   0.879371
38 7   0.879371
38 8   0.879371
38 9   0.879371
38 10   0.879371
38 11   0.879371
38 12   0.879371
38 13   0.879371
38 14   0.879371
38 15   0.879371
38 16   0.879371
38 17   0.879371
38 18   0.879371
38 19   0.879371
38 20   0.879371
38 21   0.879371
38 22   0.879371
38 23   0.879371
38 24   0.879371
38 25   0.879371
38 26   0.879371
38 27   0.879371
38 28   0.879371
38 29   0.879371
38 30   0.879371
38 31   0.879371
38 32   0.879371
38 33   0.879371
38 34   0.879371
38 35   0.879371
38 36   0.879371
38 37   0.879371
38 38   0.879371
38 39   0.879371
38 40   0.879371
39 1   0.894345
39 2   0.894345
39 3   0.894345
39 4   0.894345
39 5   0.894345
39 6   0.894345
39 7   0.894345
39 8   0.894345
39 9   0.894345
39 10   0.894345
39 11   0.894345
39 12   0.894345
39 13   0.894345
39 14   0.894345
39 15   0.894345
39 16   0.894345
39 17   0.894345
39 18   0.894345
39 19   0.894345
39 20   0.894345
39 21   0.894345
39 22   0.894345
39 23   0.894345
39 24   0.894345
39 25   0.894345
39 26   0.894345
39 27   0.894345
39 28   0.894345
39 29   0.894345
39 30   0.894345
39 31   0.894345
39 32   0.894345
39 33   0.894345
39 34   0.894345
39 35   0.894345
39 36   0.894345
39 37   0.894345
39 38   0.894345
39 39   0.894345
39 40   0.894345
40 1   0.901049
40 2   0.901049
40 3   0.901049
40 4   0.901049
40 5   0.901049
40 6   0.901049
40 7   0.901049
40 8   0.901049
40 9   0.901049
40 10   0.901049
40 11   0.901049
40 12   0.901049
40 13   0.901049
40 14   0.901049
40 15   0.901049
40 16   0.901049
40 17   0.901049
40 18   0.901049
40 19   0.901049
40 20   0.901049
40 21   0.901049
40 22   0.901049
40 23   0.901049
40 24   0.901049
40 25   0.901049
40 26   0.901049
40 27   0.901049
40 28   0.901049
40 29   0.901049
40 30   0.901049
40 31   0.901049
40 32   0.901049
40 33   0.901049
40 34   0.901049
40 35   0.901049
40 36   0.901049
40 37   0.901049
40 38   0.901049
40 39   0.901049
40 40   0.901049
