1 1   -0.0883197
1 2   -0.0883197
1 3   -0.0883197
1 4   -0.0883197
1 5   -0.0883197
1 6   -0.0883197
1 7   -0.0883197
1 8   -0.0883197
1 9   -0.0883197
1 10   -0.0883197
1 11   -0.0883197
1 12   -0.0883197
1 13   -0.0883197
1 14   -0.0883197
1 15   -0.0883197
1 16   -0.0883197
1 17   -0.0883197
1 18   -0.0883197
1 19   -0.0883197
1 20   -0.0883197
1 21   -0.0883197
1 22   -0.0883197
1 23   -0.0883197
1 24   -0.0883197
1 25   -0.0883197
1 26   -0.0883197
1 27   -0.0883197
1 28   -0.0883197
1 29   -0.0883197
1 30   -0.0883197
1 31   -0.0883197
1 32   -0.0883197
1 33   -0.0883197
1 34   -0.0883197
1 35   -0.0883197
1 36   -0.0883197
1 37   -0.0883197
1 38   -0.0883197
1 39   -0.0883197
1 40   -0.0883197
2 1   -0.0669022
2 2   -0.0669022
2 3   -0.0669022
2 4   -0.0669022
2 5   -0.0669022
2 6   -0.0669022
2 7   -0.0669022
2 8   -0.0669022
2 9   -0.0669022
2 10   -0.0669022
2 11   -0.0669022
2 12   -0.0669022
2 13   -0.0669022
2 14   -0.0669022
2 15   -0.0669022
2 16   -0.0669022
2 17   -0.0669022
2 18   -0.0669022
2 19   -0.0669022
2 20   -0.0669022
2 21   -0.0669022
2 22   -0.0669022
2 23   -0.0669022
2 24   -0.0669022
2 25   -0.0669022
2 26   -0.0669022
2 27   -0.0669022
2 28   -0.0669022
2 29   -0.0669022
2 30   -0.0669022
2 31   -0.0669022
2 32   -0.0669022
2 33   -0.0669022
2 34   -0.0669022
2 35   -0.0669022
2 36   -0.0669022
2 37   -0.0669022
2 38   -0.0669022
2 39   -0.0669022
2 40   -0.0669022
3 1   -0.0311319
3 2   -0.0311319
3 3   -0.0311319
3 4   -0.0311319
3 5   -0.0311319
3 6   -0.0311319
3 7   -0.0311319
3 8   -0.0311319
3 9   -0.0311319
3 10   -0.0311319
3 11   -0.0311319
3 12   -0.0311319
3 13   -0.0311319
3 14   -0.0311319
3 15   -0.0311319
3 16   -0.0311319
3 17   -0.0311319
3 18   -0.0311319
3 19   -0.0311319
3 20   -0.0311319
3 21   -0.0311319
3 22   -0.0311319
3 23   -0.0311319
3 24   -0.0311319
3 25   -0.0311319
3 26   -0.0311319
3 27   -0.0311319
3 28   -0.0311319
3 29   -0.0311319
3 30   -0.0311319
3 31   -0.0311319
3 32   -0.0311319
3 33   -0.0311319
3 34   -0.0311319
3 35   -0.0311319
3 36   -0.0311319
3 37   -0.0311319
3 38   -0.0311319
3 39   -0.0311319
3 40   -0.0311319
4 1   0.011422
4 2   0.011422
4 3   0.011422
4 4   0.011422
4 5   0.011422
4 6   0.011422
4 7   0.011422
4 8   0.011422
4 9   0.011422
4 10   0.011422
4 11   0.011422
4 12   0.011422
4 13   0.011422
4 14   0.011422
4 15   0.011422
4 16   0.011422
4 17   0.011422
4 18   0.011422
4 19   0.011422
4 20   0.011422
4 21   0.011422
4 22   0.011422
4 23   0.011422
4 24   0.011422
4 25   0.011422
4 26   0.011422
4 27   0.011422
4 28   0.011422
4 29   0.011422
4 30   0.011422
4 31   0.011422
4 32   0.011422
4 33   0.011422
4 34   0.011422
4 35   0.011422
4 36   0.011422
4 37   0.011422
4 38   0.011422
4 39   0.011422
4 40   0.011422
5 1   0.0583817
5 2   0.0583817
5 3   0.0583817
5 4   0.0583817
5 5   0.0583817
5 6   0.0583817
5 7   0.0583817
5 8   0.0583817
5 9   0.0583817
5 10   0.0583817
5 11   0.0583817
5 12   0.0583817
5 13   0.0583817
5 14   0.0583817
5 15   0.0583817
5 16   0.0583817
5 17   0.0583817
5 18   0.0583817
5 19   0.0583817
5 20   0.0583817
5 21   0.0583817
5 22   0.0583817
5 23   0.0583817
5 24   0.0583817
5 25   0.0583817
5 26   0.0583817
5 27   0.0583817
5 28   0.0583817
5 29   0.0583817
5 30   0.0583817
5 31   0.0583817
5 32   0.0583817
5 33   0.0583817
5 34   0.0583817
5 35   0.0583817
5 36   0.0583817
5 37   0.0583817
5 38   0.0583817
5 39   0.0583817
5 40   0.0583817
6 1   0.111359
6 2   0.111359
6 3   0.111359
6 4   0.111359
6 5   0.111359
6 6   0.111359
6 7   0.111359
6 8   0.111359
6 9   0.111359
6 10   0.111359
6 11   0.111359
6 12   0.111359
6 13   0.111359
6 14   0.111359
6 15   0.111359
6 16   0.111359
6 17   0.111359
6 18   0.111359
6 19   0.111359
6 20   0.111359
6 21   0.111359
6 22   0.111359
6 23   0.111359
6 24   0.111359
6 25   0.111359
6 26   0.111359
6 27   0.111359
6 28   0.111359
6 29   0.111359
6 30   0.111359
6 31   0.111359
6 32   0.111359
6 33   0.111359
6 34   0.111359
6 35   0.111359
6 36   0.111359
6 37   0.111359
6 38   0.111359
6 39   0.111359
6 40   0.111359
7 1   0.171217
7 2   0.171217
7 3   0.171217
7 4   0.171217
7 5   0.171217
7 6   0.171217
7 7   0.171217
7 8   0.171217
7 9   0.171217
7 10   0.171217
7 11   0.171217
7 12   0.171217
7 13   0.171217
7 14   0.171217
7 15   0.171217
7 16   0.171217
7 17   0.171217
7 18   0.171217
7 19   0.171217
7 20   0.171217
7 21   0.171217
7 22   0.171217
7 23   0.171217
7 24   0.171217
7 25   0.171217
7 26   0.171217
7 27   0.171217
7 28   0.171217
7 29   0.171217
7 30   0.171217
7 31   0.171217
7 32   0.171217
7 33   0.171217
7 34   0.171217
7 35   0.171217
7 36   0.171217
7 37   0.171217
7 38   0.171217
7 39   0.171217
7 40   0.171217
8 1   0.236396
8 2   0.236396
8 3   0.236396
8 4   0.236396
8 5   0.236396
8 6   0.236396
8 7   0.236396
8 8   0.236396
8 9   0.236396
8 10   0.236396
8 11   0.236396
8 12   0.236396
8 13   0.236396
8 14   0.236396
8 15   0.236396
8 16   0.236396
8 17   0.236396
8 18   0.236396
8 19   0.236396
8 20   0.236396
8 21   0.236396
8 22   0.236396
8 23   0.236396
8 24   0.236396
8 25   0.236396
8 26   0.236396
8 27   0.236396
8 28   0.236396
8 29   0.236396
8 30   0.236396
8 31   0.236396
8 32   0.236396
8 33   0.236396
8 34   0.236396
8 35   0.236396
8 36   0.236396
8 37   0.236396
8 38   0.236396
8 39   0.236396
8 40   0.236396
9 1   0.303667
9 2   0.303667
9 3   0.303667
9 4   0.303667
9 5   0.303667
9 6   0.303667
9 7   0.303667
9 8   0.303667
9 9   0.303667
9 10   0.303667
9 11   0.303667
9 12   0.303667
9 13   0.303667
9 14   0.303667
9 15   0.303667
9 16   0.303667
9 17   0.303667
9 18   0.303667
9 19   0.303667
9 20   0.303667
9 21   0.303667
9 22   0.303667
9 23   0.303667
9 24   0.303667
9 25   0.303667
9 26   0.303667
9 27   0.303667
9 28   0.303667
9 29   0.303667
9 30   0.303667
9 31   0.303667
9 32   0.303667
9 33   0.303667
9 34   0.303667
9 35   0.303667
9 36   0.303667
9 37   0.303667
9 38   0.303667
9 39   0.303667
9 40   0.303667
10 1   0.36745
10 2   0.36745
10 3   0.36745
10 4   0.36745
10 5   0.36745
10 6   0.36745
10 7   0.36745
10 8   0.36745
10 9   0.36745
10 10   0.36745
10 11   0.36745
10 12   0.36745
10 13   0.36745
10 14   0.36745
10 15   0.36745
10 16   0.36745
10 17   0.36745
10 18   0.36745
10 19   0.36745
10 20   0.36745
10 21   0.36745
10 22   0.36745
10 23   0.36745
10 24   0.36745
10 25   0.36745
10 26   0.36745
10 27   0.36745
10 28   0.36745
10 29   0.36745
10 30   0.36745
10 31   0.36745
10 32   0.36745
10 33   0.36745
10 34   0.36745
10 35   0.36745
10 36   0.36745
10 37   0.36745
10 38   0.36745
10 39   0.36745
10 40   0.36745
11 1   0.41953
11 2   0.41953
11 3   0.41953
11 4   0.41953
11 5   0.41953
11 6   0.41953
11 7   0.41953
11 8   0.41953
11 9   0.41953
11 10   0.41953
11 11   0.41953
11 12   0.41953
11 13   0.41953
11 14   0.41953
11 15   0.41953
11 16   0.41953
11 17   0.41953
11 18   0.41953
11 19   0.41953
11 20   0.41953
11 21   0.41953
11 22   0.41953
11 23   0.41953
11 24   0.41953
11 25   0.41953
11 26   0.41953
11 27   0.41953
11 28   0.41953
11 29   0.41953
11 30   0.41953
11 31   0.41953
11 32   0.41953
11 33   0.41953
11 34   0.41953
11 35   0.41953
11 36   0.41953
11 37   0.41953
11 38   0.41953
11 39   0.41953
11 40   0.41953
12 1   0.452983
12 2   0.452983
12 3   0.452983
12 4   0.452983
12 5   0.452983
12 6   0.452983
12 7   0.452983
12 8   0.452983
12 9   0.452983
12 10   0.452983
12 11   0.452983
12 12   0.452983
12 13   0.452983
12 14   0.452983
12 15   0.452983
12 16   0.452983
12 17   0.452983
12 18   0.452983
12 19   0.452983
12 20   0.452983
12 21   0.452983
12 22   0.452983
12 23   0.452983
12 24   0.452983
12 25   0.452983
12 26   0.452983
12 27   0.452983
12 28   0.452983
12 29   0.452983
12 30   0.452983
12 31   0.452983
12 32   0.452983
12 33   0.452983
12 34   0.452983
12 35   0.452983
12 36   0.452983
12 37   0.452983
12 38   0.452983
12 39   0.452983
12 40   0.452983
13 1   0.467844
13 2   0.467844
13 3   0.467844
13 4   0.467844
13 5   0.467844
13 6   0.467844
13 7   0.467844
13 8   0.467844
13 9   0.467844
13 10   0.467844
13 11   0.467844
13 12   0.467844
13 13   0.467844
13 14   0.467844
13 15   0.467844
13 16   0.467844
13 17   0.467844
13 18   0.467844
13 19   0.467844
13 20   0.467844
13 21   0.467844
13 22   0.467844
13 23   0.467844
13 24   0.467844
13 25   0.467844
13 26   0.467844
13 27   0.467844
13 28   0.467844
13 29   0.467844
13 30   0.467844
13 31   0.467844
13 32   0.467844
13 33   0.467844
13 34   0.467844
13 35   0.467844
13 36   0.467844
13 37   0.467844
13 38   0.467844
13 39   0.467844
13 40   0.467844
14 1   0.472122
14 2   0.472122
14 3   0.472122
14 4   0.472122
14 5   0.472122
14 6   0.472122
14 7   0.472122
14 8   0.472122
14 9   0.472122
14 10   0.472122
14 11   0.472122
14 12   0.472122
14 13   0.472122
14 14   0.472122
14 15   0.472122
14 16   0.472122
14 17   0.472122
14 18   0.472122
14 19   0.472122
14 20   0.472122
14 21   0.472122
14 22   0.472122
14 23   0.472122
14 24   0.472122
14 25   0.472122
14 26   0.472122
14 27   0.472122
14 28   0.472122
14 29   0.472122
14 30   0.472122
14 31   0.472122
14 32   0.472122
14 33   0.472122
14 34   0.472122
14 35   0.472122
14 36   0.472122
14 37   0.472122
14 38   0.472122
14 39   0.472122
14 40   0.472122
15 1   0.47641
15 2   0.47641
15 3   0.47641
15 4   0.47641
15 5   0.47641
15 6   0.47641
15 7   0.47641
15 8   0.47641
15 9   0.47641
15 10   0.47641
15 11   0.47641
15 12   0.47641
15 13   0.47641
15 14   0.47641
15 15   0.47641
15 16   0.47641
15 17   0.47641
15 18   0.47641
15 19   0.47641
15 20   0.47641
15 21   0.47641
15 22   0.47641
15 23   0.47641
15 24   0.47641
15 25   0.47641
15 26   0.47641
15 27   0.47641
15 28   0.47641
15 29   0.47641
15 30   0.47641
15 31   0.47641
15 32   0.47641
15 33   0.47641
15 34   0.47641
15 35   0.47641
15 36   0.47641
15 37   0.47641
15 38   0.47641
15 39   0.47641
15 40   0.47641
16 1   0.486484
16 2   0.486484
16 3   0.486484
16 4   0.486484
16 5   0.486484
16 6   0.486484
16 7   0.486484
16 8   0.486484
16 9   0.486484
16 10   0.486484
16 11   0.486484
16 12   0.486484
16 13   0.486484
16 14   0.486484
16 15   0.486484
16 16   0.486484
16 17   0.486484
16 18   0.486484
16 19   0.486484
16 20   0.486484
16 21   0.486484
16 22   0.486484
16 23   0.486484
16 24   0.486484
16 25   0.486484
16 26   0.486484
16 27   0.486484
16 28   0.486484
16 29   0.486484
16 30   0.486484
16 31   0.486484
16 32   0.486484
16 33   0.486484
16 34   0.486484
16 35   0.486484
16 36   0.486484
16 37   0.486484
16 38   0.486484
16 39   0.486484
16 40   0.486484
17 1   0.499391
17 2   0.499391
17 3   0.499391
17 4   0.499391
17 5   0.499391
17 6   0.499391
17 7   0.499391
17 8   0.499391
17 9   0.499391
17 10   0.499391
17 11   0.499391
17 12   0.499391
17 13   0.499391
17 14   0.499391
17 15   0.499391
17 16   0.499391
17 17   0.499391
17 18   0.499391
17 19   0.499391
17 20   0.499391
17 21   0.499391
17 22   0.499391
17 23   0.499391
17 24   0.499391
17 25   0.499391
17 26   0.499391
17 27   0.499391
17 28   0.499391
17 29   0.499391
17 30   0.499391
17 31   0.499391
17 32   0.499391
17 33   0.499391
17 34   0.499391
17 35   0.499391
17 36   0.499391
17 37   0.499391
17 38   0.499391
17 39   0.499391
17 40   0.499391
18 1   0.506711
18 2   0.506711
18 3   0.506711
18 4   0.506711
18 5   0.506711
18 6   0.506711
18 7   0.506711
18 8   0.506711
18 9   0.506711
18 10   0.506711
18 11   0.506711
18 12   0.506711
18 13   0.506711
18 14   0.506711
18 15   0.506711
18 16   0.506711
18 17   0.506711
18 18   0.506711
18 19   0.506711
18 20   0.506711
18 21   0.506711
18 22   0.506711
18 23   0.506711
18 24   0.506711
18 25   0.506711
18 26   0.506711
18 27   0.506711
18 28   0.506711
18 29   0.506711
18 30   0.506711
18 31   0.506711
18 32   0.506711
18 33   0.506711
18 34   0.506711
18 35   0.506711
18 36   0.506711
18 37   0.506711
18 38   0.506711
18 39   0.506711
18 40   0.506711
19 1   0.503561
19 2   0.503561
19 3   0.503561
19 4   0.503561
19 5   0.503561
19 6   0.503561
19 7   0.503561
19 8   0.503561
19 9   0.503561
19 10   0.503561
19 11   0.503561
19 12   0.503561
19 13   0.503561
19 14   0.503561
19 15   0.503561
19 16   0.503561
19 17   0.503561
19 18   0.503561
19 19   0.503561
19 20   0.503561
19 21   0.503561
19 22   0.503561
19 23   0.503561
19 24   0.503561
19 25   0.503561
19 26   0.503561
19 27   0.503561
19 28   0.503561
19 29   0.503561
19 30   0.503561
19 31   0.503561
19 32   0.503561
19 33   0.503561
19 34   0.503561
19 35   0.503561
19 36   0.503561
19 37   0.503561
19 38   0.503561
19 39   0.503561
19 40   0.503561
20 1   0.494812
20 2   0.494812
20 3   0.494812
20 4   0.494812
20 5   0.494812
20 6   0.494812
20 7   0.494812
20 8   0.494812
20 9   0.494812
20 10   0.494812
20 11   0.494812
20 12   0.494812
20 13   0.494812
20 14   0.494812
20 15   0.494812
20 16   0.494812
20 17   0.494812
20 18   0.494812
20 19   0.494812
20 20   0.494812
20 21   0.494812
20 22   0.494812
20 23   0.494812
20 24   0.494812
20 25   0.494812
20 26   0.494812
20 27   0.494812
20 28   0.494812
20 29   0.494812
20 30   0.494812
20 31   0.494812
20 32   0.494812
20 33   0.494812
20 34   0.494812
20 35   0.494812
20 36   0.494812
20 37   0.494812
20 38   0.494812
20 39   0.494812
20 40   0.494812
21 1   0.49078
21 2   0.49078
21 3   0.49078
21 4   0.49078
21 5   0.49078
21 6   0.49078
21 7   0.49078
21 8   0.49078
21 9   0.49078
21 10   0.49078
21 11   0.49078
21 12   0.49078
21 13   0.49078
21 14   0.49078
21 15   0.49078
21 16   0.49078
21 17   0.49078
21 18   0.49078
21 19   0.49078
21 20   0.49078
21 21   0.49078
21 22   0.49078
21 23   0.49078
21 24   0.49078
21 25   0.49078
21 26   0.49078
21 27   0.49078
21 28   0.49078
21 29   0.49078
21 30   0.49078
21 31   0.49078
21 32   0.49078
21 33   0.49078
21 34   0.49078
21 35   0.49078
21 36   0.49078
21 37   0.49078
21 38   0.49078
21 39   0.49078
21 40   0.49078
22 1   0.496398
22 2   0.496398
22 3   0.496398
22 4   0.496398
22 5   0.496398
22 6   0.496398
22 7   0.496398
22 8   0.496398
22 9   0.496398
22 10   0.496398
22 11   0.496398
22 12   0.496398
22 13   0.496398
22 14   0.496398
22 15   0.496398
22 16   0.496398
22 17   0.496398
22 18   0.496398
22 19   0.496398
22 20   0.496398
22 21   0.496398
22 22   0.496398
22 23   0.496398
22 24   0.496398
22 25   0.496398
22 26   0.496398
22 27   0.496398
22 28   0.496398
22 29   0.496398
22 30   0.496398
22 31   0.496398
22 32   0.496398
22 33   0.496398
22 34   0.496398
22 35   0.496398
22 36   0.496398
22 37   0.496398
22 38   0.496398
22 39   0.496398
22 40   0.496398
23 1   0.50634
23 2   0.50634
23 3   0.50634
23 4   0.50634
23 5   0.50634
23 6   0.50634
23 7   0.50634
23 8   0.50634
23 9   0.50634
23 10   0.50634
23 11   0.50634
23 12   0.50634
23 13   0.50634
23 14   0.50634
23 15   0.50634
23 16   0.50634
23 17   0.50634
23 18   0.50634
23 19   0.50634
23 20   0.50634
23 21   0.50634
23 22   0.50634
23 23   0.50634
23 24   0.50634
23 25   0.50634
23 26   0.50634
23 27   0.50634
23 28   0.50634
23 29   0.50634
23 30   0.50634
23 31   0.50634
23 32   0.50634
23 33   0.50634
23 34   0.50634
23 35   0.50634
23 36   0.50634
23 37   0.50634
23 38   0.50634
23 39   0.50634
23 40   0.50634
24 1   0.51123
24 2   0.51123
24 3   0.51123
24 4   0.51123
24 5   0.51123
24 6   0.51123
24 7   0.51123
24 8   0.51123
24 9   0.51123
24 10   0.51123
24 11   0.51123
24 12   0.51123
24 13   0.51123
24 14   0.51123
24 15   0.51123
24 16   0.51123
24 17   0.51123
24 18   0.51123
24 19   0.51123
24 20   0.51123
24 21   0.51123
24 22   0.51123
24 23   0.51123
24 24   0.51123
24 25   0.51123
24 26   0.51123
24 27   0.51123
24 28   0.51123
24 29   0.51123
24 30   0.51123
24 31   0.51123
24 32   0.51123
24 33   0.51123
24 34   0.51123
24 35   0.51123
24 36   0.51123
24 37   0.51123
24 38   0.51123
24 39   0.51123
24 40   0.51123
25 1   0.507157
25 2   0.507157
25 3   0.507157
25 4   0.507157
25 5   0.507157
25 6   0.507157
25 7   0.507157
25 8   0.507157
25 9   0.507157
25 10   0.507157
25 11   0.507157
25 12   0.507157
25 13   0.507157
25 14   0.507157
25 15   0.507157
25 16   0.507157
25 17   0.507157
25 18   0.507157
25 19   0.507157
25 20   0.507157
25 21   0.507157
25 22   0.507157
25 23   0.507157
25 24   0.507157
25 25   0.507157
25 26   0.507157
25 27   0.507157
25 28   0.507157
25 29   0.507157
25 30   0.507157
25 31   0.507157
25 32   0.507157
25 33   0.507157
25 34   0.507157
25 35   0.507157
25 36   0.507157
25 37   0.507157
25 38   0.507157
25 39   0.507157
25 40   0.507157
26 1   0.498971
26 2   0.498971
26 3   0.498971
26 4   0.498971
26 5   0.498971
26 6   0.498971
26 7   0.498971
26 8   0.498971
26 9   0.498971
26 10   0.498971
26 11   0.498971
26 12   0.498971
26 13   0.498971
26 14   0.498971
26 15   0.498971
26 16   0.498971
26 17   0.498971
26 18   0.498971
26 19   0.498971
26 20   0.498971
26 21   0.498971
26 22   0.498971
26 23   0.498971
26 24   0.498971
26 25   0.498971
26 26   0.498971
26 27   0.498971
26 28   0.498971
26 29   0.498971
26 30   0.498971
26 31   0.498971
26 32   0.498971
26 33   0.498971
26 34   0.498971
26 35   0.498971
26 36   0.498971
26 37   0.498971
26 38   0.498971
26 39   0.498971
26 40   0.498971
27 1   0.495984
27 2   0.495984
27 3   0.495984
27 4   0.495984
27 5   0.495984
27 6   0.495984
27 7   0.495984
27 8   0.495984
27 9   0.495984
27 10   0.495984
27 11   0.495984
27 12   0.495984
27 13   0.495984
27 14   0.495984
27 15   0.495984
27 16   0.495984
27 17   0.495984
27 18   0.495984
27 19   0.495984
27 20   0.495984
27 21   0.495984
27 22   0.495984
27 23   0.495984
27 24   0.495984
27 25   0.495984
27 26   0.495984
27 27   0.495984
27 28   0.495984
27 29   0.495984
27 30   0.495984
27 31   0.495984
27 32   0.495984
27 33   0.495984
27 34   0.495984
27 35   0.495984
27 36   0.495984
27 37   0.495984
27 38   0.495984
27 39   0.495984
27 40   0.495984
28 1   0.504826
28 2   0.504826
28 3   0.504826
28 4   0.504826
28 5   0.504826
28 6   0.504826
28 7   0.504826
28 8   0.504826
28 9   0.504826
28 10   0.504826
28 11   0.504826
28 12   0.504826
28 13   0.504826
28 14   0.504826
28 15   0.504826
28 16   0.504826
28 17   0.504826
28 18   0.504826
28 19   0.504826
28 20   0.504826
28 21   0.504826
28 22   0.504826
28 23   0.504826
28 24   0.504826
28 25   0.504826
28 26   0.504826
28 27   0.504826
28 28   0.504826
28 29   0.504826
28 30   0.504826
28 31   0.504826
28 32   0.504826
28 33   0.504826
28 34   0.504826
28 35   0.504826
28 36   0.504826
28 37   0.504826
28 38   0.504826
28 39   0.504826
28 40   0.504826
29 1   0.525016
29 2   0.525016
29 3   0.525016
29 4   0.525016
29 5   0.525016
29 6   0.525016
29 7   0.525016
29 8   0.525016
29 9   0.525016
29 10   0.525016
29 11   0.525016
29 12   0.525016
29 13   0.525016
29 14   0.525016
29 15   0.525016
29 16   0.525016
29 17   0.525016
29 18   0.525016
29 19   0.525016
29 20   0.525016
29 21   0.525016
29 22   0.525016
29 23   0.525016
29 24   0.525016
29 25   0.525016
29 26   0.525016
29 27   0.525016
29 28   0.525016
29 29   0.525016
29 30   0.525016
29 31   0.525016
29 32   0.525016
29 33   0.525016
29 34   0.525016
29 35   0.525016
29 36   0.525016
29 37   0.525016
29 38   0.525016
29 39   0.525016
29 40   0.525016
30 1   0.55054
30 2   0.55054
30 3   0.55054
30 4   0.55054
30 5   0.55054
30 6   0.55054
30 7   0.55054
30 8   0.55054
30 9   0.55054
30 10   0.55054
30 11   0.55054
30 12   0.55054
30 13   0.55054
30 14   0.55054
30 15   0.55054
30 16   0.55054
30 17   0.55054
30 18   0.55054
30 19   0.55054
30 20   0.55054
30 21   0.55054
30 22   0.55054
30 23   0.55054
30 24   0.55054
30 25   0.55054
30 26   0.55054
30 27   0.55054
30 28   0.55054
30 29   0.55054
30 30   0.55054
30 31   0.55054
30 32   0.55054
30 33   0.55054
30 34   0.55054
30 35   0.55054
30 36   0.55054
30 37   0.55054
30 38   0.55054
30 39   0.55054
30 40   0.55054
31 1   0.57578
31 2   0.57578
31 3   0.57578
31 4   0.57578
31 5   0.57578
31 6   0.57578
31 7   0.57578
31 8   0.57578
31 9   0.57578
31 10   0.57578
31 11   0.57578
31 12   0.57578
31 13   0.57578
31 14   0.57578
31 15   0.57578
31 16   0.57578
31 17   0.57578
31 18   0.57578
31 19   0.57578
31 20   0.57578
31 21   0.57578
31 22   0.57578
31 23   0.57578
31 24   0.57578
31 25   0.57578
31 26   0.57578
31 27   0.57578
31 28   0.57578
31 29   0.57578
31 30   0.57578
31 31   0.57578
31 32   0.57578
31 33   0.57578
31 34   0.57578
31 35   0.57578
31 36   0.57578
31 37   0.57578
31 38   0.57578
31 39   0.57578
31 40   0.57578
32 1   0.599835
32 2   0.599835
32 3   0.599835
32 4   0.599835
32 5   0.599835
32 6   0.599835
32 7   0.599835
32 8   0.599835
32 9   0.599835
32 10   0.599835
32 11   0.599835
32 12   0.599835
32 13   0.599835
32 14   0.599835
32 15   0.599835
32 16   0.599835
32 17   0.599835
32 18   0.599835
32 19   0.599835
32 20   0.599835
32 21   0.599835
32 22   0.599835
32 23   0.599835
32 24   0.599835
32 25   0.599835
32 26   0.599835
32 27   0.599835
32 28   0.599835
32 29   0.599835
32 30   0.599835
32 31   0.599835
32 32   0.599835
32 33   0.599835
32 34   0.599835
32 35   0.599835
32 36   0.599835
32 37   0.599835
32 38   0.599835
32 39   0.599835
32 40   0.599835
33 1   0.626323
33 2   0.626323
33 3   0.626323
33 4   0.626323
33 5   0.626323
33 6   0.626323
33 7   0.626323
33 8   0.626323
33 9   0.626323
33 10   0.626323
33 11   0.626323
33 12   0.626323
33 13   0.626323
33 14   0.626323
33 15   0.626323
33 16   0.626323
33 17   0.626323
33 18   0.626323
33 19   0.626323
33 20   0.626323
33 21   0.626323
33 22   0.626323
33 23   0.626323
33 24   0.626323
33 25   0.626323
33 26   0.626323
33 27   0.626323
33 28   0.626323
33 29   0.626323
33 30   0.626323
33 31   0.626323
33 32   0.626323
33 33   0.626323
33 34   0.626323
33 35   0.626323
33 36   0.626323
33 37   0.626323
33 38   0.626323
33 39   0.626323
33 40   0.626323
34 1   0.662009
34 2   0.662009
34 3   0.662009
34 4   0.662009
34 5   0.662009
34 6   0.662009
34 7   0.662009
34 8   0.662009
34 9   0.662009
34 10   0.662009
34 11   0.662009
34 12   0.662009
34 13   0.662009
34 14   0.662009
34 15   0.662009
34 16   0.662009
34 17   0.662009
34 18   0.662009
34 19   0.662009
34 20   0.662009
34 21   0.662009
34 22   0.662009
34 23   0.662009
34 24   0.662009
34 25   0.662009
34 26   0.662009
34 27   0.662009
34 28   0.662009
34 29   0.662009
34 30   0.662009
34 31   0.662009
34 32   0.662009
34 33   0.662009
34 34   0.662009
34 35   0.662009
34 36   0.662009
34 37   0.662009
34 38   0.662009
34 39   0.662009
34 40   0.662009
35 1   0.71577
35 2   0.71577
35 3   0.71577
35 4   0.71577
35 5   0.71577
35 6   0.71577
35 7   0.71577
35 8   0.71577
35 9   0.71577
35 10   0.71577
35 11   0.71577
35 12   0.71577
35 13   0.71577
35 14   0.71577
35 15   0.71577
35 16   0.71577
35 17   0.71577
35 18   0.71577
35 19   0.71577
35 20   0.71577
35 21   0.71577
35 22   0.71577
35 23   0.71577
35 24   0.71577
35 25   0.71577
35 26   0.71577
35 27   0.71577
35 28   0.71577
35 29   0.71577
35 30   0.71577
35 31   0.71577
35 32   0.71577
35 33   0.71577
35 34   0.71577
35 35   0.71577
35 36   0.71577
35 37   0.71577
35 38   0.71577
35 39   0.71577
35 40   0.71577
36 1   0.793937
36 2   0.793937
36 3   0.793937
36 4   0.793937
36 5   0.793937
36 6   0.793937
36 7   0.793937
36 8   0.793937
36 9   0.793937
36 10   0.793937
36 11   0.793937
36 12   0.793937
36 13   0.793937
36 14   0.793937
36 15   0.793937
36 16   0.793937
36 17   0.793937
36 18   0.793937
36 19   0.793937
36 20   0.793937
36 21   0.793937
36 22   0.793937
36 23   0.793937
36 24   0.793937
36 25   0.793937
36 26   0.793937
36 27   0.793937
36 28   0.793937
36 29   0.793937
36 30   0.793937
36 31   0.793937
36 32   0.793937
36 33   0.793937
36 34   0.793937
36 35   0.793937
36 36   0.793937
36 37   0.793937
36 38   0.793937
36 39   0.793937
36 40   0.793937
37 1   0.892442
37 2   0.892442
37 3   0.892442
37 4   0.892442
37 5   0.892442
37 6   0.892442
37 7   0.892442
37 8   0.892442
37 9   0.892442
37 10   0.892442
37 11   0.892442
37 12   0.892442
37 13   0.892442
37 14   0.892442
37 15   0.892442
37 16   0.892442
37 17   0.892442
37 18   0.892442
37 19   0.892442
37 20   0.892442
37 21   0.892442
37 22   0.892442
37 23   0.892442
37 24   0.892442
37 25   0.892442
37 26   0.892442
37 27   0.892442
37 28   0.892442
37 29   0.892442
37 30   0.892442
37 31   0.892442
37 32   0.892442
37 33   0.892442
37 34   0.892442
37 35   0.892442
37 36   0.892442
37 37   0.892442
37 38   0.892442
37 39   0.892442
37 40   0.892442
38 1   0.994406
38 2   0.994406
38 3   0.994406
38 4   0.994406
38 5   0.994406
38 6   0.994406
38 7   0.994406
38 8   0.994406
38 9   0.994406
38 10   0.994406
38 11   0.994406
38 12   0.994406
38 13   0.994406
38 14   0.994406
38 15   0.994406
38 16   0.994406
38 17   0.994406
38 18   0.994406
38 19   0.994406
38 20   0.994406
38 21   0.994406
38 22   0.994406
38 23   0.994406
38 24   0.994406
38 25   0.994406
38 26   0.994406
38 27   0.994406
38 28   0.994406
38 29   0.994406
38 30   0.994406
38 31   0.994406
38 32   0.994406
38 33   0.994406
38 34   0.994406
38 35   0.994406
38 36   0.994406
38 37   0.994406
38 38   0.994406
38 39   0.994406
38 40   0.994406
39 1   1.07745
39 2   1.07745
39 3   1.07745
39 4   1.07745
39 5   1.07745
39 6   1.07745
39 7   1.07745
39 8   1.07745
39 9   1.07745
39 10   1.07745
39 11   1.07745
39 12   1.07745
39 13   1.07745
39 14   1.07745
39 15   1.07745
39 16   1.07745
39 17   1.07745
39 18   1.07745
39 19   1.07745
39 20   1.07745
39 21   1.07745
39 22   1.07745
39 23   1.07745
39 24   1.07745
39 25   1.07745
39 26   1.07745
39 27   1.07745
39 28   1.07745
39 29   1.07745
39 30   1.07745
39 31   1.07745
39 32   1.07745
39 33   1.07745
39 34   1.07745
39 35   1.07745
39 36   1.07745
39 37   1.07745
39 38   1.07745
39 39   1.07745
39 40   1.07745
40 1   1.12352
40 2   1.12352
40 3   1.12352
40 4   1.12352
40 5   1.12352
40 6   1.12352
40 7   1.12352
40 8   1.12352
40 9   1.12352
40 10   1.12352
40 11   1.12352
40 12   1.12352
40 13   1.12352
40 14   1.12352
40 15   1.12352
40 16   1.12352
40 17   1.12352
40 18   1.12352
40 19   1.12352
40 20   1.12352
40 21   1.12352
40 22   1.12352
40 23   1.12352
40 24   1.12352
40 25   1.12352
40 26   1.12352
40 27   1.12352
40 28   1.12352
40 29   1.12352
40 30   1.12352
40 31   1.12352
40 32   1.12352
40 33   1.12352
40 34   1.12352
40 35   1.12352
40 36   1.12352
40 37   1.12352
40 38   1.12352
40 39   1.12352
40 40   1.12352
