1 1   1.006
1 2   1.006
1 3   1.006
1 4   1.006
1 5   1.006
1 6   1.006
1 7   1.006
1 8   1.006
1 9   1.006
1 10   1.006
1 11   1.006
1 12   1.006
1 13   1.006
1 14   1.006
1 15   1.006
1 16   1.006
1 17   1.006
1 18   1.006
1 19   1.006
1 20   1.006
1 21   1.006
1 22   1.006
1 23   1.006
1 24   1.006
1 25   1.006
1 26   1.006
1 27   1.006
1 28   1.006
1 29   1.006
1 30   1.006
1 31   1.006
1 32   1.006
1 33   1.006
1 34   1.006
1 35   1.006
1 36   1.006
1 37   1.006
1 38   1.006
1 39   1.006
1 40   1.006
2 1   1.00194
2 2   1.00194
2 3   1.00194
2 4   1.00194
2 5   1.00194
2 6   1.00194
2 7   1.00194
2 8   1.00194
2 9   1.00194
2 10   1.00194
2 11   1.00194
2 12   1.00194
2 13   1.00194
2 14   1.00194
2 15   1.00194
2 16   1.00194
2 17   1.00194
2 18   1.00194
2 19   1.00194
2 20   1.00194
2 21   1.00194
2 22   1.00194
2 23   1.00194
2 24   1.00194
2 25   1.00194
2 26   1.00194
2 27   1.00194
2 28   1.00194
2 29   1.00194
2 30   1.00194
2 31   1.00194
2 32   1.00194
2 33   1.00194
2 34   1.00194
2 35   1.00194
2 36   1.00194
2 37   1.00194
2 38   1.00194
2 39   1.00194
2 40   1.00194
3 1   0.996565
3 2   0.996565
3 3   0.996565
3 4   0.996565
3 5   0.996565
3 6   0.996565
3 7   0.996565
3 8   0.996565
3 9   0.996565
3 10   0.996565
3 11   0.996565
3 12   0.996565
3 13   0.996565
3 14   0.996565
3 15   0.996565
3 16   0.996565
3 17   0.996565
3 18   0.996565
3 19   0.996565
3 20   0.996565
3 21   0.996565
3 22   0.996565
3 23   0.996565
3 24   0.996565
3 25   0.996565
3 26   0.996565
3 27   0.996565
3 28   0.996565
3 29   0.996565
3 30   0.996565
3 31   0.996565
3 32   0.996565
3 33   0.996565
3 34   0.996565
3 35   0.996565
3 36   0.996565
3 37   0.996565
3 38   0.996565
3 39   0.996565
3 40   0.996565
4 1   0.992466
4 2   0.992466
4 3   0.992466
4 4   0.992466
4 5   0.992466
4 6   0.992466
4 7   0.992466
4 8   0.992466
4 9   0.992466
4 10   0.992466
4 11   0.992466
4 12   0.992466
4 13   0.992466
4 14   0.992466
4 15   0.992466
4 16   0.992466
4 17   0.992466
4 18   0.992466
4 19   0.992466
4 20   0.992466
4 21   0.992466
4 22   0.992466
4 23   0.992466
4 24   0.992466
4 25   0.992466
4 26   0.992466
4 27   0.992466
4 28   0.992466
4 29   0.992466
4 30   0.992466
4 31   0.992466
4 32   0.992466
4 33   0.992466
4 34   0.992466
4 35   0.992466
4 36   0.992466
4 37   0.992466
4 38   0.992466
4 39   0.992466
4 40   0.992466
5 1   0.991426
5 2   0.991426
5 3   0.991426
5 4   0.991426
5 5   0.991426
5 6   0.991426
5 7   0.991426
5 8   0.991426
5 9   0.991426
5 10   0.991426
5 11   0.991426
5 12   0.991426
5 13   0.991426
5 14   0.991426
5 15   0.991426
5 16   0.991426
5 17   0.991426
5 18   0.991426
5 19   0.991426
5 20   0.991426
5 21   0.991426
5 22   0.991426
5 23   0.991426
5 24   0.991426
5 25   0.991426
5 26   0.991426
5 27   0.991426
5 28   0.991426
5 29   0.991426
5 30   0.991426
5 31   0.991426
5 32   0.991426
5 33   0.991426
5 34   0.991426
5 35   0.991426
5 36   0.991426
5 37   0.991426
5 38   0.991426
5 39   0.991426
5 40   0.991426
6 1   0.995055
6 2   0.995055
6 3   0.995055
6 4   0.995055
6 5   0.995055
6 6   0.995055
6 7   0.995055
6 8   0.995055
6 9   0.995055
6 10   0.995055
6 11   0.995055
6 12   0.995055
6 13   0.995055
6 14   0.995055
6 15   0.995055
6 16   0.995055
6 17   0.995055
6 18   0.995055
6 19   0.995055
6 20   0.995055
6 21   0.995055
6 22   0.995055
6 23   0.995055
6 24   0.995055
6 25   0.995055
6 26   0.995055
6 27   0.995055
6 28   0.995055
6 29   0.995055
6 30   0.995055
6 31   0.995055
6 32   0.995055
6 33   0.995055
6 34   0.995055
6 35   0.995055
6 36   0.995055
6 37   0.995055
6 38   0.995055
6 39   0.995055
6 40   0.995055
7 1   1.00263
7 2   1.00263
7 3   1.00263
7 4   1.00263
7 5   1.00263
7 6   1.00263
7 7   1.00263
7 8   1.00263
7 9   1.00263
7 10   1.00263
7 11   1.00263
7 12   1.00263
7 13   1.00263
7 14   1.00263
7 15   1.00263
7 16   1.00263
7 17   1.00263
7 18   1.00263
7 19   1.00263
7 20   1.00263
7 21   1.00263
7 22   1.00263
7 23   1.00263
7 24   1.00263
7 25   1.00263
7 26   1.00263
7 27   1.00263
7 28   1.00263
7 29   1.00263
7 30   1.00263
7 31   1.00263
7 32   1.00263
7 33   1.00263
7 34   1.00263
7 35   1.00263
7 36   1.00263
7 37   1.00263
7 38   1.00263
7 39   1.00263
7 40   1.00263
8 1   1.00843
8 2   1.00843
8 3   1.00843
8 4   1.00843
8 5   1.00843
8 6   1.00843
8 7   1.00843
8 8   1.00843
8 9   1.00843
8 10   1.00843
8 11   1.00843
8 12   1.00843
8 13   1.00843
8 14   1.00843
8 15   1.00843
8 16   1.00843
8 17   1.00843
8 18   1.00843
8 19   1.00843
8 20   1.00843
8 21   1.00843
8 22   1.00843
8 23   1.00843
8 24   1.00843
8 25   1.00843
8 26   1.00843
8 27   1.00843
8 28   1.00843
8 29   1.00843
8 30   1.00843
8 31   1.00843
8 32   1.00843
8 33   1.00843
8 34   1.00843
8 35   1.00843
8 36   1.00843
8 37   1.00843
8 38   1.00843
8 39   1.00843
8 40   1.00843
9 1   1.00368
9 2   1.00368
9 3   1.00368
9 4   1.00368
9 5   1.00368
9 6   1.00368
9 7   1.00368
9 8   1.00368
9 9   1.00368
9 10   1.00368
9 11   1.00368
9 12   1.00368
9 13   1.00368
9 14   1.00368
9 15   1.00368
9 16   1.00368
9 17   1.00368
9 18   1.00368
9 19   1.00368
9 20   1.00368
9 21   1.00368
9 22   1.00368
9 23   1.00368
9 24   1.00368
9 25   1.00368
9 26   1.00368
9 27   1.00368
9 28   1.00368
9 29   1.00368
9 30   1.00368
9 31   1.00368
9 32   1.00368
9 33   1.00368
9 34   1.00368
9 35   1.00368
9 36   1.00368
9 37   1.00368
9 38   1.00368
9 39   1.00368
9 40   1.00368
10 1   0.98304
10 2   0.98304
10 3   0.98304
10 4   0.98304
10 5   0.98304
10 6   0.98304
10 7   0.98304
10 8   0.98304
10 9   0.98304
10 10   0.98304
10 11   0.98304
10 12   0.98304
10 13   0.98304
10 14   0.98304
10 15   0.98304
10 16   0.98304
10 17   0.98304
10 18   0.98304
10 19   0.98304
10 20   0.98304
10 21   0.98304
10 22   0.98304
10 23   0.98304
10 24   0.98304
10 25   0.98304
10 26   0.98304
10 27   0.98304
10 28   0.98304
10 29   0.98304
10 30   0.98304
10 31   0.98304
10 32   0.98304
10 33   0.98304
10 34   0.98304
10 35   0.98304
10 36   0.98304
10 37   0.98304
10 38   0.98304
10 39   0.98304
10 40   0.98304
11 1   0.949765
11 2   0.949765
11 3   0.949765
11 4   0.949765
11 5   0.949765
11 6   0.949765
11 7   0.949765
11 8   0.949765
11 9   0.949765
11 10   0.949765
11 11   0.949765
11 12   0.949765
11 13   0.949765
11 14   0.949765
11 15   0.949765
11 16   0.949765
11 17   0.949765
11 18   0.949765
11 19   0.949765
11 20   0.949765
11 21   0.949765
11 22   0.949765
11 23   0.949765
11 24   0.949765
11 25   0.949765
11 26   0.949765
11 27   0.949765
11 28   0.949765
11 29   0.949765
11 30   0.949765
11 31   0.949765
11 32   0.949765
11 33   0.949765
11 34   0.949765
11 35   0.949765
11 36   0.949765
11 37   0.949765
11 38   0.949765
11 39   0.949765
11 40   0.949765
12 1   0.914418
12 2   0.914418
12 3   0.914418
12 4   0.914418
12 5   0.914418
12 6   0.914418
12 7   0.914418
12 8   0.914418
12 9   0.914418
12 10   0.914418
12 11   0.914418
12 12   0.914418
12 13   0.914418
12 14   0.914418
12 15   0.914418
12 16   0.914418
12 17   0.914418
12 18   0.914418
12 19   0.914418
12 20   0.914418
12 21   0.914418
12 22   0.914418
12 23   0.914418
12 24   0.914418
12 25   0.914418
12 26   0.914418
12 27   0.914418
12 28   0.914418
12 29   0.914418
12 30   0.914418
12 31   0.914418
12 32   0.914418
12 33   0.914418
12 34   0.914418
12 35   0.914418
12 36   0.914418
12 37   0.914418
12 38   0.914418
12 39   0.914418
12 40   0.914418
13 1   0.887018
13 2   0.887018
13 3   0.887018
13 4   0.887018
13 5   0.887018
13 6   0.887018
13 7   0.887018
13 8   0.887018
13 9   0.887018
13 10   0.887018
13 11   0.887018
13 12   0.887018
13 13   0.887018
13 14   0.887018
13 15   0.887018
13 16   0.887018
13 17   0.887018
13 18   0.887018
13 19   0.887018
13 20   0.887018
13 21   0.887018
13 22   0.887018
13 23   0.887018
13 24   0.887018
13 25   0.887018
13 26   0.887018
13 27   0.887018
13 28   0.887018
13 29   0.887018
13 30   0.887018
13 31   0.887018
13 32   0.887018
13 33   0.887018
13 34   0.887018
13 35   0.887018
13 36   0.887018
13 37   0.887018
13 38   0.887018
13 39   0.887018
13 40   0.887018
14 1   0.86865
14 2   0.86865
14 3   0.86865
14 4   0.86865
14 5   0.86865
14 6   0.86865
14 7   0.86865
14 8   0.86865
14 9   0.86865
14 10   0.86865
14 11   0.86865
14 12   0.86865
14 13   0.86865
14 14   0.86865
14 15   0.86865
14 16   0.86865
14 17   0.86865
14 18   0.86865
14 19   0.86865
14 20   0.86865
14 21   0.86865
14 22   0.86865
14 23   0.86865
14 24   0.86865
14 25   0.86865
14 26   0.86865
14 27   0.86865
14 28   0.86865
14 29   0.86865
14 30   0.86865
14 31   0.86865
14 32   0.86865
14 33   0.86865
14 34   0.86865
14 35   0.86865
14 36   0.86865
14 37   0.86865
14 38   0.86865
14 39   0.86865
14 40   0.86865
15 1   0.849495
15 2   0.849495
15 3   0.849495
15 4   0.849495
15 5   0.849495
15 6   0.849495
15 7   0.849495
15 8   0.849495
15 9   0.849495
15 10   0.849495
15 11   0.849495
15 12   0.849495
15 13   0.849495
15 14   0.849495
15 15   0.849495
15 16   0.849495
15 17   0.849495
15 18   0.849495
15 19   0.849495
15 20   0.849495
15 21   0.849495
15 22   0.849495
15 23   0.849495
15 24   0.849495
15 25   0.849495
15 26   0.849495
15 27   0.849495
15 28   0.849495
15 29   0.849495
15 30   0.849495
15 31   0.849495
15 32   0.849495
15 33   0.849495
15 34   0.849495
15 35   0.849495
15 36   0.849495
15 37   0.849495
15 38   0.849495
15 39   0.849495
15 40   0.849495
16 1   0.814757
16 2   0.814757
16 3   0.814757
16 4   0.814757
16 5   0.814757
16 6   0.814757
16 7   0.814757
16 8   0.814757
16 9   0.814757
16 10   0.814757
16 11   0.814757
16 12   0.814757
16 13   0.814757
16 14   0.814757
16 15   0.814757
16 16   0.814757
16 17   0.814757
16 18   0.814757
16 19   0.814757
16 20   0.814757
16 21   0.814757
16 22   0.814757
16 23   0.814757
16 24   0.814757
16 25   0.814757
16 26   0.814757
16 27   0.814757
16 28   0.814757
16 29   0.814757
16 30   0.814757
16 31   0.814757
16 32   0.814757
16 33   0.814757
16 34   0.814757
16 35   0.814757
16 36   0.814757
16 37   0.814757
16 38   0.814757
16 39   0.814757
16 40   0.814757
17 1   0.753768
17 2   0.753768
17 3   0.753768
17 4   0.753768
17 5   0.753768
17 6   0.753768
17 7   0.753768
17 8   0.753768
17 9   0.753768
17 10   0.753768
17 11   0.753768
17 12   0.753768
17 13   0.753768
17 14   0.753768
17 15   0.753768
17 16   0.753768
17 17   0.753768
17 18   0.753768
17 19   0.753768
17 20   0.753768
17 21   0.753768
17 22   0.753768
17 23   0.753768
17 24   0.753768
17 25   0.753768
17 26   0.753768
17 27   0.753768
17 28   0.753768
17 29   0.753768
17 30   0.753768
17 31   0.753768
17 32   0.753768
17 33   0.753768
17 34   0.753768
17 35   0.753768
17 36   0.753768
17 37   0.753768
17 38   0.753768
17 39   0.753768
17 40   0.753768
18 1   0.665629
18 2   0.665629
18 3   0.665629
18 4   0.665629
18 5   0.665629
18 6   0.665629
18 7   0.665629
18 8   0.665629
18 9   0.665629
18 10   0.665629
18 11   0.665629
18 12   0.665629
18 13   0.665629
18 14   0.665629
18 15   0.665629
18 16   0.665629
18 17   0.665629
18 18   0.665629
18 19   0.665629
18 20   0.665629
18 21   0.665629
18 22   0.665629
18 23   0.665629
18 24   0.665629
18 25   0.665629
18 26   0.665629
18 27   0.665629
18 28   0.665629
18 29   0.665629
18 30   0.665629
18 31   0.665629
18 32   0.665629
18 33   0.665629
18 34   0.665629
18 35   0.665629
18 36   0.665629
18 37   0.665629
18 38   0.665629
18 39   0.665629
18 40   0.665629
19 1   0.558054
19 2   0.558054
19 3   0.558054
19 4   0.558054
19 5   0.558054
19 6   0.558054
19 7   0.558054
19 8   0.558054
19 9   0.558054
19 10   0.558054
19 11   0.558054
19 12   0.558054
19 13   0.558054
19 14   0.558054
19 15   0.558054
19 16   0.558054
19 17   0.558054
19 18   0.558054
19 19   0.558054
19 20   0.558054
19 21   0.558054
19 22   0.558054
19 23   0.558054
19 24   0.558054
19 25   0.558054
19 26   0.558054
19 27   0.558054
19 28   0.558054
19 29   0.558054
19 30   0.558054
19 31   0.558054
19 32   0.558054
19 33   0.558054
19 34   0.558054
19 35   0.558054
19 36   0.558054
19 37   0.558054
19 38   0.558054
19 39   0.558054
19 40   0.558054
20 1   0.442913
20 2   0.442913
20 3   0.442913
20 4   0.442913
20 5   0.442913
20 6   0.442913
20 7   0.442913
20 8   0.442913
20 9   0.442913
20 10   0.442913
20 11   0.442913
20 12   0.442913
20 13   0.442913
20 14   0.442913
20 15   0.442913
20 16   0.442913
20 17   0.442913
20 18   0.442913
20 19   0.442913
20 20   0.442913
20 21   0.442913
20 22   0.442913
20 23   0.442913
20 24   0.442913
20 25   0.442913
20 26   0.442913
20 27   0.442913
20 28   0.442913
20 29   0.442913
20 30   0.442913
20 31   0.442913
20 32   0.442913
20 33   0.442913
20 34   0.442913
20 35   0.442913
20 36   0.442913
20 37   0.442913
20 38   0.442913
20 39   0.442913
20 40   0.442913
21 1   0.333937
21 2   0.333937
21 3   0.333937
21 4   0.333937
21 5   0.333937
21 6   0.333937
21 7   0.333937
21 8   0.333937
21 9   0.333937
21 10   0.333937
21 11   0.333937
21 12   0.333937
21 13   0.333937
21 14   0.333937
21 15   0.333937
21 16   0.333937
21 17   0.333937
21 18   0.333937
21 19   0.333937
21 20   0.333937
21 21   0.333937
21 22   0.333937
21 23   0.333937
21 24   0.333937
21 25   0.333937
21 26   0.333937
21 27   0.333937
21 28   0.333937
21 29   0.333937
21 30   0.333937
21 31   0.333937
21 32   0.333937
21 33   0.333937
21 34   0.333937
21 35   0.333937
21 36   0.333937
21 37   0.333937
21 38   0.333937
21 39   0.333937
21 40   0.333937
22 1   0.245166
22 2   0.245166
22 3   0.245166
22 4   0.245166
22 5   0.245166
22 6   0.245166
22 7   0.245166
22 8   0.245166
22 9   0.245166
22 10   0.245166
22 11   0.245166
22 12   0.245166
22 13   0.245166
22 14   0.245166
22 15   0.245166
22 16   0.245166
22 17   0.245166
22 18   0.245166
22 19   0.245166
22 20   0.245166
22 21   0.245166
22 22   0.245166
22 23   0.245166
22 24   0.245166
22 25   0.245166
22 26   0.245166
22 27   0.245166
22 28   0.245166
22 29   0.245166
22 30   0.245166
22 31   0.245166
22 32   0.245166
22 33   0.245166
22 34   0.245166
22 35   0.245166
22 36   0.245166
22 37   0.245166
22 38   0.245166
22 39   0.245166
22 40   0.245166
23 1   0.185419
23 2   0.185419
23 3   0.185419
23 4   0.185419
23 5   0.185419
23 6   0.185419
23 7   0.185419
23 8   0.185419
23 9   0.185419
23 10   0.185419
23 11   0.185419
23 12   0.185419
23 13   0.185419
23 14   0.185419
23 15   0.185419
23 16   0.185419
23 17   0.185419
23 18   0.185419
23 19   0.185419
23 20   0.185419
23 21   0.185419
23 22   0.185419
23 23   0.185419
23 24   0.185419
23 25   0.185419
23 26   0.185419
23 27   0.185419
23 28   0.185419
23 29   0.185419
23 30   0.185419
23 31   0.185419
23 32   0.185419
23 33   0.185419
23 34   0.185419
23 35   0.185419
23 36   0.185419
23 37   0.185419
23 38   0.185419
23 39   0.185419
23 40   0.185419
24 1   0.151996
24 2   0.151996
24 3   0.151996
24 4   0.151996
24 5   0.151996
24 6   0.151996
24 7   0.151996
24 8   0.151996
24 9   0.151996
24 10   0.151996
24 11   0.151996
24 12   0.151996
24 13   0.151996
24 14   0.151996
24 15   0.151996
24 16   0.151996
24 17   0.151996
24 18   0.151996
24 19   0.151996
24 20   0.151996
24 21   0.151996
24 22   0.151996
24 23   0.151996
24 24   0.151996
24 25   0.151996
24 26   0.151996
24 27   0.151996
24 28   0.151996
24 29   0.151996
24 30   0.151996
24 31   0.151996
24 32   0.151996
24 33   0.151996
24 34   0.151996
24 35   0.151996
24 36   0.151996
24 37   0.151996
24 38   0.151996
24 39   0.151996
24 40   0.151996
25 1   0.13209
25 2   0.13209
25 3   0.13209
25 4   0.13209
25 5   0.13209
25 6   0.13209
25 7   0.13209
25 8   0.13209
25 9   0.13209
25 10   0.13209
25 11   0.13209
25 12   0.13209
25 13   0.13209
25 14   0.13209
25 15   0.13209
25 16   0.13209
25 17   0.13209
25 18   0.13209
25 19   0.13209
25 20   0.13209
25 21   0.13209
25 22   0.13209
25 23   0.13209
25 24   0.13209
25 25   0.13209
25 26   0.13209
25 27   0.13209
25 28   0.13209
25 29   0.13209
25 30   0.13209
25 31   0.13209
25 32   0.13209
25 33   0.13209
25 34   0.13209
25 35   0.13209
25 36   0.13209
25 37   0.13209
25 38   0.13209
25 39   0.13209
25 40   0.13209
26 1   0.111749
26 2   0.111749
26 3   0.111749
26 4   0.111749
26 5   0.111749
26 6   0.111749
26 7   0.111749
26 8   0.111749
26 9   0.111749
26 10   0.111749
26 11   0.111749
26 12   0.111749
26 13   0.111749
26 14   0.111749
26 15   0.111749
26 16   0.111749
26 17   0.111749
26 18   0.111749
26 19   0.111749
26 20   0.111749
26 21   0.111749
26 22   0.111749
26 23   0.111749
26 24   0.111749
26 25   0.111749
26 26   0.111749
26 27   0.111749
26 28   0.111749
26 29   0.111749
26 30   0.111749
26 31   0.111749
26 32   0.111749
26 33   0.111749
26 34   0.111749
26 35   0.111749
26 36   0.111749
26 37   0.111749
26 38   0.111749
26 39   0.111749
26 40   0.111749
27 1   0.0840615
27 2   0.0840615
27 3   0.0840615
27 4   0.0840615
27 5   0.0840615
27 6   0.0840615
27 7   0.0840615
27 8   0.0840615
27 9   0.0840615
27 10   0.0840615
27 11   0.0840615
27 12   0.0840615
27 13   0.0840615
27 14   0.0840615
27 15   0.0840615
27 16   0.0840615
27 17   0.0840615
27 18   0.0840615
27 19   0.0840615
27 20   0.0840615
27 21   0.0840615
27 22   0.0840615
27 23   0.0840615
27 24   0.0840615
27 25   0.0840615
27 26   0.0840615
27 27   0.0840615
27 28   0.0840615
27 29   0.0840615
27 30   0.0840615
27 31   0.0840615
27 32   0.0840615
27 33   0.0840615
27 34   0.0840615
27 35   0.0840615
27 36   0.0840615
27 37   0.0840615
27 38   0.0840615
27 39   0.0840615
27 40   0.0840615
28 1   0.0509629
28 2   0.0509629
28 3   0.0509629
28 4   0.0509629
28 5   0.0509629
28 6   0.0509629
28 7   0.0509629
28 8   0.0509629
28 9   0.0509629
28 10   0.0509629
28 11   0.0509629
28 12   0.0509629
28 13   0.0509629
28 14   0.0509629
28 15   0.0509629
28 16   0.0509629
28 17   0.0509629
28 18   0.0509629
28 19   0.0509629
28 20   0.0509629
28 21   0.0509629
28 22   0.0509629
28 23   0.0509629
28 24   0.0509629
28 25   0.0509629
28 26   0.0509629
28 27   0.0509629
28 28   0.0509629
28 29   0.0509629
28 30   0.0509629
28 31   0.0509629
28 32   0.0509629
28 33   0.0509629
28 34   0.0509629
28 35   0.0509629
28 36   0.0509629
28 37   0.0509629
28 38   0.0509629
28 39   0.0509629
28 40   0.0509629
29 1   0.0195899
29 2   0.0195899
29 3   0.0195899
29 4   0.0195899
29 5   0.0195899
29 6   0.0195899
29 7   0.0195899
29 8   0.0195899
29 9   0.0195899
29 10   0.0195899
29 11   0.0195899
29 12   0.0195899
29 13   0.0195899
29 14   0.0195899
29 15   0.0195899
29 16   0.0195899
29 17   0.0195899
29 18   0.0195899
29 19   0.0195899
29 20   0.0195899
29 21   0.0195899
29 22   0.0195899
29 23   0.0195899
29 24   0.0195899
29 25   0.0195899
29 26   0.0195899
29 27   0.0195899
29 28   0.0195899
29 29   0.0195899
29 30   0.0195899
29 31   0.0195899
29 32   0.0195899
29 33   0.0195899
29 34   0.0195899
29 35   0.0195899
29 36   0.0195899
29 37   0.0195899
29 38   0.0195899
29 39   0.0195899
29 40   0.0195899
30 1   -0.00254977
30 2   -0.00254977
30 3   -0.00254977
30 4   -0.00254977
30 5   -0.00254977
30 6   -0.00254977
30 7   -0.00254977
30 8   -0.00254977
30 9   -0.00254977
30 10   -0.00254977
30 11   -0.00254977
30 12   -0.00254977
30 13   -0.00254977
30 14   -0.00254977
30 15   -0.00254977
30 16   -0.00254977
30 17   -0.00254977
30 18   -0.00254977
30 19   -0.00254977
30 20   -0.00254977
30 21   -0.00254977
30 22   -0.00254977
30 23   -0.00254977
30 24   -0.00254977
30 25   -0.00254977
30 26   -0.00254977
30 27   -0.00254977
30 28   -0.00254977
30 29   -0.00254977
30 30   -0.00254977
30 31   -0.00254977
30 32   -0.00254977
30 33   -0.00254977
30 34   -0.00254977
30 35   -0.00254977
30 36   -0.00254977
30 37   -0.00254977
30 38   -0.00254977
30 39   -0.00254977
30 40   -0.00254977
31 1   -0.0108464
31 2   -0.0108464
31 3   -0.0108464
31 4   -0.0108464
31 5   -0.0108464
31 6   -0.0108464
31 7   -0.0108464
31 8   -0.0108464
31 9   -0.0108464
31 10   -0.0108464
31 11   -0.0108464
31 12   -0.0108464
31 13   -0.0108464
31 14   -0.0108464
31 15   -0.0108464
31 16   -0.0108464
31 17   -0.0108464
31 18   -0.0108464
31 19   -0.0108464
31 20   -0.0108464
31 21   -0.0108464
31 22   -0.0108464
31 23   -0.0108464
31 24   -0.0108464
31 25   -0.0108464
31 26   -0.0108464
31 27   -0.0108464
31 28   -0.0108464
31 29   -0.0108464
31 30   -0.0108464
31 31   -0.0108464
31 32   -0.0108464
31 33   -0.0108464
31 34   -0.0108464
31 35   -0.0108464
31 36   -0.0108464
31 37   -0.0108464
31 38   -0.0108464
31 39   -0.0108464
31 40   -0.0108464
32 1   -0.00588504
32 2   -0.00588504
32 3   -0.00588504
32 4   -0.00588504
32 5   -0.00588504
32 6   -0.00588504
32 7   -0.00588504
32 8   -0.00588504
32 9   -0.00588504
32 10   -0.00588504
32 11   -0.00588504
32 12   -0.00588504
32 13   -0.00588504
32 14   -0.00588504
32 15   -0.00588504
32 16   -0.00588504
32 17   -0.00588504
32 18   -0.00588504
32 19   -0.00588504
32 20   -0.00588504
32 21   -0.00588504
32 22   -0.00588504
32 23   -0.00588504
32 24   -0.00588504
32 25   -0.00588504
32 26   -0.00588504
32 27   -0.00588504
32 28   -0.00588504
32 29   -0.00588504
32 30   -0.00588504
32 31   -0.00588504
32 32   -0.00588504
32 33   -0.00588504
32 34   -0.00588504
32 35   -0.00588504
32 36   -0.00588504
32 37   -0.00588504
32 38   -0.00588504
32 39   -0.00588504
32 40   -0.00588504
33 1   0.00552473
33 2   0.00552473
33 3   0.00552473
33 4   0.00552473
33 5   0.00552473
33 6   0.00552473
33 7   0.00552473
33 8   0.00552473
33 9   0.00552473
33 10   0.00552473
33 11   0.00552473
33 12   0.00552473
33 13   0.00552473
33 14   0.00552473
33 15   0.00552473
33 16   0.00552473
33 17   0.00552473
33 18   0.00552473
33 19   0.00552473
33 20   0.00552473
33 21   0.00552473
33 22   0.00552473
33 23   0.00552473
33 24   0.00552473
33 25   0.00552473
33 26   0.00552473
33 27   0.00552473
33 28   0.00552473
33 29   0.00552473
33 30   0.00552473
33 31   0.00552473
33 32   0.00552473
33 33   0.00552473
33 34   0.00552473
33 35   0.00552473
33 36   0.00552473
33 37   0.00552473
33 38   0.00552473
33 39   0.00552473
33 40   0.00552473
34 1   0.013466
34 2   0.013466
34 3   0.013466
34 4   0.013466
34 5   0.013466
34 6   0.013466
34 7   0.013466
34 8   0.013466
34 9   0.013466
34 10   0.013466
34 11   0.013466
34 12   0.013466
34 13   0.013466
34 14   0.013466
34 15   0.013466
34 16   0.013466
34 17   0.013466
34 18   0.013466
34 19   0.013466
34 20   0.013466
34 21   0.013466
34 22   0.013466
34 23   0.013466
34 24   0.013466
34 25   0.013466
34 26   0.013466
34 27   0.013466
34 28   0.013466
34 29   0.013466
34 30   0.013466
34 31   0.013466
34 32   0.013466
34 33   0.013466
34 34   0.013466
34 35   0.013466
34 36   0.013466
34 37   0.013466
34 38   0.013466
34 39   0.013466
34 40   0.013466
35 1   0.0114203
35 2   0.0114203
35 3   0.0114203
35 4   0.0114203
35 5   0.0114203
35 6   0.0114203
35 7   0.0114203
35 8   0.0114203
35 9   0.0114203
35 10   0.0114203
35 11   0.0114203
35 12   0.0114203
35 13   0.0114203
35 14   0.0114203
35 15   0.0114203
35 16   0.0114203
35 17   0.0114203
35 18   0.0114203
35 19   0.0114203
35 20   0.0114203
35 21   0.0114203
35 22   0.0114203
35 23   0.0114203
35 24   0.0114203
35 25   0.0114203
35 26   0.0114203
35 27   0.0114203
35 28   0.0114203
35 29   0.0114203
35 30   0.0114203
35 31   0.0114203
35 32   0.0114203
35 33   0.0114203
35 34   0.0114203
35 35   0.0114203
35 36   0.0114203
35 37   0.0114203
35 38   0.0114203
35 39   0.0114203
35 40   0.0114203
36 1   0.000874628
36 2   0.000874628
36 3   0.000874628
36 4   0.000874628
36 5   0.000874628
36 6   0.000874628
36 7   0.000874628
36 8   0.000874628
36 9   0.000874628
36 10   0.000874628
36 11   0.000874628
36 12   0.000874628
36 13   0.000874628
36 14   0.000874628
36 15   0.000874628
36 16   0.000874628
36 17   0.000874628
36 18   0.000874628
36 19   0.000874628
36 20   0.000874628
36 21   0.000874628
36 22   0.000874628
36 23   0.000874628
36 24   0.000874628
36 25   0.000874628
36 26   0.000874628
36 27   0.000874628
36 28   0.000874628
36 29   0.000874628
36 30   0.000874628
36 31   0.000874628
36 32   0.000874628
36 33   0.000874628
36 34   0.000874628
36 35   0.000874628
36 36   0.000874628
36 37   0.000874628
36 38   0.000874628
36 39   0.000874628
36 40   0.000874628
37 1   -0.00950791
37 2   -0.00950791
37 3   -0.00950791
37 4   -0.00950791
37 5   -0.00950791
37 6   -0.00950791
37 7   -0.00950791
37 8   -0.00950791
37 9   -0.00950791
37 10   -0.00950791
37 11   -0.00950791
37 12   -0.00950791
37 13   -0.00950791
37 14   -0.00950791
37 15   -0.00950791
37 16   -0.00950791
37 17   -0.00950791
37 18   -0.00950791
37 19   -0.00950791
37 20   -0.00950791
37 21   -0.00950791
37 22   -0.00950791
37 23   -0.00950791
37 24   -0.00950791
37 25   -0.00950791
37 26   -0.00950791
37 27   -0.00950791
37 28   -0.00950791
37 29   -0.00950791
37 30   -0.00950791
37 31   -0.00950791
37 32   -0.00950791
37 33   -0.00950791
37 34   -0.00950791
37 35   -0.00950791
37 36   -0.00950791
37 37   -0.00950791
37 38   -0.00950791
37 39   -0.00950791
37 40   -0.00950791
38 1   -0.0103532
38 2   -0.0103532
38 3   -0.0103532
38 4   -0.0103532
38 5   -0.0103532
38 6   -0.0103532
38 7   -0.0103532
38 8   -0.0103532
38 9   -0.0103532
38 10   -0.0103532
38 11   -0.0103532
38 12   -0.0103532
38 13   -0.0103532
38 14   -0.0103532
38 15   -0.0103532
38 16   -0.0103532
38 17   -0.0103532
38 18   -0.0103532
38 19   -0.0103532
38 20   -0.0103532
38 21   -0.0103532
38 22   -0.0103532
38 23   -0.0103532
38 24   -0.0103532
38 25   -0.0103532
38 26   -0.0103532
38 27   -0.0103532
38 28   -0.0103532
38 29   -0.0103532
38 30   -0.0103532
38 31   -0.0103532
38 32   -0.0103532
38 33   -0.0103532
38 34   -0.0103532
38 35   -0.0103532
38 36   -0.0103532
38 37   -0.0103532
38 38   -0.0103532
38 39   -0.0103532
38 40   -0.0103532
39 1   -0.000590055
39 2   -0.000590055
39 3   -0.000590055
39 4   -0.000590055
39 5   -0.000590055
39 6   -0.000590055
39 7   -0.000590055
39 8   -0.000590055
39 9   -0.000590055
39 10   -0.000590055
39 11   -0.000590055
39 12   -0.000590055
39 13   -0.000590055
39 14   -0.000590055
39 15   -0.000590055
39 16   -0.000590055
39 17   -0.000590055
39 18   -0.000590055
39 19   -0.000590055
39 20   -0.000590055
39 21   -0.000590055
39 22   -0.000590055
39 23   -0.000590055
39 24   -0.000590055
39 25   -0.000590055
39 26   -0.000590055
39 27   -0.000590055
39 28   -0.000590055
39 29   -0.000590055
39 30   -0.000590055
39 31   -0.000590055
39 32   -0.000590055
39 33   -0.000590055
39 34   -0.000590055
39 35   -0.000590055
39 36   -0.000590055
39 37   -0.000590055
39 38   -0.000590055
39 39   -0.000590055
39 40   -0.000590055
40 1   0.00988166
40 2   0.00988166
40 3   0.00988166
40 4   0.00988166
40 5   0.00988166
40 6   0.00988166
40 7   0.00988166
40 8   0.00988166
40 9   0.00988166
40 10   0.00988166
40 11   0.00988166
40 12   0.00988166
40 13   0.00988166
40 14   0.00988166
40 15   0.00988166
40 16   0.00988166
40 17   0.00988166
40 18   0.00988166
40 19   0.00988166
40 20   0.00988166
40 21   0.00988166
40 22   0.00988166
40 23   0.00988166
40 24   0.00988166
40 25   0.00988166
40 26   0.00988166
40 27   0.00988166
40 28   0.00988166
40 29   0.00988166
40 30   0.00988166
40 31   0.00988166
40 32   0.00988166
40 33   0.00988166
40 34   0.00988166
40 35   0.00988166
40 36   0.00988166
40 37   0.00988166
40 38   0.00988166
40 39   0.00988166
40 40   0.00988166
