1 1   -0.00412962
1 2   -0.00412962
1 3   -0.00412962
1 4   -0.00412962
1 5   -0.00412962
1 6   -0.00412962
1 7   -0.00412962
1 8   -0.00412962
1 9   -0.00412962
1 10   -0.00412962
1 11   -0.00412962
1 12   -0.00412962
1 13   -0.00412962
1 14   -0.00412962
1 15   -0.00412962
1 16   -0.00412962
1 17   -0.00412962
1 18   -0.00412962
1 19   -0.00412962
1 20   -0.00412962
1 21   -0.00412962
1 22   -0.00412962
1 23   -0.00412962
1 24   -0.00412962
1 25   -0.00412962
1 26   -0.00412962
1 27   -0.00412962
1 28   -0.00412962
1 29   -0.00412962
1 30   -0.00412962
1 31   -0.00412962
1 32   -0.00412962
1 33   -0.00412962
1 34   -0.00412962
1 35   -0.00412962
1 36   -0.00412962
1 37   -0.00412962
1 38   -0.00412962
1 39   -0.00412962
1 40   -0.00412962
2 1   -0.00231066
2 2   -0.00231066
2 3   -0.00231066
2 4   -0.00231066
2 5   -0.00231066
2 6   -0.00231066
2 7   -0.00231066
2 8   -0.00231066
2 9   -0.00231066
2 10   -0.00231066
2 11   -0.00231066
2 12   -0.00231066
2 13   -0.00231066
2 14   -0.00231066
2 15   -0.00231066
2 16   -0.00231066
2 17   -0.00231066
2 18   -0.00231066
2 19   -0.00231066
2 20   -0.00231066
2 21   -0.00231066
2 22   -0.00231066
2 23   -0.00231066
2 24   -0.00231066
2 25   -0.00231066
2 26   -0.00231066
2 27   -0.00231066
2 28   -0.00231066
2 29   -0.00231066
2 30   -0.00231066
2 31   -0.00231066
2 32   -0.00231066
2 33   -0.00231066
2 34   -0.00231066
2 35   -0.00231066
2 36   -0.00231066
2 37   -0.00231066
2 38   -0.00231066
2 39   -0.00231066
2 40   -0.00231066
3 1   0.001749
3 2   0.001749
3 3   0.001749
3 4   0.001749
3 5   0.001749
3 6   0.001749
3 7   0.001749
3 8   0.001749
3 9   0.001749
3 10   0.001749
3 11   0.001749
3 12   0.001749
3 13   0.001749
3 14   0.001749
3 15   0.001749
3 16   0.001749
3 17   0.001749
3 18   0.001749
3 19   0.001749
3 20   0.001749
3 21   0.001749
3 22   0.001749
3 23   0.001749
3 24   0.001749
3 25   0.001749
3 26   0.001749
3 27   0.001749
3 28   0.001749
3 29   0.001749
3 30   0.001749
3 31   0.001749
3 32   0.001749
3 33   0.001749
3 34   0.001749
3 35   0.001749
3 36   0.001749
3 37   0.001749
3 38   0.001749
3 39   0.001749
3 40   0.001749
4 1   0.0068095
4 2   0.0068095
4 3   0.0068095
4 4   0.0068095
4 5   0.0068095
4 6   0.0068095
4 7   0.0068095
4 8   0.0068095
4 9   0.0068095
4 10   0.0068095
4 11   0.0068095
4 12   0.0068095
4 13   0.0068095
4 14   0.0068095
4 15   0.0068095
4 16   0.0068095
4 17   0.0068095
4 18   0.0068095
4 19   0.0068095
4 20   0.0068095
4 21   0.0068095
4 22   0.0068095
4 23   0.0068095
4 24   0.0068095
4 25   0.0068095
4 26   0.0068095
4 27   0.0068095
4 28   0.0068095
4 29   0.0068095
4 30   0.0068095
4 31   0.0068095
4 32   0.0068095
4 33   0.0068095
4 34   0.0068095
4 35   0.0068095
4 36   0.0068095
4 37   0.0068095
4 38   0.0068095
4 39   0.0068095
4 40   0.0068095
5 1   0.00864074
5 2   0.00864074
5 3   0.00864074
5 4   0.00864074
5 5   0.00864074
5 6   0.00864074
5 7   0.00864074
5 8   0.00864074
5 9   0.00864074
5 10   0.00864074
5 11   0.00864074
5 12   0.00864074
5 13   0.00864074
5 14   0.00864074
5 15   0.00864074
5 16   0.00864074
5 17   0.00864074
5 18   0.00864074
5 19   0.00864074
5 20   0.00864074
5 21   0.00864074
5 22   0.00864074
5 23   0.00864074
5 24   0.00864074
5 25   0.00864074
5 26   0.00864074
5 27   0.00864074
5 28   0.00864074
5 29   0.00864074
5 30   0.00864074
5 31   0.00864074
5 32   0.00864074
5 33   0.00864074
5 34   0.00864074
5 35   0.00864074
5 36   0.00864074
5 37   0.00864074
5 38   0.00864074
5 39   0.00864074
5 40   0.00864074
6 1   0.00311572
6 2   0.00311572
6 3   0.00311572
6 4   0.00311572
6 5   0.00311572
6 6   0.00311572
6 7   0.00311572
6 8   0.00311572
6 9   0.00311572
6 10   0.00311572
6 11   0.00311572
6 12   0.00311572
6 13   0.00311572
6 14   0.00311572
6 15   0.00311572
6 16   0.00311572
6 17   0.00311572
6 18   0.00311572
6 19   0.00311572
6 20   0.00311572
6 21   0.00311572
6 22   0.00311572
6 23   0.00311572
6 24   0.00311572
6 25   0.00311572
6 26   0.00311572
6 27   0.00311572
6 28   0.00311572
6 29   0.00311572
6 30   0.00311572
6 31   0.00311572
6 32   0.00311572
6 33   0.00311572
6 34   0.00311572
6 35   0.00311572
6 36   0.00311572
6 37   0.00311572
6 38   0.00311572
6 39   0.00311572
6 40   0.00311572
7 1   -0.00857144
7 2   -0.00857144
7 3   -0.00857144
7 4   -0.00857144
7 5   -0.00857144
7 6   -0.00857144
7 7   -0.00857144
7 8   -0.00857144
7 9   -0.00857144
7 10   -0.00857144
7 11   -0.00857144
7 12   -0.00857144
7 13   -0.00857144
7 14   -0.00857144
7 15   -0.00857144
7 16   -0.00857144
7 17   -0.00857144
7 18   -0.00857144
7 19   -0.00857144
7 20   -0.00857144
7 21   -0.00857144
7 22   -0.00857144
7 23   -0.00857144
7 24   -0.00857144
7 25   -0.00857144
7 26   -0.00857144
7 27   -0.00857144
7 28   -0.00857144
7 29   -0.00857144
7 30   -0.00857144
7 31   -0.00857144
7 32   -0.00857144
7 33   -0.00857144
7 34   -0.00857144
7 35   -0.00857144
7 36   -0.00857144
7 37   -0.00857144
7 38   -0.00857144
7 39   -0.00857144
7 40   -0.00857144
8 1   -0.0179917
8 2   -0.0179917
8 3   -0.0179917
8 4   -0.0179917
8 5   -0.0179917
8 6   -0.0179917
8 7   -0.0179917
8 8   -0.0179917
8 9   -0.0179917
8 10   -0.0179917
8 11   -0.0179917
8 12   -0.0179917
8 13   -0.0179917
8 14   -0.0179917
8 15   -0.0179917
8 16   -0.0179917
8 17   -0.0179917
8 18   -0.0179917
8 19   -0.0179917
8 20   -0.0179917
8 21   -0.0179917
8 22   -0.0179917
8 23   -0.0179917
8 24   -0.0179917
8 25   -0.0179917
8 26   -0.0179917
8 27   -0.0179917
8 28   -0.0179917
8 29   -0.0179917
8 30   -0.0179917
8 31   -0.0179917
8 32   -0.0179917
8 33   -0.0179917
8 34   -0.0179917
8 35   -0.0179917
8 36   -0.0179917
8 37   -0.0179917
8 38   -0.0179917
8 39   -0.0179917
8 40   -0.0179917
9 1   -0.0141177
9 2   -0.0141177
9 3   -0.0141177
9 4   -0.0141177
9 5   -0.0141177
9 6   -0.0141177
9 7   -0.0141177
9 8   -0.0141177
9 9   -0.0141177
9 10   -0.0141177
9 11   -0.0141177
9 12   -0.0141177
9 13   -0.0141177
9 14   -0.0141177
9 15   -0.0141177
9 16   -0.0141177
9 17   -0.0141177
9 18   -0.0141177
9 19   -0.0141177
9 20   -0.0141177
9 21   -0.0141177
9 22   -0.0141177
9 23   -0.0141177
9 24   -0.0141177
9 25   -0.0141177
9 26   -0.0141177
9 27   -0.0141177
9 28   -0.0141177
9 29   -0.0141177
9 30   -0.0141177
9 31   -0.0141177
9 32   -0.0141177
9 33   -0.0141177
9 34   -0.0141177
9 35   -0.0141177
9 36   -0.0141177
9 37   -0.0141177
9 38   -0.0141177
9 39   -0.0141177
9 40   -0.0141177
10 1   0.00583535
10 2   0.00583535
10 3   0.00583535
10 4   0.00583535
10 5   0.00583535
10 6   0.00583535
10 7   0.00583535
10 8   0.00583535
10 9   0.00583535
10 10   0.00583535
10 11   0.00583535
10 12   0.00583535
10 13   0.00583535
10 14   0.00583535
10 15   0.00583535
10 16   0.00583535
10 17   0.00583535
10 18   0.00583535
10 19   0.00583535
10 20   0.00583535
10 21   0.00583535
10 22   0.00583535
10 23   0.00583535
10 24   0.00583535
10 25   0.00583535
10 26   0.00583535
10 27   0.00583535
10 28   0.00583535
10 29   0.00583535
10 30   0.00583535
10 31   0.00583535
10 32   0.00583535
10 33   0.00583535
10 34   0.00583535
10 35   0.00583535
10 36   0.00583535
10 37   0.00583535
10 38   0.00583535
10 39   0.00583535
10 40   0.00583535
11 1   0.0300378
11 2   0.0300378
11 3   0.0300378
11 4   0.0300378
11 5   0.0300378
11 6   0.0300378
11 7   0.0300378
11 8   0.0300378
11 9   0.0300378
11 10   0.0300378
11 11   0.0300378
11 12   0.0300378
11 13   0.0300378
11 14   0.0300378
11 15   0.0300378
11 16   0.0300378
11 17   0.0300378
11 18   0.0300378
11 19   0.0300378
11 20   0.0300378
11 21   0.0300378
11 22   0.0300378
11 23   0.0300378
11 24   0.0300378
11 25   0.0300378
11 26   0.0300378
11 27   0.0300378
11 28   0.0300378
11 29   0.0300378
11 30   0.0300378
11 31   0.0300378
11 32   0.0300378
11 33   0.0300378
11 34   0.0300378
11 35   0.0300378
11 36   0.0300378
11 37   0.0300378
11 38   0.0300378
11 39   0.0300378
11 40   0.0300378
12 1   0.0390694
12 2   0.0390694
12 3   0.0390694
12 4   0.0390694
12 5   0.0390694
12 6   0.0390694
12 7   0.0390694
12 8   0.0390694
12 9   0.0390694
12 10   0.0390694
12 11   0.0390694
12 12   0.0390694
12 13   0.0390694
12 14   0.0390694
12 15   0.0390694
12 16   0.0390694
12 17   0.0390694
12 18   0.0390694
12 19   0.0390694
12 20   0.0390694
12 21   0.0390694
12 22   0.0390694
12 23   0.0390694
12 24   0.0390694
12 25   0.0390694
12 26   0.0390694
12 27   0.0390694
12 28   0.0390694
12 29   0.0390694
12 30   0.0390694
12 31   0.0390694
12 32   0.0390694
12 33   0.0390694
12 34   0.0390694
12 35   0.0390694
12 36   0.0390694
12 37   0.0390694
12 38   0.0390694
12 39   0.0390694
12 40   0.0390694
13 1   0.0221883
13 2   0.0221883
13 3   0.0221883
13 4   0.0221883
13 5   0.0221883
13 6   0.0221883
13 7   0.0221883
13 8   0.0221883
13 9   0.0221883
13 10   0.0221883
13 11   0.0221883
13 12   0.0221883
13 13   0.0221883
13 14   0.0221883
13 15   0.0221883
13 16   0.0221883
13 17   0.0221883
13 18   0.0221883
13 19   0.0221883
13 20   0.0221883
13 21   0.0221883
13 22   0.0221883
13 23   0.0221883
13 24   0.0221883
13 25   0.0221883
13 26   0.0221883
13 27   0.0221883
13 28   0.0221883
13 29   0.0221883
13 30   0.0221883
13 31   0.0221883
13 32   0.0221883
13 33   0.0221883
13 34   0.0221883
13 35   0.0221883
13 36   0.0221883
13 37   0.0221883
13 38   0.0221883
13 39   0.0221883
13 40   0.0221883
14 1   -0.0113436
14 2   -0.0113436
14 3   -0.0113436
14 4   -0.0113436
14 5   -0.0113436
14 6   -0.0113436
14 7   -0.0113436
14 8   -0.0113436
14 9   -0.0113436
14 10   -0.0113436
14 11   -0.0113436
14 12   -0.0113436
14 13   -0.0113436
14 14   -0.0113436
14 15   -0.0113436
14 16   -0.0113436
14 17   -0.0113436
14 18   -0.0113436
14 19   -0.0113436
14 20   -0.0113436
14 21   -0.0113436
14 22   -0.0113436
14 23   -0.0113436
14 24   -0.0113436
14 25   -0.0113436
14 26   -0.0113436
14 27   -0.0113436
14 28   -0.0113436
14 29   -0.0113436
14 30   -0.0113436
14 31   -0.0113436
14 32   -0.0113436
14 33   -0.0113436
14 34   -0.0113436
14 35   -0.0113436
14 36   -0.0113436
14 37   -0.0113436
14 38   -0.0113436
14 39   -0.0113436
14 40   -0.0113436
15 1   -0.0396796
15 2   -0.0396796
15 3   -0.0396796
15 4   -0.0396796
15 5   -0.0396796
15 6   -0.0396796
15 7   -0.0396796
15 8   -0.0396796
15 9   -0.0396796
15 10   -0.0396796
15 11   -0.0396796
15 12   -0.0396796
15 13   -0.0396796
15 14   -0.0396796
15 15   -0.0396796
15 16   -0.0396796
15 17   -0.0396796
15 18   -0.0396796
15 19   -0.0396796
15 20   -0.0396796
15 21   -0.0396796
15 22   -0.0396796
15 23   -0.0396796
15 24   -0.0396796
15 25   -0.0396796
15 26   -0.0396796
15 27   -0.0396796
15 28   -0.0396796
15 29   -0.0396796
15 30   -0.0396796
15 31   -0.0396796
15 32   -0.0396796
15 33   -0.0396796
15 34   -0.0396796
15 35   -0.0396796
15 36   -0.0396796
15 37   -0.0396796
15 38   -0.0396796
15 39   -0.0396796
15 40   -0.0396796
16 1   -0.0461238
16 2   -0.0461238
16 3   -0.0461238
16 4   -0.0461238
16 5   -0.0461238
16 6   -0.0461238
16 7   -0.0461238
16 8   -0.0461238
16 9   -0.0461238
16 10   -0.0461238
16 11   -0.0461238
16 12   -0.0461238
16 13   -0.0461238
16 14   -0.0461238
16 15   -0.0461238
16 16   -0.0461238
16 17   -0.0461238
16 18   -0.0461238
16 19   -0.0461238
16 20   -0.0461238
16 21   -0.0461238
16 22   -0.0461238
16 23   -0.0461238
16 24   -0.0461238
16 25   -0.0461238
16 26   -0.0461238
16 27   -0.0461238
16 28   -0.0461238
16 29   -0.0461238
16 30   -0.0461238
16 31   -0.0461238
16 32   -0.0461238
16 33   -0.0461238
16 34   -0.0461238
16 35   -0.0461238
16 36   -0.0461238
16 37   -0.0461238
16 38   -0.0461238
16 39   -0.0461238
16 40   -0.0461238
17 1   -0.0223979
17 2   -0.0223979
17 3   -0.0223979
17 4   -0.0223979
17 5   -0.0223979
17 6   -0.0223979
17 7   -0.0223979
17 8   -0.0223979
17 9   -0.0223979
17 10   -0.0223979
17 11   -0.0223979
17 12   -0.0223979
17 13   -0.0223979
17 14   -0.0223979
17 15   -0.0223979
17 16   -0.0223979
17 17   -0.0223979
17 18   -0.0223979
17 19   -0.0223979
17 20   -0.0223979
17 21   -0.0223979
17 22   -0.0223979
17 23   -0.0223979
17 24   -0.0223979
17 25   -0.0223979
17 26   -0.0223979
17 27   -0.0223979
17 28   -0.0223979
17 29   -0.0223979
17 30   -0.0223979
17 31   -0.0223979
17 32   -0.0223979
17 33   -0.0223979
17 34   -0.0223979
17 35   -0.0223979
17 36   -0.0223979
17 37   -0.0223979
17 38   -0.0223979
17 39   -0.0223979
17 40   -0.0223979
18 1   0.038822
18 2   0.038822
18 3   0.038822
18 4   0.038822
18 5   0.038822
18 6   0.038822
18 7   0.038822
18 8   0.038822
18 9   0.038822
18 10   0.038822
18 11   0.038822
18 12   0.038822
18 13   0.038822
18 14   0.038822
18 15   0.038822
18 16   0.038822
18 17   0.038822
18 18   0.038822
18 19   0.038822
18 20   0.038822
18 21   0.038822
18 22   0.038822
18 23   0.038822
18 24   0.038822
18 25   0.038822
18 26   0.038822
18 27   0.038822
18 28   0.038822
18 29   0.038822
18 30   0.038822
18 31   0.038822
18 32   0.038822
18 33   0.038822
18 34   0.038822
18 35   0.038822
18 36   0.038822
18 37   0.038822
18 38   0.038822
18 39   0.038822
18 40   0.038822
19 1   0.140916
19 2   0.140916
19 3   0.140916
19 4   0.140916
19 5   0.140916
19 6   0.140916
19 7   0.140916
19 8   0.140916
19 9   0.140916
19 10   0.140916
19 11   0.140916
19 12   0.140916
19 13   0.140916
19 14   0.140916
19 15   0.140916
19 16   0.140916
19 17   0.140916
19 18   0.140916
19 19   0.140916
19 20   0.140916
19 21   0.140916
19 22   0.140916
19 23   0.140916
19 24   0.140916
19 25   0.140916
19 26   0.140916
19 27   0.140916
19 28   0.140916
19 29   0.140916
19 30   0.140916
19 31   0.140916
19 32   0.140916
19 33   0.140916
19 34   0.140916
19 35   0.140916
19 36   0.140916
19 37   0.140916
19 38   0.140916
19 39   0.140916
19 40   0.140916
20 1   0.274861
20 2   0.274861
20 3   0.274861
20 4   0.274861
20 5   0.274861
20 6   0.274861
20 7   0.274861
20 8   0.274861
20 9   0.274861
20 10   0.274861
20 11   0.274861
20 12   0.274861
20 13   0.274861
20 14   0.274861
20 15   0.274861
20 16   0.274861
20 17   0.274861
20 18   0.274861
20 19   0.274861
20 20   0.274861
20 21   0.274861
20 22   0.274861
20 23   0.274861
20 24   0.274861
20 25   0.274861
20 26   0.274861
20 27   0.274861
20 28   0.274861
20 29   0.274861
20 30   0.274861
20 31   0.274861
20 32   0.274861
20 33   0.274861
20 34   0.274861
20 35   0.274861
20 36   0.274861
20 37   0.274861
20 38   0.274861
20 39   0.274861
20 40   0.274861
21 1   0.424034
21 2   0.424034
21 3   0.424034
21 4   0.424034
21 5   0.424034
21 6   0.424034
21 7   0.424034
21 8   0.424034
21 9   0.424034
21 10   0.424034
21 11   0.424034
21 12   0.424034
21 13   0.424034
21 14   0.424034
21 15   0.424034
21 16   0.424034
21 17   0.424034
21 18   0.424034
21 19   0.424034
21 20   0.424034
21 21   0.424034
21 22   0.424034
21 23   0.424034
21 24   0.424034
21 25   0.424034
21 26   0.424034
21 27   0.424034
21 28   0.424034
21 29   0.424034
21 30   0.424034
21 31   0.424034
21 32   0.424034
21 33   0.424034
21 34   0.424034
21 35   0.424034
21 36   0.424034
21 37   0.424034
21 38   0.424034
21 39   0.424034
21 40   0.424034
22 1   0.57629
22 2   0.57629
22 3   0.57629
22 4   0.57629
22 5   0.57629
22 6   0.57629
22 7   0.57629
22 8   0.57629
22 9   0.57629
22 10   0.57629
22 11   0.57629
22 12   0.57629
22 13   0.57629
22 14   0.57629
22 15   0.57629
22 16   0.57629
22 17   0.57629
22 18   0.57629
22 19   0.57629
22 20   0.57629
22 21   0.57629
22 22   0.57629
22 23   0.57629
22 24   0.57629
22 25   0.57629
22 26   0.57629
22 27   0.57629
22 28   0.57629
22 29   0.57629
22 30   0.57629
22 31   0.57629
22 32   0.57629
22 33   0.57629
22 34   0.57629
22 35   0.57629
22 36   0.57629
22 37   0.57629
22 38   0.57629
22 39   0.57629
22 40   0.57629
23 1   0.724811
23 2   0.724811
23 3   0.724811
23 4   0.724811
23 5   0.724811
23 6   0.724811
23 7   0.724811
23 8   0.724811
23 9   0.724811
23 10   0.724811
23 11   0.724811
23 12   0.724811
23 13   0.724811
23 14   0.724811
23 15   0.724811
23 16   0.724811
23 17   0.724811
23 18   0.724811
23 19   0.724811
23 20   0.724811
23 21   0.724811
23 22   0.724811
23 23   0.724811
23 24   0.724811
23 25   0.724811
23 26   0.724811
23 27   0.724811
23 28   0.724811
23 29   0.724811
23 30   0.724811
23 31   0.724811
23 32   0.724811
23 33   0.724811
23 34   0.724811
23 35   0.724811
23 36   0.724811
23 37   0.724811
23 38   0.724811
23 39   0.724811
23 40   0.724811
24 1   0.858942
24 2   0.858942
24 3   0.858942
24 4   0.858942
24 5   0.858942
24 6   0.858942
24 7   0.858942
24 8   0.858942
24 9   0.858942
24 10   0.858942
24 11   0.858942
24 12   0.858942
24 13   0.858942
24 14   0.858942
24 15   0.858942
24 16   0.858942
24 17   0.858942
24 18   0.858942
24 19   0.858942
24 20   0.858942
24 21   0.858942
24 22   0.858942
24 23   0.858942
24 24   0.858942
24 25   0.858942
24 26   0.858942
24 27   0.858942
24 28   0.858942
24 29   0.858942
24 30   0.858942
24 31   0.858942
24 32   0.858942
24 33   0.858942
24 34   0.858942
24 35   0.858942
24 36   0.858942
24 37   0.858942
24 38   0.858942
24 39   0.858942
24 40   0.858942
25 1   0.962015
25 2   0.962015
25 3   0.962015
25 4   0.962015
25 5   0.962015
25 6   0.962015
25 7   0.962015
25 8   0.962015
25 9   0.962015
25 10   0.962015
25 11   0.962015
25 12   0.962015
25 13   0.962015
25 14   0.962015
25 15   0.962015
25 16   0.962015
25 17   0.962015
25 18   0.962015
25 19   0.962015
25 20   0.962015
25 21   0.962015
25 22   0.962015
25 23   0.962015
25 24   0.962015
25 25   0.962015
25 26   0.962015
25 27   0.962015
25 28   0.962015
25 29   0.962015
25 30   0.962015
25 31   0.962015
25 32   0.962015
25 33   0.962015
25 34   0.962015
25 35   0.962015
25 36   0.962015
25 37   0.962015
25 38   0.962015
25 39   0.962015
25 40   0.962015
26 1   1.02307
26 2   1.02307
26 3   1.02307
26 4   1.02307
26 5   1.02307
26 6   1.02307
26 7   1.02307
26 8   1.02307
26 9   1.02307
26 10   1.02307
26 11   1.02307
26 12   1.02307
26 13   1.02307
26 14   1.02307
26 15   1.02307
26 16   1.02307
26 17   1.02307
26 18   1.02307
26 19   1.02307
26 20   1.02307
26 21   1.02307
26 22   1.02307
26 23   1.02307
26 24   1.02307
26 25   1.02307
26 26   1.02307
26 27   1.02307
26 28   1.02307
26 29   1.02307
26 30   1.02307
26 31   1.02307
26 32   1.02307
26 33   1.02307
26 34   1.02307
26 35   1.02307
26 36   1.02307
26 37   1.02307
26 38   1.02307
26 39   1.02307
26 40   1.02307
27 1   1.04528
27 2   1.04528
27 3   1.04528
27 4   1.04528
27 5   1.04528
27 6   1.04528
27 7   1.04528
27 8   1.04528
27 9   1.04528
27 10   1.04528
27 11   1.04528
27 12   1.04528
27 13   1.04528
27 14   1.04528
27 15   1.04528
27 16   1.04528
27 17   1.04528
27 18   1.04528
27 19   1.04528
27 20   1.04528
27 21   1.04528
27 22   1.04528
27 23   1.04528
27 24   1.04528
27 25   1.04528
27 26   1.04528
27 27   1.04528
27 28   1.04528
27 29   1.04528
27 30   1.04528
27 31   1.04528
27 32   1.04528
27 33   1.04528
27 34   1.04528
27 35   1.04528
27 36   1.04528
27 37   1.04528
27 38   1.04528
27 39   1.04528
27 40   1.04528
28 1   1.03847
28 2   1.03847
28 3   1.03847
28 4   1.03847
28 5   1.03847
28 6   1.03847
28 7   1.03847
28 8   1.03847
28 9   1.03847
28 10   1.03847
28 11   1.03847
28 12   1.03847
28 13   1.03847
28 14   1.03847
28 15   1.03847
28 16   1.03847
28 17   1.03847
28 18   1.03847
28 19   1.03847
28 20   1.03847
28 21   1.03847
28 22   1.03847
28 23   1.03847
28 24   1.03847
28 25   1.03847
28 26   1.03847
28 27   1.03847
28 28   1.03847
28 29   1.03847
28 30   1.03847
28 31   1.03847
28 32   1.03847
28 33   1.03847
28 34   1.03847
28 35   1.03847
28 36   1.03847
28 37   1.03847
28 38   1.03847
28 39   1.03847
28 40   1.03847
29 1   1.01218
29 2   1.01218
29 3   1.01218
29 4   1.01218
29 5   1.01218
29 6   1.01218
29 7   1.01218
29 8   1.01218
29 9   1.01218
29 10   1.01218
29 11   1.01218
29 12   1.01218
29 13   1.01218
29 14   1.01218
29 15   1.01218
29 16   1.01218
29 17   1.01218
29 18   1.01218
29 19   1.01218
29 20   1.01218
29 21   1.01218
29 22   1.01218
29 23   1.01218
29 24   1.01218
29 25   1.01218
29 26   1.01218
29 27   1.01218
29 28   1.01218
29 29   1.01218
29 30   1.01218
29 31   1.01218
29 32   1.01218
29 33   1.01218
29 34   1.01218
29 35   1.01218
29 36   1.01218
29 37   1.01218
29 38   1.01218
29 39   1.01218
29 40   1.01218
30 1   0.98029
30 2   0.98029
30 3   0.98029
30 4   0.98029
30 5   0.98029
30 6   0.98029
30 7   0.98029
30 8   0.98029
30 9   0.98029
30 10   0.98029
30 11   0.98029
30 12   0.98029
30 13   0.98029
30 14   0.98029
30 15   0.98029
30 16   0.98029
30 17   0.98029
30 18   0.98029
30 19   0.98029
30 20   0.98029
30 21   0.98029
30 22   0.98029
30 23   0.98029
30 24   0.98029
30 25   0.98029
30 26   0.98029
30 27   0.98029
30 28   0.98029
30 29   0.98029
30 30   0.98029
30 31   0.98029
30 32   0.98029
30 33   0.98029
30 34   0.98029
30 35   0.98029
30 36   0.98029
30 37   0.98029
30 38   0.98029
30 39   0.98029
30 40   0.98029
31 1   0.961335
31 2   0.961335
31 3   0.961335
31 4   0.961335
31 5   0.961335
31 6   0.961335
31 7   0.961335
31 8   0.961335
31 9   0.961335
31 10   0.961335
31 11   0.961335
31 12   0.961335
31 13   0.961335
31 14   0.961335
31 15   0.961335
31 16   0.961335
31 17   0.961335
31 18   0.961335
31 19   0.961335
31 20   0.961335
31 21   0.961335
31 22   0.961335
31 23   0.961335
31 24   0.961335
31 25   0.961335
31 26   0.961335
31 27   0.961335
31 28   0.961335
31 29   0.961335
31 30   0.961335
31 31   0.961335
31 32   0.961335
31 33   0.961335
31 34   0.961335
31 35   0.961335
31 36   0.961335
31 37   0.961335
31 38   0.961335
31 39   0.961335
31 40   0.961335
32 1   0.966817
32 2   0.966817
32 3   0.966817
32 4   0.966817
32 5   0.966817
32 6   0.966817
32 7   0.966817
32 8   0.966817
32 9   0.966817
32 10   0.966817
32 11   0.966817
32 12   0.966817
32 13   0.966817
32 14   0.966817
32 15   0.966817
32 16   0.966817
32 17   0.966817
32 18   0.966817
32 19   0.966817
32 20   0.966817
32 21   0.966817
32 22   0.966817
32 23   0.966817
32 24   0.966817
32 25   0.966817
32 26   0.966817
32 27   0.966817
32 28   0.966817
32 29   0.966817
32 30   0.966817
32 31   0.966817
32 32   0.966817
32 33   0.966817
32 34   0.966817
32 35   0.966817
32 36   0.966817
32 37   0.966817
32 38   0.966817
32 39   0.966817
32 40   0.966817
33 1   0.991713
33 2   0.991713
33 3   0.991713
33 4   0.991713
33 5   0.991713
33 6   0.991713
33 7   0.991713
33 8   0.991713
33 9   0.991713
33 10   0.991713
33 11   0.991713
33 12   0.991713
33 13   0.991713
33 14   0.991713
33 15   0.991713
33 16   0.991713
33 17   0.991713
33 18   0.991713
33 19   0.991713
33 20   0.991713
33 21   0.991713
33 22   0.991713
33 23   0.991713
33 24   0.991713
33 25   0.991713
33 26   0.991713
33 27   0.991713
33 28   0.991713
33 29   0.991713
33 30   0.991713
33 31   0.991713
33 32   0.991713
33 33   0.991713
33 34   0.991713
33 35   0.991713
33 36   0.991713
33 37   0.991713
33 38   0.991713
33 39   0.991713
33 40   0.991713
34 1   1.01701
34 2   1.01701
34 3   1.01701
34 4   1.01701
34 5   1.01701
34 6   1.01701
34 7   1.01701
34 8   1.01701
34 9   1.01701
34 10   1.01701
34 11   1.01701
34 12   1.01701
34 13   1.01701
34 14   1.01701
34 15   1.01701
34 16   1.01701
34 17   1.01701
34 18   1.01701
34 19   1.01701
34 20   1.01701
34 21   1.01701
34 22   1.01701
34 23   1.01701
34 24   1.01701
34 25   1.01701
34 26   1.01701
34 27   1.01701
34 28   1.01701
34 29   1.01701
34 30   1.01701
34 31   1.01701
34 32   1.01701
34 33   1.01701
34 34   1.01701
34 35   1.01701
34 36   1.01701
34 37   1.01701
34 38   1.01701
34 39   1.01701
34 40   1.01701
35 1   1.0237
35 2   1.0237
35 3   1.0237
35 4   1.0237
35 5   1.0237
35 6   1.0237
35 7   1.0237
35 8   1.0237
35 9   1.0237
35 10   1.0237
35 11   1.0237
35 12   1.0237
35 13   1.0237
35 14   1.0237
35 15   1.0237
35 16   1.0237
35 17   1.0237
35 18   1.0237
35 19   1.0237
35 20   1.0237
35 21   1.0237
35 22   1.0237
35 23   1.0237
35 24   1.0237
35 25   1.0237
35 26   1.0237
35 27   1.0237
35 28   1.0237
35 29   1.0237
35 30   1.0237
35 31   1.0237
35 32   1.0237
35 33   1.0237
35 34   1.0237
35 35   1.0237
35 36   1.0237
35 37   1.0237
35 38   1.0237
35 39   1.0237
35 40   1.0237
36 1   1.00906
36 2   1.00906
36 3   1.00906
36 4   1.00906
36 5   1.00906
36 6   1.00906
36 7   1.00906
36 8   1.00906
36 9   1.00906
36 10   1.00906
36 11   1.00906
36 12   1.00906
36 13   1.00906
36 14   1.00906
36 15   1.00906
36 16   1.00906
36 17   1.00906
36 18   1.00906
36 19   1.00906
36 20   1.00906
36 21   1.00906
36 22   1.00906
36 23   1.00906
36 24   1.00906
36 25   1.00906
36 26   1.00906
36 27   1.00906
36 28   1.00906
36 29   1.00906
36 30   1.00906
36 31   1.00906
36 32   1.00906
36 33   1.00906
36 34   1.00906
36 35   1.00906
36 36   1.00906
36 37   1.00906
36 38   1.00906
36 39   1.00906
36 40   1.00906
37 1   0.989757
37 2   0.989757
37 3   0.989757
37 4   0.989757
37 5   0.989757
37 6   0.989757
37 7   0.989757
37 8   0.989757
37 9   0.989757
37 10   0.989757
37 11   0.989757
37 12   0.989757
37 13   0.989757
37 14   0.989757
37 15   0.989757
37 16   0.989757
37 17   0.989757
37 18   0.989757
37 19   0.989757
37 20   0.989757
37 21   0.989757
37 22   0.989757
37 23   0.989757
37 24   0.989757
37 25   0.989757
37 26   0.989757
37 27   0.989757
37 28   0.989757
37 29   0.989757
37 30   0.989757
37 31   0.989757
37 32   0.989757
37 33   0.989757
37 34   0.989757
37 35   0.989757
37 36   0.989757
37 37   0.989757
37 38   0.989757
37 39   0.989757
37 40   0.989757
38 1   0.984857
38 2   0.984857
38 3   0.984857
38 4   0.984857
38 5   0.984857
38 6   0.984857
38 7   0.984857
38 8   0.984857
38 9   0.984857
38 10   0.984857
38 11   0.984857
38 12   0.984857
38 13   0.984857
38 14   0.984857
38 15   0.984857
38 16   0.984857
38 17   0.984857
38 18   0.984857
38 19   0.984857
38 20   0.984857
38 21   0.984857
38 22   0.984857
38 23   0.984857
38 24   0.984857
38 25   0.984857
38 26   0.984857
38 27   0.984857
38 28   0.984857
38 29   0.984857
38 30   0.984857
38 31   0.984857
38 32   0.984857
38 33   0.984857
38 34   0.984857
38 35   0.984857
38 36   0.984857
38 37   0.984857
38 38   0.984857
38 39   0.984857
38 40   0.984857
39 1   0.996688
39 2   0.996688
39 3   0.996688
39 4   0.996688
39 5   0.996688
39 6   0.996688
39 7   0.996688
39 8   0.996688
39 9   0.996688
39 10   0.996688
39 11   0.996688
39 12   0.996688
39 13   0.996688
39 14   0.996688
39 15   0.996688
39 16   0.996688
39 17   0.996688
39 18   0.996688
39 19   0.996688
39 20   0.996688
39 21   0.996688
39 22   0.996688
39 23   0.996688
39 24   0.996688
39 25   0.996688
39 26   0.996688
39 27   0.996688
39 28   0.996688
39 29   0.996688
39 30   0.996688
39 31   0.996688
39 32   0.996688
39 33   0.996688
39 34   0.996688
39 35   0.996688
39 36   0.996688
39 37   0.996688
39 38   0.996688
39 39   0.996688
39 40   0.996688
40 1   1.0104
40 2   1.0104
40 3   1.0104
40 4   1.0104
40 5   1.0104
40 6   1.0104
40 7   1.0104
40 8   1.0104
40 9   1.0104
40 10   1.0104
40 11   1.0104
40 12   1.0104
40 13   1.0104
40 14   1.0104
40 15   1.0104
40 16   1.0104
40 17   1.0104
40 18   1.0104
40 19   1.0104
40 20   1.0104
40 21   1.0104
40 22   1.0104
40 23   1.0104
40 24   1.0104
40 25   1.0104
40 26   1.0104
40 27   1.0104
40 28   1.0104
40 29   1.0104
40 30   1.0104
40 31   1.0104
40 32   1.0104
40 33   1.0104
40 34   1.0104
40 35   1.0104
40 36   1.0104
40 37   1.0104
40 38   1.0104
40 39   1.0104
40 40   1.0104
