1 1   0.485709
1 2   0.485709
1 3   0.485709
1 4   0.485709
1 5   0.485709
1 6   0.485709
1 7   0.485709
1 8   0.485709
1 9   0.485709
1 10   0.485709
1 11   0.485709
1 12   0.485709
1 13   0.485709
1 14   0.485709
1 15   0.485709
1 16   0.485709
1 17   0.485709
1 18   0.485709
1 19   0.485709
1 20   0.485709
1 21   0.485709
1 22   0.485709
1 23   0.485709
1 24   0.485709
1 25   0.485709
1 26   0.485709
1 27   0.485709
1 28   0.485709
1 29   0.485709
1 30   0.485709
1 31   0.485709
1 32   0.485709
1 33   0.485709
1 34   0.485709
1 35   0.485709
1 36   0.485709
1 37   0.485709
1 38   0.485709
1 39   0.485709
1 40   0.485709
2 1   0.503575
2 2   0.503575
2 3   0.503575
2 4   0.503575
2 5   0.503575
2 6   0.503575
2 7   0.503575
2 8   0.503575
2 9   0.503575
2 10   0.503575
2 11   0.503575
2 12   0.503575
2 13   0.503575
2 14   0.503575
2 15   0.503575
2 16   0.503575
2 17   0.503575
2 18   0.503575
2 19   0.503575
2 20   0.503575
2 21   0.503575
2 22   0.503575
2 23   0.503575
2 24   0.503575
2 25   0.503575
2 26   0.503575
2 27   0.503575
2 28   0.503575
2 29   0.503575
2 30   0.503575
2 31   0.503575
2 32   0.503575
2 33   0.503575
2 34   0.503575
2 35   0.503575
2 36   0.503575
2 37   0.503575
2 38   0.503575
2 39   0.503575
2 40   0.503575
3 1   0.535011
3 2   0.535011
3 3   0.535011
3 4   0.535011
3 5   0.535011
3 6   0.535011
3 7   0.535011
3 8   0.535011
3 9   0.535011
3 10   0.535011
3 11   0.535011
3 12   0.535011
3 13   0.535011
3 14   0.535011
3 15   0.535011
3 16   0.535011
3 17   0.535011
3 18   0.535011
3 19   0.535011
3 20   0.535011
3 21   0.535011
3 22   0.535011
3 23   0.535011
3 24   0.535011
3 25   0.535011
3 26   0.535011
3 27   0.535011
3 28   0.535011
3 29   0.535011
3 30   0.535011
3 31   0.535011
3 32   0.535011
3 33   0.535011
3 34   0.535011
3 35   0.535011
3 36   0.535011
3 37   0.535011
3 38   0.535011
3 39   0.535011
3 40   0.535011
4 1   0.569182
4 2   0.569182
4 3   0.569182
4 4   0.569182
4 5   0.569182
4 6   0.569182
4 7   0.569182
4 8   0.569182
4 9   0.569182
4 10   0.569182
4 11   0.569182
4 12   0.569182
4 13   0.569182
4 14   0.569182
4 15   0.569182
4 16   0.569182
4 17   0.569182
4 18   0.569182
4 19   0.569182
4 20   0.569182
4 21   0.569182
4 22   0.569182
4 23   0.569182
4 24   0.569182
4 25   0.569182
4 26   0.569182
4 27   0.569182
4 28   0.569182
4 29   0.569182
4 30   0.569182
4 31   0.569182
4 32   0.569182
4 33   0.569182
4 34   0.569182
4 35   0.569182
4 36   0.569182
4 37   0.569182
4 38   0.569182
4 39   0.569182
4 40   0.569182
5 1   0.591736
5 2   0.591736
5 3   0.591736
5 4   0.591736
5 5   0.591736
5 6   0.591736
5 7   0.591736
5 8   0.591736
5 9   0.591736
5 10   0.591736
5 11   0.591736
5 12   0.591736
5 13   0.591736
5 14   0.591736
5 15   0.591736
5 16   0.591736
5 17   0.591736
5 18   0.591736
5 19   0.591736
5 20   0.591736
5 21   0.591736
5 22   0.591736
5 23   0.591736
5 24   0.591736
5 25   0.591736
5 26   0.591736
5 27   0.591736
5 28   0.591736
5 29   0.591736
5 30   0.591736
5 31   0.591736
5 32   0.591736
5 33   0.591736
5 34   0.591736
5 35   0.591736
5 36   0.591736
5 37   0.591736
5 38   0.591736
5 39   0.591736
5 40   0.591736
6 1   0.593373
6 2   0.593373
6 3   0.593373
6 4   0.593373
6 5   0.593373
6 6   0.593373
6 7   0.593373
6 8   0.593373
6 9   0.593373
6 10   0.593373
6 11   0.593373
6 12   0.593373
6 13   0.593373
6 14   0.593373
6 15   0.593373
6 16   0.593373
6 17   0.593373
6 18   0.593373
6 19   0.593373
6 20   0.593373
6 21   0.593373
6 22   0.593373
6 23   0.593373
6 24   0.593373
6 25   0.593373
6 26   0.593373
6 27   0.593373
6 28   0.593373
6 29   0.593373
6 30   0.593373
6 31   0.593373
6 32   0.593373
6 33   0.593373
6 34   0.593373
6 35   0.593373
6 36   0.593373
6 37   0.593373
6 38   0.593373
6 39   0.593373
6 40   0.593373
7 1   0.574545
7 2   0.574545
7 3   0.574545
7 4   0.574545
7 5   0.574545
7 6   0.574545
7 7   0.574545
7 8   0.574545
7 9   0.574545
7 10   0.574545
7 11   0.574545
7 12   0.574545
7 13   0.574545
7 14   0.574545
7 15   0.574545
7 16   0.574545
7 17   0.574545
7 18   0.574545
7 19   0.574545
7 20   0.574545
7 21   0.574545
7 22   0.574545
7 23   0.574545
7 24   0.574545
7 25   0.574545
7 26   0.574545
7 27   0.574545
7 28   0.574545
7 29   0.574545
7 30   0.574545
7 31   0.574545
7 32   0.574545
7 33   0.574545
7 34   0.574545
7 35   0.574545
7 36   0.574545
7 37   0.574545
7 38   0.574545
7 39   0.574545
7 40   0.574545
8 1   0.542154
8 2   0.542154
8 3   0.542154
8 4   0.542154
8 5   0.542154
8 6   0.542154
8 7   0.542154
8 8   0.542154
8 9   0.542154
8 10   0.542154
8 11   0.542154
8 12   0.542154
8 13   0.542154
8 14   0.542154
8 15   0.542154
8 16   0.542154
8 17   0.542154
8 18   0.542154
8 19   0.542154
8 20   0.542154
8 21   0.542154
8 22   0.542154
8 23   0.542154
8 24   0.542154
8 25   0.542154
8 26   0.542154
8 27   0.542154
8 28   0.542154
8 29   0.542154
8 30   0.542154
8 31   0.542154
8 32   0.542154
8 33   0.542154
8 34   0.542154
8 35   0.542154
8 36   0.542154
8 37   0.542154
8 38   0.542154
8 39   0.542154
8 40   0.542154
9 1   0.505227
9 2   0.505227
9 3   0.505227
9 4   0.505227
9 5   0.505227
9 6   0.505227
9 7   0.505227
9 8   0.505227
9 9   0.505227
9 10   0.505227
9 11   0.505227
9 12   0.505227
9 13   0.505227
9 14   0.505227
9 15   0.505227
9 16   0.505227
9 17   0.505227
9 18   0.505227
9 19   0.505227
9 20   0.505227
9 21   0.505227
9 22   0.505227
9 23   0.505227
9 24   0.505227
9 25   0.505227
9 26   0.505227
9 27   0.505227
9 28   0.505227
9 29   0.505227
9 30   0.505227
9 31   0.505227
9 32   0.505227
9 33   0.505227
9 34   0.505227
9 35   0.505227
9 36   0.505227
9 37   0.505227
9 38   0.505227
9 39   0.505227
9 40   0.505227
10 1   0.47521
10 2   0.47521
10 3   0.47521
10 4   0.47521
10 5   0.47521
10 6   0.47521
10 7   0.47521
10 8   0.47521
10 9   0.47521
10 10   0.47521
10 11   0.47521
10 12   0.47521
10 13   0.47521
10 14   0.47521
10 15   0.47521
10 16   0.47521
10 17   0.47521
10 18   0.47521
10 19   0.47521
10 20   0.47521
10 21   0.47521
10 22   0.47521
10 23   0.47521
10 24   0.47521
10 25   0.47521
10 26   0.47521
10 27   0.47521
10 28   0.47521
10 29   0.47521
10 30   0.47521
10 31   0.47521
10 32   0.47521
10 33   0.47521
10 34   0.47521
10 35   0.47521
10 36   0.47521
10 37   0.47521
10 38   0.47521
10 39   0.47521
10 40   0.47521
11 1   0.46472
11 2   0.46472
11 3   0.46472
11 4   0.46472
11 5   0.46472
11 6   0.46472
11 7   0.46472
11 8   0.46472
11 9   0.46472
11 10   0.46472
11 11   0.46472
11 12   0.46472
11 13   0.46472
11 14   0.46472
11 15   0.46472
11 16   0.46472
11 17   0.46472
11 18   0.46472
11 19   0.46472
11 20   0.46472
11 21   0.46472
11 22   0.46472
11 23   0.46472
11 24   0.46472
11 25   0.46472
11 26   0.46472
11 27   0.46472
11 28   0.46472
11 29   0.46472
11 30   0.46472
11 31   0.46472
11 32   0.46472
11 33   0.46472
11 34   0.46472
11 35   0.46472
11 36   0.46472
11 37   0.46472
11 38   0.46472
11 39   0.46472
11 40   0.46472
12 1   0.478026
12 2   0.478026
12 3   0.478026
12 4   0.478026
12 5   0.478026
12 6   0.478026
12 7   0.478026
12 8   0.478026
12 9   0.478026
12 10   0.478026
12 11   0.478026
12 12   0.478026
12 13   0.478026
12 14   0.478026
12 15   0.478026
12 16   0.478026
12 17   0.478026
12 18   0.478026
12 19   0.478026
12 20   0.478026
12 21   0.478026
12 22   0.478026
12 23   0.478026
12 24   0.478026
12 25   0.478026
12 26   0.478026
12 27   0.478026
12 28   0.478026
12 29   0.478026
12 30   0.478026
12 31   0.478026
12 32   0.478026
12 33   0.478026
12 34   0.478026
12 35   0.478026
12 36   0.478026
12 37   0.478026
12 38   0.478026
12 39   0.478026
12 40   0.478026
13 1   0.503065
13 2   0.503065
13 3   0.503065
13 4   0.503065
13 5   0.503065
13 6   0.503065
13 7   0.503065
13 8   0.503065
13 9   0.503065
13 10   0.503065
13 11   0.503065
13 12   0.503065
13 13   0.503065
13 14   0.503065
13 15   0.503065
13 16   0.503065
13 17   0.503065
13 18   0.503065
13 19   0.503065
13 20   0.503065
13 21   0.503065
13 22   0.503065
13 23   0.503065
13 24   0.503065
13 25   0.503065
13 26   0.503065
13 27   0.503065
13 28   0.503065
13 29   0.503065
13 30   0.503065
13 31   0.503065
13 32   0.503065
13 33   0.503065
13 34   0.503065
13 35   0.503065
13 36   0.503065
13 37   0.503065
13 38   0.503065
13 39   0.503065
13 40   0.503065
14 1   0.519594
14 2   0.519594
14 3   0.519594
14 4   0.519594
14 5   0.519594
14 6   0.519594
14 7   0.519594
14 8   0.519594
14 9   0.519594
14 10   0.519594
14 11   0.519594
14 12   0.519594
14 13   0.519594
14 14   0.519594
14 15   0.519594
14 16   0.519594
14 17   0.519594
14 18   0.519594
14 19   0.519594
14 20   0.519594
14 21   0.519594
14 22   0.519594
14 23   0.519594
14 24   0.519594
14 25   0.519594
14 26   0.519594
14 27   0.519594
14 28   0.519594
14 29   0.519594
14 30   0.519594
14 31   0.519594
14 32   0.519594
14 33   0.519594
14 34   0.519594
14 35   0.519594
14 36   0.519594
14 37   0.519594
14 38   0.519594
14 39   0.519594
14 40   0.519594
15 1   0.517546
15 2   0.517546
15 3   0.517546
15 4   0.517546
15 5   0.517546
15 6   0.517546
15 7   0.517546
15 8   0.517546
15 9   0.517546
15 10   0.517546
15 11   0.517546
15 12   0.517546
15 13   0.517546
15 14   0.517546
15 15   0.517546
15 16   0.517546
15 17   0.517546
15 18   0.517546
15 19   0.517546
15 20   0.517546
15 21   0.517546
15 22   0.517546
15 23   0.517546
15 24   0.517546
15 25   0.517546
15 26   0.517546
15 27   0.517546
15 28   0.517546
15 29   0.517546
15 30   0.517546
15 31   0.517546
15 32   0.517546
15 33   0.517546
15 34   0.517546
15 35   0.517546
15 36   0.517546
15 37   0.517546
15 38   0.517546
15 39   0.517546
15 40   0.517546
16 1   0.503584
16 2   0.503584
16 3   0.503584
16 4   0.503584
16 5   0.503584
16 6   0.503584
16 7   0.503584
16 8   0.503584
16 9   0.503584
16 10   0.503584
16 11   0.503584
16 12   0.503584
16 13   0.503584
16 14   0.503584
16 15   0.503584
16 16   0.503584
16 17   0.503584
16 18   0.503584
16 19   0.503584
16 20   0.503584
16 21   0.503584
16 22   0.503584
16 23   0.503584
16 24   0.503584
16 25   0.503584
16 26   0.503584
16 27   0.503584
16 28   0.503584
16 29   0.503584
16 30   0.503584
16 31   0.503584
16 32   0.503584
16 33   0.503584
16 34   0.503584
16 35   0.503584
16 36   0.503584
16 37   0.503584
16 38   0.503584
16 39   0.503584
16 40   0.503584
17 1   0.491505
17 2   0.491505
17 3   0.491505
17 4   0.491505
17 5   0.491505
17 6   0.491505
17 7   0.491505
17 8   0.491505
17 9   0.491505
17 10   0.491505
17 11   0.491505
17 12   0.491505
17 13   0.491505
17 14   0.491505
17 15   0.491505
17 16   0.491505
17 17   0.491505
17 18   0.491505
17 19   0.491505
17 20   0.491505
17 21   0.491505
17 22   0.491505
17 23   0.491505
17 24   0.491505
17 25   0.491505
17 26   0.491505
17 27   0.491505
17 28   0.491505
17 29   0.491505
17 30   0.491505
17 31   0.491505
17 32   0.491505
17 33   0.491505
17 34   0.491505
17 35   0.491505
17 36   0.491505
17 37   0.491505
17 38   0.491505
17 39   0.491505
17 40   0.491505
18 1   0.490384
18 2   0.490384
18 3   0.490384
18 4   0.490384
18 5   0.490384
18 6   0.490384
18 7   0.490384
18 8   0.490384
18 9   0.490384
18 10   0.490384
18 11   0.490384
18 12   0.490384
18 13   0.490384
18 14   0.490384
18 15   0.490384
18 16   0.490384
18 17   0.490384
18 18   0.490384
18 19   0.490384
18 20   0.490384
18 21   0.490384
18 22   0.490384
18 23   0.490384
18 24   0.490384
18 25   0.490384
18 26   0.490384
18 27   0.490384
18 28   0.490384
18 29   0.490384
18 30   0.490384
18 31   0.490384
18 32   0.490384
18 33   0.490384
18 34   0.490384
18 35   0.490384
18 36   0.490384
18 37   0.490384
18 38   0.490384
18 39   0.490384
18 40   0.490384
19 1   0.498346
19 2   0.498346
19 3   0.498346
19 4   0.498346
19 5   0.498346
19 6   0.498346
19 7   0.498346
19 8   0.498346
19 9   0.498346
19 10   0.498346
19 11   0.498346
19 12   0.498346
19 13   0.498346
19 14   0.498346
19 15   0.498346
19 16   0.498346
19 17   0.498346
19 18   0.498346
19 19   0.498346
19 20   0.498346
19 21   0.498346
19 22   0.498346
19 23   0.498346
19 24   0.498346
19 25   0.498346
19 26   0.498346
19 27   0.498346
19 28   0.498346
19 29   0.498346
19 30   0.498346
19 31   0.498346
19 32   0.498346
19 33   0.498346
19 34   0.498346
19 35   0.498346
19 36   0.498346
19 37   0.498346
19 38   0.498346
19 39   0.498346
19 40   0.498346
20 1   0.505079
20 2   0.505079
20 3   0.505079
20 4   0.505079
20 5   0.505079
20 6   0.505079
20 7   0.505079
20 8   0.505079
20 9   0.505079
20 10   0.505079
20 11   0.505079
20 12   0.505079
20 13   0.505079
20 14   0.505079
20 15   0.505079
20 16   0.505079
20 17   0.505079
20 18   0.505079
20 19   0.505079
20 20   0.505079
20 21   0.505079
20 22   0.505079
20 23   0.505079
20 24   0.505079
20 25   0.505079
20 26   0.505079
20 27   0.505079
20 28   0.505079
20 29   0.505079
20 30   0.505079
20 31   0.505079
20 32   0.505079
20 33   0.505079
20 34   0.505079
20 35   0.505079
20 36   0.505079
20 37   0.505079
20 38   0.505079
20 39   0.505079
20 40   0.505079
21 1   0.50322
21 2   0.50322
21 3   0.50322
21 4   0.50322
21 5   0.50322
21 6   0.50322
21 7   0.50322
21 8   0.50322
21 9   0.50322
21 10   0.50322
21 11   0.50322
21 12   0.50322
21 13   0.50322
21 14   0.50322
21 15   0.50322
21 16   0.50322
21 17   0.50322
21 18   0.50322
21 19   0.50322
21 20   0.50322
21 21   0.50322
21 22   0.50322
21 23   0.50322
21 24   0.50322
21 25   0.50322
21 26   0.50322
21 27   0.50322
21 28   0.50322
21 29   0.50322
21 30   0.50322
21 31   0.50322
21 32   0.50322
21 33   0.50322
21 34   0.50322
21 35   0.50322
21 36   0.50322
21 37   0.50322
21 38   0.50322
21 39   0.50322
21 40   0.50322
22 1   0.496704
22 2   0.496704
22 3   0.496704
22 4   0.496704
22 5   0.496704
22 6   0.496704
22 7   0.496704
22 8   0.496704
22 9   0.496704
22 10   0.496704
22 11   0.496704
22 12   0.496704
22 13   0.496704
22 14   0.496704
22 15   0.496704
22 16   0.496704
22 17   0.496704
22 18   0.496704
22 19   0.496704
22 20   0.496704
22 21   0.496704
22 22   0.496704
22 23   0.496704
22 24   0.496704
22 25   0.496704
22 26   0.496704
22 27   0.496704
22 28   0.496704
22 29   0.496704
22 30   0.496704
22 31   0.496704
22 32   0.496704
22 33   0.496704
22 34   0.496704
22 35   0.496704
22 36   0.496704
22 37   0.496704
22 38   0.496704
22 39   0.496704
22 40   0.496704
23 1   0.495206
23 2   0.495206
23 3   0.495206
23 4   0.495206
23 5   0.495206
23 6   0.495206
23 7   0.495206
23 8   0.495206
23 9   0.495206
23 10   0.495206
23 11   0.495206
23 12   0.495206
23 13   0.495206
23 14   0.495206
23 15   0.495206
23 16   0.495206
23 17   0.495206
23 18   0.495206
23 19   0.495206
23 20   0.495206
23 21   0.495206
23 22   0.495206
23 23   0.495206
23 24   0.495206
23 25   0.495206
23 26   0.495206
23 27   0.495206
23 28   0.495206
23 29   0.495206
23 30   0.495206
23 31   0.495206
23 32   0.495206
23 33   0.495206
23 34   0.495206
23 35   0.495206
23 36   0.495206
23 37   0.495206
23 38   0.495206
23 39   0.495206
23 40   0.495206
24 1   0.501829
24 2   0.501829
24 3   0.501829
24 4   0.501829
24 5   0.501829
24 6   0.501829
24 7   0.501829
24 8   0.501829
24 9   0.501829
24 10   0.501829
24 11   0.501829
24 12   0.501829
24 13   0.501829
24 14   0.501829
24 15   0.501829
24 16   0.501829
24 17   0.501829
24 18   0.501829
24 19   0.501829
24 20   0.501829
24 21   0.501829
24 22   0.501829
24 23   0.501829
24 24   0.501829
24 25   0.501829
24 26   0.501829
24 27   0.501829
24 28   0.501829
24 29   0.501829
24 30   0.501829
24 31   0.501829
24 32   0.501829
24 33   0.501829
24 34   0.501829
24 35   0.501829
24 36   0.501829
24 37   0.501829
24 38   0.501829
24 39   0.501829
24 40   0.501829
25 1   0.509374
25 2   0.509374
25 3   0.509374
25 4   0.509374
25 5   0.509374
25 6   0.509374
25 7   0.509374
25 8   0.509374
25 9   0.509374
25 10   0.509374
25 11   0.509374
25 12   0.509374
25 13   0.509374
25 14   0.509374
25 15   0.509374
25 16   0.509374
25 17   0.509374
25 18   0.509374
25 19   0.509374
25 20   0.509374
25 21   0.509374
25 22   0.509374
25 23   0.509374
25 24   0.509374
25 25   0.509374
25 26   0.509374
25 27   0.509374
25 28   0.509374
25 29   0.509374
25 30   0.509374
25 31   0.509374
25 32   0.509374
25 33   0.509374
25 34   0.509374
25 35   0.509374
25 36   0.509374
25 37   0.509374
25 38   0.509374
25 39   0.509374
25 40   0.509374
26 1   0.508319
26 2   0.508319
26 3   0.508319
26 4   0.508319
26 5   0.508319
26 6   0.508319
26 7   0.508319
26 8   0.508319
26 9   0.508319
26 10   0.508319
26 11   0.508319
26 12   0.508319
26 13   0.508319
26 14   0.508319
26 15   0.508319
26 16   0.508319
26 17   0.508319
26 18   0.508319
26 19   0.508319
26 20   0.508319
26 21   0.508319
26 22   0.508319
26 23   0.508319
26 24   0.508319
26 25   0.508319
26 26   0.508319
26 27   0.508319
26 28   0.508319
26 29   0.508319
26 30   0.508319
26 31   0.508319
26 32   0.508319
26 33   0.508319
26 34   0.508319
26 35   0.508319
26 36   0.508319
26 37   0.508319
26 38   0.508319
26 39   0.508319
26 40   0.508319
27 1   0.496295
27 2   0.496295
27 3   0.496295
27 4   0.496295
27 5   0.496295
27 6   0.496295
27 7   0.496295
27 8   0.496295
27 9   0.496295
27 10   0.496295
27 11   0.496295
27 12   0.496295
27 13   0.496295
27 14   0.496295
27 15   0.496295
27 16   0.496295
27 17   0.496295
27 18   0.496295
27 19   0.496295
27 20   0.496295
27 21   0.496295
27 22   0.496295
27 23   0.496295
27 24   0.496295
27 25   0.496295
27 26   0.496295
27 27   0.496295
27 28   0.496295
27 29   0.496295
27 30   0.496295
27 31   0.496295
27 32   0.496295
27 33   0.496295
27 34   0.496295
27 35   0.496295
27 36   0.496295
27 37   0.496295
27 38   0.496295
27 39   0.496295
27 40   0.496295
28 1   0.481594
28 2   0.481594
28 3   0.481594
28 4   0.481594
28 5   0.481594
28 6   0.481594
28 7   0.481594
28 8   0.481594
28 9   0.481594
28 10   0.481594
28 11   0.481594
28 12   0.481594
28 13   0.481594
28 14   0.481594
28 15   0.481594
28 16   0.481594
28 17   0.481594
28 18   0.481594
28 19   0.481594
28 20   0.481594
28 21   0.481594
28 22   0.481594
28 23   0.481594
28 24   0.481594
28 25   0.481594
28 26   0.481594
28 27   0.481594
28 28   0.481594
28 29   0.481594
28 30   0.481594
28 31   0.481594
28 32   0.481594
28 33   0.481594
28 34   0.481594
28 35   0.481594
28 36   0.481594
28 37   0.481594
28 38   0.481594
28 39   0.481594
28 40   0.481594
29 1   0.478352
29 2   0.478352
29 3   0.478352
29 4   0.478352
29 5   0.478352
29 6   0.478352
29 7   0.478352
29 8   0.478352
29 9   0.478352
29 10   0.478352
29 11   0.478352
29 12   0.478352
29 13   0.478352
29 14   0.478352
29 15   0.478352
29 16   0.478352
29 17   0.478352
29 18   0.478352
29 19   0.478352
29 20   0.478352
29 21   0.478352
29 22   0.478352
29 23   0.478352
29 24   0.478352
29 25   0.478352
29 26   0.478352
29 27   0.478352
29 28   0.478352
29 29   0.478352
29 30   0.478352
29 31   0.478352
29 32   0.478352
29 33   0.478352
29 34   0.478352
29 35   0.478352
29 36   0.478352
29 37   0.478352
29 38   0.478352
29 39   0.478352
29 40   0.478352
30 1   0.49333
30 2   0.49333
30 3   0.49333
30 4   0.49333
30 5   0.49333
30 6   0.49333
30 7   0.49333
30 8   0.49333
30 9   0.49333
30 10   0.49333
30 11   0.49333
30 12   0.49333
30 13   0.49333
30 14   0.49333
30 15   0.49333
30 16   0.49333
30 17   0.49333
30 18   0.49333
30 19   0.49333
30 20   0.49333
30 21   0.49333
30 22   0.49333
30 23   0.49333
30 24   0.49333
30 25   0.49333
30 26   0.49333
30 27   0.49333
30 28   0.49333
30 29   0.49333
30 30   0.49333
30 31   0.49333
30 32   0.49333
30 33   0.49333
30 34   0.49333
30 35   0.49333
30 36   0.49333
30 37   0.49333
30 38   0.49333
30 39   0.49333
30 40   0.49333
31 1   0.515364
31 2   0.515364
31 3   0.515364
31 4   0.515364
31 5   0.515364
31 6   0.515364
31 7   0.515364
31 8   0.515364
31 9   0.515364
31 10   0.515364
31 11   0.515364
31 12   0.515364
31 13   0.515364
31 14   0.515364
31 15   0.515364
31 16   0.515364
31 17   0.515364
31 18   0.515364
31 19   0.515364
31 20   0.515364
31 21   0.515364
31 22   0.515364
31 23   0.515364
31 24   0.515364
31 25   0.515364
31 26   0.515364
31 27   0.515364
31 28   0.515364
31 29   0.515364
31 30   0.515364
31 31   0.515364
31 32   0.515364
31 33   0.515364
31 34   0.515364
31 35   0.515364
31 36   0.515364
31 37   0.515364
31 38   0.515364
31 39   0.515364
31 40   0.515364
32 1   0.52299
32 2   0.52299
32 3   0.52299
32 4   0.52299
32 5   0.52299
32 6   0.52299
32 7   0.52299
32 8   0.52299
32 9   0.52299
32 10   0.52299
32 11   0.52299
32 12   0.52299
32 13   0.52299
32 14   0.52299
32 15   0.52299
32 16   0.52299
32 17   0.52299
32 18   0.52299
32 19   0.52299
32 20   0.52299
32 21   0.52299
32 22   0.52299
32 23   0.52299
32 24   0.52299
32 25   0.52299
32 26   0.52299
32 27   0.52299
32 28   0.52299
32 29   0.52299
32 30   0.52299
32 31   0.52299
32 32   0.52299
32 33   0.52299
32 34   0.52299
32 35   0.52299
32 36   0.52299
32 37   0.52299
32 38   0.52299
32 39   0.52299
32 40   0.52299
33 1   0.503395
33 2   0.503395
33 3   0.503395
33 4   0.503395
33 5   0.503395
33 6   0.503395
33 7   0.503395
33 8   0.503395
33 9   0.503395
33 10   0.503395
33 11   0.503395
33 12   0.503395
33 13   0.503395
33 14   0.503395
33 15   0.503395
33 16   0.503395
33 17   0.503395
33 18   0.503395
33 19   0.503395
33 20   0.503395
33 21   0.503395
33 22   0.503395
33 23   0.503395
33 24   0.503395
33 25   0.503395
33 26   0.503395
33 27   0.503395
33 28   0.503395
33 29   0.503395
33 30   0.503395
33 31   0.503395
33 32   0.503395
33 33   0.503395
33 34   0.503395
33 35   0.503395
33 36   0.503395
33 37   0.503395
33 38   0.503395
33 39   0.503395
33 40   0.503395
34 1   0.459492
34 2   0.459492
34 3   0.459492
34 4   0.459492
34 5   0.459492
34 6   0.459492
34 7   0.459492
34 8   0.459492
34 9   0.459492
34 10   0.459492
34 11   0.459492
34 12   0.459492
34 13   0.459492
34 14   0.459492
34 15   0.459492
34 16   0.459492
34 17   0.459492
34 18   0.459492
34 19   0.459492
34 20   0.459492
34 21   0.459492
34 22   0.459492
34 23   0.459492
34 24   0.459492
34 25   0.459492
34 26   0.459492
34 27   0.459492
34 28   0.459492
34 29   0.459492
34 30   0.459492
34 31   0.459492
34 32   0.459492
34 33   0.459492
34 34   0.459492
34 35   0.459492
34 36   0.459492
34 37   0.459492
34 38   0.459492
34 39   0.459492
34 40   0.459492
35 1   0.401998
35 2   0.401998
35 3   0.401998
35 4   0.401998
35 5   0.401998
35 6   0.401998
35 7   0.401998
35 8   0.401998
35 9   0.401998
35 10   0.401998
35 11   0.401998
35 12   0.401998
35 13   0.401998
35 14   0.401998
35 15   0.401998
35 16   0.401998
35 17   0.401998
35 18   0.401998
35 19   0.401998
35 20   0.401998
35 21   0.401998
35 22   0.401998
35 23   0.401998
35 24   0.401998
35 25   0.401998
35 26   0.401998
35 27   0.401998
35 28   0.401998
35 29   0.401998
35 30   0.401998
35 31   0.401998
35 32   0.401998
35 33   0.401998
35 34   0.401998
35 35   0.401998
35 36   0.401998
35 37   0.401998
35 38   0.401998
35 39   0.401998
35 40   0.401998
36 1   0.340925
36 2   0.340925
36 3   0.340925
36 4   0.340925
36 5   0.340925
36 6   0.340925
36 7   0.340925
36 8   0.340925
36 9   0.340925
36 10   0.340925
36 11   0.340925
36 12   0.340925
36 13   0.340925
36 14   0.340925
36 15   0.340925
36 16   0.340925
36 17   0.340925
36 18   0.340925
36 19   0.340925
36 20   0.340925
36 21   0.340925
36 22   0.340925
36 23   0.340925
36 24   0.340925
36 25   0.340925
36 26   0.340925
36 27   0.340925
36 28   0.340925
36 29   0.340925
36 30   0.340925
36 31   0.340925
36 32   0.340925
36 33   0.340925
36 34   0.340925
36 35   0.340925
36 36   0.340925
36 37   0.340925
36 38   0.340925
36 39   0.340925
36 40   0.340925
37 1   0.284488
37 2   0.284488
37 3   0.284488
37 4   0.284488
37 5   0.284488
37 6   0.284488
37 7   0.284488
37 8   0.284488
37 9   0.284488
37 10   0.284488
37 11   0.284488
37 12   0.284488
37 13   0.284488
37 14   0.284488
37 15   0.284488
37 16   0.284488
37 17   0.284488
37 18   0.284488
37 19   0.284488
37 20   0.284488
37 21   0.284488
37 22   0.284488
37 23   0.284488
37 24   0.284488
37 25   0.284488
37 26   0.284488
37 27   0.284488
37 28   0.284488
37 29   0.284488
37 30   0.284488
37 31   0.284488
37 32   0.284488
37 33   0.284488
37 34   0.284488
37 35   0.284488
37 36   0.284488
37 37   0.284488
37 38   0.284488
37 39   0.284488
37 40   0.284488
38 1   0.240909
38 2   0.240909
38 3   0.240909
38 4   0.240909
38 5   0.240909
38 6   0.240909
38 7   0.240909
38 8   0.240909
38 9   0.240909
38 10   0.240909
38 11   0.240909
38 12   0.240909
38 13   0.240909
38 14   0.240909
38 15   0.240909
38 16   0.240909
38 17   0.240909
38 18   0.240909
38 19   0.240909
38 20   0.240909
38 21   0.240909
38 22   0.240909
38 23   0.240909
38 24   0.240909
38 25   0.240909
38 26   0.240909
38 27   0.240909
38 28   0.240909
38 29   0.240909
38 30   0.240909
38 31   0.240909
38 32   0.240909
38 33   0.240909
38 34   0.240909
38 35   0.240909
38 36   0.240909
38 37   0.240909
38 38   0.240909
38 39   0.240909
38 40   0.240909
39 1   0.215338
39 2   0.215338
39 3   0.215338
39 4   0.215338
39 5   0.215338
39 6   0.215338
39 7   0.215338
39 8   0.215338
39 9   0.215338
39 10   0.215338
39 11   0.215338
39 12   0.215338
39 13   0.215338
39 14   0.215338
39 15   0.215338
39 16   0.215338
39 17   0.215338
39 18   0.215338
39 19   0.215338
39 20   0.215338
39 21   0.215338
39 22   0.215338
39 23   0.215338
39 24   0.215338
39 25   0.215338
39 26   0.215338
39 27   0.215338
39 28   0.215338
39 29   0.215338
39 30   0.215338
39 31   0.215338
39 32   0.215338
39 33   0.215338
39 34   0.215338
39 35   0.215338
39 36   0.215338
39 37   0.215338
39 38   0.215338
39 39   0.215338
39 40   0.215338
40 1   0.205407
40 2   0.205407
40 3   0.205407
40 4   0.205407
40 5   0.205407
40 6   0.205407
40 7   0.205407
40 8   0.205407
40 9   0.205407
40 10   0.205407
40 11   0.205407
40 12   0.205407
40 13   0.205407
40 14   0.205407
40 15   0.205407
40 16   0.205407
40 17   0.205407
40 18   0.205407
40 19   0.205407
40 20   0.205407
40 21   0.205407
40 22   0.205407
40 23   0.205407
40 24   0.205407
40 25   0.205407
40 26   0.205407
40 27   0.205407
40 28   0.205407
40 29   0.205407
40 30   0.205407
40 31   0.205407
40 32   0.205407
40 33   0.205407
40 34   0.205407
40 35   0.205407
40 36   0.205407
40 37   0.205407
40 38   0.205407
40 39   0.205407
40 40   0.205407
