1 1   1
1 2   1
1 3   1
1 4   1
1 5   1
1 6   1
1 7   1
1 8   1
1 9   1
1 10   1
1 11   1
1 12   1
1 13   1
1 14   1
1 15   1
1 16   1
1 17   1
1 18   1
1 19   1
1 20   1
1 21   1
1 22   1
1 23   1
1 24   1
1 25   1
1 26   1
1 27   1
1 28   1
1 29   1
1 30   1
1 31   1
1 32   1
1 33   1
1 34   1
1 35   1
1 36   1
1 37   1
1 38   1
1 39   1
1 40   1
2 1   1
2 2   1
2 3   1
2 4   1
2 5   1
2 6   1
2 7   1
2 8   1
2 9   1
2 10   1
2 11   1
2 12   1
2 13   1
2 14   1
2 15   1
2 16   1
2 17   1
2 18   1
2 19   1
2 20   1
2 21   1
2 22   1
2 23   1
2 24   1
2 25   1
2 26   1
2 27   1
2 28   1
2 29   1
2 30   1
2 31   1
2 32   1
2 33   1
2 34   1
2 35   1
2 36   1
2 37   1
2 38   1
2 39   1
2 40   1
3 1   0.999998
3 2   0.999998
3 3   0.999998
3 4   0.999998
3 5   0.999998
3 6   0.999998
3 7   0.999998
3 8   0.999998
3 9   0.999998
3 10   0.999998
3 11   0.999998
3 12   0.999998
3 13   0.999998
3 14   0.999998
3 15   0.999998
3 16   0.999998
3 17   0.999998
3 18   0.999998
3 19   0.999998
3 20   0.999998
3 21   0.999998
3 22   0.999998
3 23   0.999998
3 24   0.999998
3 25   0.999998
3 26   0.999998
3 27   0.999998
3 28   0.999998
3 29   0.999998
3 30   0.999998
3 31   0.999998
3 32   0.999998
3 33   0.999998
3 34   0.999998
3 35   0.999998
3 36   0.999998
3 37   0.999998
3 38   0.999998
3 39   0.999998
3 40   0.999998
4 1   0.99996
4 2   0.99996
4 3   0.99996
4 4   0.99996
4 5   0.99996
4 6   0.99996
4 7   0.99996
4 8   0.99996
4 9   0.99996
4 10   0.99996
4 11   0.99996
4 12   0.99996
4 13   0.99996
4 14   0.99996
4 15   0.99996
4 16   0.99996
4 17   0.99996
4 18   0.99996
4 19   0.99996
4 20   0.99996
4 21   0.99996
4 22   0.99996
4 23   0.99996
4 24   0.99996
4 25   0.99996
4 26   0.99996
4 27   0.99996
4 28   0.99996
4 29   0.99996
4 30   0.99996
4 31   0.99996
4 32   0.99996
4 33   0.99996
4 34   0.99996
4 35   0.99996
4 36   0.99996
4 37   0.99996
4 38   0.99996
4 39   0.99996
4 40   0.99996
5 1   0.999529
5 2   0.999529
5 3   0.999529
5 4   0.999529
5 5   0.999529
5 6   0.999529
5 7   0.999529
5 8   0.999529
5 9   0.999529
5 10   0.999529
5 11   0.999529
5 12   0.999529
5 13   0.999529
5 14   0.999529
5 15   0.999529
5 16   0.999529
5 17   0.999529
5 18   0.999529
5 19   0.999529
5 20   0.999529
5 21   0.999529
5 22   0.999529
5 23   0.999529
5 24   0.999529
5 25   0.999529
5 26   0.999529
5 27   0.999529
5 28   0.999529
5 29   0.999529
5 30   0.999529
5 31   0.999529
5 32   0.999529
5 33   0.999529
5 34   0.999529
5 35   0.999529
5 36   0.999529
5 37   0.999529
5 38   0.999529
5 39   0.999529
5 40   0.999529
6 1   0.996104
6 2   0.996104
6 3   0.996104
6 4   0.996104
6 5   0.996104
6 6   0.996104
6 7   0.996104
6 8   0.996104
6 9   0.996104
6 10   0.996104
6 11   0.996104
6 12   0.996104
6 13   0.996104
6 14   0.996104
6 15   0.996104
6 16   0.996104
6 17   0.996104
6 18   0.996104
6 19   0.996104
6 20   0.996104
6 21   0.996104
6 22   0.996104
6 23   0.996104
6 24   0.996104
6 25   0.996104
6 26   0.996104
6 27   0.996104
6 28   0.996104
6 29   0.996104
6 30   0.996104
6 31   0.996104
6 32   0.996104
6 33   0.996104
6 34   0.996104
6 35   0.996104
6 36   0.996104
6 37   0.996104
6 38   0.996104
6 39   0.996104
6 40   0.996104
7 1   0.977201
7 2   0.977201
7 3   0.977201
7 4   0.977201
7 5   0.977201
7 6   0.977201
7 7   0.977201
7 8   0.977201
7 9   0.977201
7 10   0.977201
7 11   0.977201
7 12   0.977201
7 13   0.977201
7 14   0.977201
7 15   0.977201
7 16   0.977201
7 17   0.977201
7 18   0.977201
7 19   0.977201
7 20   0.977201
7 21   0.977201
7 22   0.977201
7 23   0.977201
7 24   0.977201
7 25   0.977201
7 26   0.977201
7 27   0.977201
7 28   0.977201
7 29   0.977201
7 30   0.977201
7 31   0.977201
7 32   0.977201
7 33   0.977201
7 34   0.977201
7 35   0.977201
7 36   0.977201
7 37   0.977201
7 38   0.977201
7 39   0.977201
7 40   0.977201
8 1   0.905673
8 2   0.905673
8 3   0.905673
8 4   0.905673
8 5   0.905673
8 6   0.905673
8 7   0.905673
8 8   0.905673
8 9   0.905673
8 10   0.905673
8 11   0.905673
8 12   0.905673
8 13   0.905673
8 14   0.905673
8 15   0.905673
8 16   0.905673
8 17   0.905673
8 18   0.905673
8 19   0.905673
8 20   0.905673
8 21   0.905673
8 22   0.905673
8 23   0.905673
8 24   0.905673
8 25   0.905673
8 26   0.905673
8 27   0.905673
8 28   0.905673
8 29   0.905673
8 30   0.905673
8 31   0.905673
8 32   0.905673
8 33   0.905673
8 34   0.905673
8 35   0.905673
8 36   0.905673
8 37   0.905673
8 38   0.905673
8 39   0.905673
8 40   0.905673
9 1   0.729564
9 2   0.729564
9 3   0.729564
9 4   0.729564
9 5   0.729564
9 6   0.729564
9 7   0.729564
9 8   0.729564
9 9   0.729564
9 10   0.729564
9 11   0.729564
9 12   0.729564
9 13   0.729564
9 14   0.729564
9 15   0.729564
9 16   0.729564
9 17   0.729564
9 18   0.729564
9 19   0.729564
9 20   0.729564
9 21   0.729564
9 22   0.729564
9 23   0.729564
9 24   0.729564
9 25   0.729564
9 26   0.729564
9 27   0.729564
9 28   0.729564
9 29   0.729564
9 30   0.729564
9 31   0.729564
9 32   0.729564
9 33   0.729564
9 34   0.729564
9 35   0.729564
9 36   0.729564
9 37   0.729564
9 38   0.729564
9 39   0.729564
9 40   0.729564
10 1   0.48455
10 2   0.48455
10 3   0.48455
10 4   0.48455
10 5   0.48455
10 6   0.48455
10 7   0.48455
10 8   0.48455
10 9   0.48455
10 10   0.48455
10 11   0.48455
10 12   0.48455
10 13   0.48455
10 14   0.48455
10 15   0.48455
10 16   0.48455
10 17   0.48455
10 18   0.48455
10 19   0.48455
10 20   0.48455
10 21   0.48455
10 22   0.48455
10 23   0.48455
10 24   0.48455
10 25   0.48455
10 26   0.48455
10 27   0.48455
10 28   0.48455
10 29   0.48455
10 30   0.48455
10 31   0.48455
10 32   0.48455
10 33   0.48455
10 34   0.48455
10 35   0.48455
10 36   0.48455
10 37   0.48455
10 38   0.48455
10 39   0.48455
10 40   0.48455
11 1   0.383962
11 2   0.383962
11 3   0.383962
11 4   0.383962
11 5   0.383962
11 6   0.383962
11 7   0.383962
11 8   0.383962
11 9   0.383962
11 10   0.383962
11 11   0.383962
11 12   0.383962
11 13   0.383962
11 14   0.383962
11 15   0.383962
11 16   0.383962
11 17   0.383962
11 18   0.383962
11 19   0.383962
11 20   0.383962
11 21   0.383962
11 22   0.383962
11 23   0.383962
11 24   0.383962
11 25   0.383962
11 26   0.383962
11 27   0.383962
11 28   0.383962
11 29   0.383962
11 30   0.383962
11 31   0.383962
11 32   0.383962
11 33   0.383962
11 34   0.383962
11 35   0.383962
11 36   0.383962
11 37   0.383962
11 38   0.383962
11 39   0.383962
11 40   0.383962
12 1   0.521738
12 2   0.521738
12 3   0.521738
12 4   0.521738
12 5   0.521738
12 6   0.521738
12 7   0.521738
12 8   0.521738
12 9   0.521738
12 10   0.521738
12 11   0.521738
12 12   0.521738
12 13   0.521738
12 14   0.521738
12 15   0.521738
12 16   0.521738
12 17   0.521738
12 18   0.521738
12 19   0.521738
12 20   0.521738
12 21   0.521738
12 22   0.521738
12 23   0.521738
12 24   0.521738
12 25   0.521738
12 26   0.521738
12 27   0.521738
12 28   0.521738
12 29   0.521738
12 30   0.521738
12 31   0.521738
12 32   0.521738
12 33   0.521738
12 34   0.521738
12 35   0.521738
12 36   0.521738
12 37   0.521738
12 38   0.521738
12 39   0.521738
12 40   0.521738
13 1   0.558993
13 2   0.558993
13 3   0.558993
13 4   0.558993
13 5   0.558993
13 6   0.558993
13 7   0.558993
13 8   0.558993
13 9   0.558993
13 10   0.558993
13 11   0.558993
13 12   0.558993
13 13   0.558993
13 14   0.558993
13 15   0.558993
13 16   0.558993
13 17   0.558993
13 18   0.558993
13 19   0.558993
13 20   0.558993
13 21   0.558993
13 22   0.558993
13 23   0.558993
13 24   0.558993
13 25   0.558993
13 26   0.558993
13 27   0.558993
13 28   0.558993
13 29   0.558993
13 30   0.558993
13 31   0.558993
13 32   0.558993
13 33   0.558993
13 34   0.558993
13 35   0.558993
13 36   0.558993
13 37   0.558993
13 38   0.558993
13 39   0.558993
13 40   0.558993
14 1   0.439073
14 2   0.439073
14 3   0.439073
14 4   0.439073
14 5   0.439073
14 6   0.439073
14 7   0.439073
14 8   0.439073
14 9   0.439073
14 10   0.439073
14 11   0.439073
14 12   0.439073
14 13   0.439073
14 14   0.439073
14 15   0.439073
14 16   0.439073
14 17   0.439073
14 18   0.439073
14 19   0.439073
14 20   0.439073
14 21   0.439073
14 22   0.439073
14 23   0.439073
14 24   0.439073
14 25   0.439073
14 26   0.439073
14 27   0.439073
14 28   0.439073
14 29   0.439073
14 30   0.439073
14 31   0.439073
14 32   0.439073
14 33   0.439073
14 34   0.439073
14 35   0.439073
14 36   0.439073
14 37   0.439073
14 38   0.439073
14 39   0.439073
14 40   0.439073
15 1   0.526762
15 2   0.526762
15 3   0.526762
15 4   0.526762
15 5   0.526762
15 6   0.526762
15 7   0.526762
15 8   0.526762
15 9   0.526762
15 10   0.526762
15 11   0.526762
15 12   0.526762
15 13   0.526762
15 14   0.526762
15 15   0.526762
15 16   0.526762
15 17   0.526762
15 18   0.526762
15 19   0.526762
15 20   0.526762
15 21   0.526762
15 22   0.526762
15 23   0.526762
15 24   0.526762
15 25   0.526762
15 26   0.526762
15 27   0.526762
15 28   0.526762
15 29   0.526762
15 30   0.526762
15 31   0.526762
15 32   0.526762
15 33   0.526762
15 34   0.526762
15 35   0.526762
15 36   0.526762
15 37   0.526762
15 38   0.526762
15 39   0.526762
15 40   0.526762
16 1   0.506189
16 2   0.506189
16 3   0.506189
16 4   0.506189
16 5   0.506189
16 6   0.506189
16 7   0.506189
16 8   0.506189
16 9   0.506189
16 10   0.506189
16 11   0.506189
16 12   0.506189
16 13   0.506189
16 14   0.506189
16 15   0.506189
16 16   0.506189
16 17   0.506189
16 18   0.506189
16 19   0.506189
16 20   0.506189
16 21   0.506189
16 22   0.506189
16 23   0.506189
16 24   0.506189
16 25   0.506189
16 26   0.506189
16 27   0.506189
16 28   0.506189
16 29   0.506189
16 30   0.506189
16 31   0.506189
16 32   0.506189
16 33   0.506189
16 34   0.506189
16 35   0.506189
16 36   0.506189
16 37   0.506189
16 38   0.506189
16 39   0.506189
16 40   0.506189
17 1   0.473935
17 2   0.473935
17 3   0.473935
17 4   0.473935
17 5   0.473935
17 6   0.473935
17 7   0.473935
17 8   0.473935
17 9   0.473935
17 10   0.473935
17 11   0.473935
17 12   0.473935
17 13   0.473935
17 14   0.473935
17 15   0.473935
17 16   0.473935
17 17   0.473935
17 18   0.473935
17 19   0.473935
17 20   0.473935
17 21   0.473935
17 22   0.473935
17 23   0.473935
17 24   0.473935
17 25   0.473935
17 26   0.473935
17 27   0.473935
17 28   0.473935
17 29   0.473935
17 30   0.473935
17 31   0.473935
17 32   0.473935
17 33   0.473935
17 34   0.473935
17 35   0.473935
17 36   0.473935
17 37   0.473935
17 38   0.473935
17 39   0.473935
17 40   0.473935
18 1   0.535419
18 2   0.535419
18 3   0.535419
18 4   0.535419
18 5   0.535419
18 6   0.535419
18 7   0.535419
18 8   0.535419
18 9   0.535419
18 10   0.535419
18 11   0.535419
18 12   0.535419
18 13   0.535419
18 14   0.535419
18 15   0.535419
18 16   0.535419
18 17   0.535419
18 18   0.535419
18 19   0.535419
18 20   0.535419
18 21   0.535419
18 22   0.535419
18 23   0.535419
18 24   0.535419
18 25   0.535419
18 26   0.535419
18 27   0.535419
18 28   0.535419
18 29   0.535419
18 30   0.535419
18 31   0.535419
18 32   0.535419
18 33   0.535419
18 34   0.535419
18 35   0.535419
18 36   0.535419
18 37   0.535419
18 38   0.535419
18 39   0.535419
18 40   0.535419
19 1   0.461472
19 2   0.461472
19 3   0.461472
19 4   0.461472
19 5   0.461472
19 6   0.461472
19 7   0.461472
19 8   0.461472
19 9   0.461472
19 10   0.461472
19 11   0.461472
19 12   0.461472
19 13   0.461472
19 14   0.461472
19 15   0.461472
19 16   0.461472
19 17   0.461472
19 18   0.461472
19 19   0.461472
19 20   0.461472
19 21   0.461472
19 22   0.461472
19 23   0.461472
19 24   0.461472
19 25   0.461472
19 26   0.461472
19 27   0.461472
19 28   0.461472
19 29   0.461472
19 30   0.461472
19 31   0.461472
19 32   0.461472
19 33   0.461472
19 34   0.461472
19 35   0.461472
19 36   0.461472
19 37   0.461472
19 38   0.461472
19 39   0.461472
19 40   0.461472
20 1   0.538628
20 2   0.538628
20 3   0.538628
20 4   0.538628
20 5   0.538628
20 6   0.538628
20 7   0.538628
20 8   0.538628
20 9   0.538628
20 10   0.538628
20 11   0.538628
20 12   0.538628
20 13   0.538628
20 14   0.538628
20 15   0.538628
20 16   0.538628
20 17   0.538628
20 18   0.538628
20 19   0.538628
20 20   0.538628
20 21   0.538628
20 22   0.538628
20 23   0.538628
20 24   0.538628
20 25   0.538628
20 26   0.538628
20 27   0.538628
20 28   0.538628
20 29   0.538628
20 30   0.538628
20 31   0.538628
20 32   0.538628
20 33   0.538628
20 34   0.538628
20 35   0.538628
20 36   0.538628
20 37   0.538628
20 38   0.538628
20 39   0.538628
20 40   0.538628
21 1   0.464681
21 2   0.464681
21 3   0.464681
21 4   0.464681
21 5   0.464681
21 6   0.464681
21 7   0.464681
21 8   0.464681
21 9   0.464681
21 10   0.464681
21 11   0.464681
21 12   0.464681
21 13   0.464681
21 14   0.464681
21 15   0.464681
21 16   0.464681
21 17   0.464681
21 18   0.464681
21 19   0.464681
21 20   0.464681
21 21   0.464681
21 22   0.464681
21 23   0.464681
21 24   0.464681
21 25   0.464681
21 26   0.464681
21 27   0.464681
21 28   0.464681
21 29   0.464681
21 30   0.464681
21 31   0.464681
21 32   0.464681
21 33   0.464681
21 34   0.464681
21 35   0.464681
21 36   0.464681
21 37   0.464681
21 38   0.464681
21 39   0.464681
21 40   0.464681
22 1   0.526165
22 2   0.526165
22 3   0.526165
22 4   0.526165
22 5   0.526165
22 6   0.526165
22 7   0.526165
22 8   0.526165
22 9   0.526165
22 10   0.526165
22 11   0.526165
22 12   0.526165
22 13   0.526165
22 14   0.526165
22 15   0.526165
22 16   0.526165
22 17   0.526165
22 18   0.526165
22 19   0.526165
22 20   0.526165
22 21   0.526165
22 22   0.526165
22 23   0.526165
22 24   0.526165
22 25   0.526165
22 26   0.526165
22 27   0.526165
22 28   0.526165
22 29   0.526165
22 30   0.526165
22 31   0.526165
22 32   0.526165
22 33   0.526165
22 34   0.526165
22 35   0.526165
22 36   0.526165
22 37   0.526165
22 38   0.526165
22 39   0.526165
22 40   0.526165
23 1   0.493911
23 2   0.493911
23 3   0.493911
23 4   0.493911
23 5   0.493911
23 6   0.493911
23 7   0.493911
23 8   0.493911
23 9   0.493911
23 10   0.493911
23 11   0.493911
23 12   0.493911
23 13   0.493911
23 14   0.493911
23 15   0.493911
23 16   0.493911
23 17   0.493911
23 18   0.493911
23 19   0.493911
23 20   0.493911
23 21   0.493911
23 22   0.493911
23 23   0.493911
23 24   0.493911
23 25   0.493911
23 26   0.493911
23 27   0.493911
23 28   0.493911
23 29   0.493911
23 30   0.493911
23 31   0.493911
23 32   0.493911
23 33   0.493911
23 34   0.493911
23 35   0.493911
23 36   0.493911
23 37   0.493911
23 38   0.493911
23 39   0.493911
23 40   0.493911
24 1   0.473338
24 2   0.473338
24 3   0.473338
24 4   0.473338
24 5   0.473338
24 6   0.473338
24 7   0.473338
24 8   0.473338
24 9   0.473338
24 10   0.473338
24 11   0.473338
24 12   0.473338
24 13   0.473338
24 14   0.473338
24 15   0.473338
24 16   0.473338
24 17   0.473338
24 18   0.473338
24 19   0.473338
24 20   0.473338
24 21   0.473338
24 22   0.473338
24 23   0.473338
24 24   0.473338
24 25   0.473338
24 26   0.473338
24 27   0.473338
24 28   0.473338
24 29   0.473338
24 30   0.473338
24 31   0.473338
24 32   0.473338
24 33   0.473338
24 34   0.473338
24 35   0.473338
24 36   0.473338
24 37   0.473338
24 38   0.473338
24 39   0.473338
24 40   0.473338
25 1   0.561027
25 2   0.561027
25 3   0.561027
25 4   0.561027
25 5   0.561027
25 6   0.561027
25 7   0.561027
25 8   0.561027
25 9   0.561027
25 10   0.561027
25 11   0.561027
25 12   0.561027
25 13   0.561027
25 14   0.561027
25 15   0.561027
25 16   0.561027
25 17   0.561027
25 18   0.561027
25 19   0.561027
25 20   0.561027
25 21   0.561027
25 22   0.561027
25 23   0.561027
25 24   0.561027
25 25   0.561027
25 26   0.561027
25 27   0.561027
25 28   0.561027
25 29   0.561027
25 30   0.561027
25 31   0.561027
25 32   0.561027
25 33   0.561027
25 34   0.561027
25 35   0.561027
25 36   0.561027
25 37   0.561027
25 38   0.561027
25 39   0.561027
25 40   0.561027
26 1   0.441107
26 2   0.441107
26 3   0.441107
26 4   0.441107
26 5   0.441107
26 6   0.441107
26 7   0.441107
26 8   0.441107
26 9   0.441107
26 10   0.441107
26 11   0.441107
26 12   0.441107
26 13   0.441107
26 14   0.441107
26 15   0.441107
26 16   0.441107
26 17   0.441107
26 18   0.441107
26 19   0.441107
26 20   0.441107
26 21   0.441107
26 22   0.441107
26 23   0.441107
26 24   0.441107
26 25   0.441107
26 26   0.441107
26 27   0.441107
26 28   0.441107
26 29   0.441107
26 30   0.441107
26 31   0.441107
26 32   0.441107
26 33   0.441107
26 34   0.441107
26 35   0.441107
26 36   0.441107
26 37   0.441107
26 38   0.441107
26 39   0.441107
26 40   0.441107
27 1   0.478362
27 2   0.478362
27 3   0.478362
27 4   0.478362
27 5   0.478362
27 6   0.478362
27 7   0.478362
27 8   0.478362
27 9   0.478362
27 10   0.478362
27 11   0.478362
27 12   0.478362
27 13   0.478362
27 14   0.478362
27 15   0.478362
27 16   0.478362
27 17   0.478362
27 18   0.478362
27 19   0.478362
27 20   0.478362
27 21   0.478362
27 22   0.478362
27 23   0.478362
27 24   0.478362
27 25   0.478362
27 26   0.478362
27 27   0.478362
27 28   0.478362
27 29   0.478362
27 30   0.478362
27 31   0.478362
27 32   0.478362
27 33   0.478362
27 34   0.478362
27 35   0.478362
27 36   0.478362
27 37   0.478362
27 38   0.478362
27 39   0.478362
27 40   0.478362
28 1   0.616138
28 2   0.616138
28 3   0.616138
28 4   0.616138
28 5   0.616138
28 6   0.616138
28 7   0.616138
28 8   0.616138
28 9   0.616138
28 10   0.616138
28 11   0.616138
28 12   0.616138
28 13   0.616138
28 14   0.616138
28 15   0.616138
28 16   0.616138
28 17   0.616138
28 18   0.616138
28 19   0.616138
28 20   0.616138
28 21   0.616138
28 22   0.616138
28 23   0.616138
28 24   0.616138
28 25   0.616138
28 26   0.616138
28 27   0.616138
28 28   0.616138
28 29   0.616138
28 30   0.616138
28 31   0.616138
28 32   0.616138
28 33   0.616138
28 34   0.616138
28 35   0.616138
28 36   0.616138
28 37   0.616138
28 38   0.616138
28 39   0.616138
28 40   0.616138
29 1   0.51555
29 2   0.51555
29 3   0.51555
29 4   0.51555
29 5   0.51555
29 6   0.51555
29 7   0.51555
29 8   0.51555
29 9   0.51555
29 10   0.51555
29 11   0.51555
29 12   0.51555
29 13   0.51555
29 14   0.51555
29 15   0.51555
29 16   0.51555
29 17   0.51555
29 18   0.51555
29 19   0.51555
29 20   0.51555
29 21   0.51555
29 22   0.51555
29 23   0.51555
29 24   0.51555
29 25   0.51555
29 26   0.51555
29 27   0.51555
29 28   0.51555
29 29   0.51555
29 30   0.51555
29 31   0.51555
29 32   0.51555
29 33   0.51555
29 34   0.51555
29 35   0.51555
29 36   0.51555
29 37   0.51555
29 38   0.51555
29 39   0.51555
29 40   0.51555
30 1   0.270536
30 2   0.270536
30 3   0.270536
30 4   0.270536
30 5   0.270536
30 6   0.270536
30 7   0.270536
30 8   0.270536
30 9   0.270536
30 10   0.270536
30 11   0.270536
30 12   0.270536
30 13   0.270536
30 14   0.270536
30 15   0.270536
30 16   0.270536
30 17   0.270536
30 18   0.270536
30 19   0.270536
30 20   0.270536
30 21   0.270536
30 22   0.270536
30 23   0.270536
30 24   0.270536
30 25   0.270536
30 26   0.270536
30 27   0.270536
30 28   0.270536
30 29   0.270536
30 30   0.270536
30 31   0.270536
30 32   0.270536
30 33   0.270536
30 34   0.270536
30 35   0.270536
30 36   0.270536
30 37   0.270536
30 38   0.270536
30 39   0.270536
30 40   0.270536
31 1   0.0944269
31 2   0.0944269
31 3   0.0944269
31 4   0.0944269
31 5   0.0944269
31 6   0.0944269
31 7   0.0944269
31 8   0.0944269
31 9   0.0944269
31 10   0.0944269
31 11   0.0944269
31 12   0.0944269
31 13   0.0944269
31 14   0.0944269
31 15   0.0944269
31 16   0.0944269
31 17   0.0944269
31 18   0.0944269
31 19   0.0944269
31 20   0.0944269
31 21   0.0944269
31 22   0.0944269
31 23   0.0944269
31 24   0.0944269
31 25   0.0944269
31 26   0.0944269
31 27   0.0944269
31 28   0.0944269
31 29   0.0944269
31 30   0.0944269
31 31   0.0944269
31 32   0.0944269
31 33   0.0944269
31 34   0.0944269
31 35   0.0944269
31 36   0.0944269
31 37   0.0944269
31 38   0.0944269
31 39   0.0944269
31 40   0.0944269
32 1   0.0228995
32 2   0.0228995
32 3   0.0228995
32 4   0.0228995
32 5   0.0228995
32 6   0.0228995
32 7   0.0228995
32 8   0.0228995
32 9   0.0228995
32 10   0.0228995
32 11   0.0228995
32 12   0.0228995
32 13   0.0228995
32 14   0.0228995
32 15   0.0228995
32 16   0.0228995
32 17   0.0228995
32 18   0.0228995
32 19   0.0228995
32 20   0.0228995
32 21   0.0228995
32 22   0.0228995
32 23   0.0228995
32 24   0.0228995
32 25   0.0228995
32 26   0.0228995
32 27   0.0228995
32 28   0.0228995
32 29   0.0228995
32 30   0.0228995
32 31   0.0228995
32 32   0.0228995
32 33   0.0228995
32 34   0.0228995
32 35   0.0228995
32 36   0.0228995
32 37   0.0228995
32 38   0.0228995
32 39   0.0228995
32 40   0.0228995
33 1   0.00399636
33 2   0.00399636
33 3   0.00399636
33 4   0.00399636
33 5   0.00399636
33 6   0.00399636
33 7   0.00399636
33 8   0.00399636
33 9   0.00399636
33 10   0.00399636
33 11   0.00399636
33 12   0.00399636
33 13   0.00399636
33 14   0.00399636
33 15   0.00399636
33 16   0.00399636
33 17   0.00399636
33 18   0.00399636
33 19   0.00399636
33 20   0.00399636
33 21   0.00399636
33 22   0.00399636
33 23   0.00399636
33 24   0.00399636
33 25   0.00399636
33 26   0.00399636
33 27   0.00399636
33 28   0.00399636
33 29   0.00399636
33 30   0.00399636
33 31   0.00399636
33 32   0.00399636
33 33   0.00399636
33 34   0.00399636
33 35   0.00399636
33 36   0.00399636
33 37   0.00399636
33 38   0.00399636
33 39   0.00399636
33 40   0.00399636
34 1   0.000571415
34 2   0.000571415
34 3   0.000571415
34 4   0.000571415
34 5   0.000571415
34 6   0.000571415
34 7   0.000571415
34 8   0.000571415
34 9   0.000571415
34 10   0.000571415
34 11   0.000571415
34 12   0.000571415
34 13   0.000571415
34 14   0.000571415
34 15   0.000571415
34 16   0.000571415
34 17   0.000571415
34 18   0.000571415
34 19   0.000571415
34 20   0.000571415
34 21   0.000571415
34 22   0.000571415
34 23   0.000571415
34 24   0.000571415
34 25   0.000571415
34 26   0.000571415
34 27   0.000571415
34 28   0.000571415
34 29   0.000571415
34 30   0.000571415
34 31   0.000571415
34 32   0.000571415
34 33   0.000571415
34 34   0.000571415
34 35   0.000571415
34 36   0.000571415
34 37   0.000571415
34 38   0.000571415
34 39   0.000571415
34 40   0.000571415
35 1   0.000139631
35 2   0.000139631
35 3   0.000139631
35 4   0.000139631
35 5   0.000139631
35 6   0.000139631
35 7   0.000139631
35 8   0.000139631
35 9   0.000139631
35 10   0.000139631
35 11   0.000139631
35 12   0.000139631
35 13   0.000139631
35 14   0.000139631
35 15   0.000139631
35 16   0.000139631
35 17   0.000139631
35 18   0.000139631
35 19   0.000139631
35 20   0.000139631
35 21   0.000139631
35 22   0.000139631
35 23   0.000139631
35 24   0.000139631
35 25   0.000139631
35 26   0.000139631
35 27   0.000139631
35 28   0.000139631
35 29   0.000139631
35 30   0.000139631
35 31   0.000139631
35 32   0.000139631
35 33   0.000139631
35 34   0.000139631
35 35   0.000139631
35 36   0.000139631
35 37   0.000139631
35 38   0.000139631
35 39   0.000139631
35 40   0.000139631
36 1   0.000102208
36 2   0.000102208
36 3   0.000102208
36 4   0.000102208
36 5   0.000102208
36 6   0.000102208
36 7   0.000102208
36 8   0.000102208
36 9   0.000102208
36 10   0.000102208
36 11   0.000102208
36 12   0.000102208
36 13   0.000102208
36 14   0.000102208
36 15   0.000102208
36 16   0.000102208
36 17   0.000102208
36 18   0.000102208
36 19   0.000102208
36 20   0.000102208
36 21   0.000102208
36 22   0.000102208
36 23   0.000102208
36 24   0.000102208
36 25   0.000102208
36 26   0.000102208
36 27   0.000102208
36 28   0.000102208
36 29   0.000102208
36 30   0.000102208
36 31   0.000102208
36 32   0.000102208
36 33   0.000102208
36 34   0.000102208
36 35   0.000102208
36 36   0.000102208
36 37   0.000102208
36 38   0.000102208
36 39   0.000102208
36 40   0.000102208
37 1   0.000100073
37 2   0.000100073
37 3   0.000100073
37 4   0.000100073
37 5   0.000100073
37 6   0.000100073
37 7   0.000100073
37 8   0.000100073
37 9   0.000100073
37 10   0.000100073
37 11   0.000100073
37 12   0.000100073
37 13   0.000100073
37 14   0.000100073
37 15   0.000100073
37 16   0.000100073
37 17   0.000100073
37 18   0.000100073
37 19   0.000100073
37 20   0.000100073
37 21   0.000100073
37 22   0.000100073
37 23   0.000100073
37 24   0.000100073
37 25   0.000100073
37 26   0.000100073
37 27   0.000100073
37 28   0.000100073
37 29   0.000100073
37 30   0.000100073
37 31   0.000100073
37 32   0.000100073
37 33   0.000100073
37 34   0.000100073
37 35   0.000100073
37 36   0.000100073
37 37   0.000100073
37 38   0.000100073
37 39   0.000100073
37 40   0.000100073
38 1   0.000100001
38 2   0.000100001
38 3   0.000100001
38 4   0.000100001
38 5   0.000100001
38 6   0.000100001
38 7   0.000100001
38 8   0.000100001
38 9   0.000100001
38 10   0.000100001
38 11   0.000100001
38 12   0.000100001
38 13   0.000100001
38 14   0.000100001
38 15   0.000100001
38 16   0.000100001
38 17   0.000100001
38 18   0.000100001
38 19   0.000100001
38 20   0.000100001
38 21   0.000100001
38 22   0.000100001
38 23   0.000100001
38 24   0.000100001
38 25   0.000100001
38 26   0.000100001
38 27   0.000100001
38 28   0.000100001
38 29   0.000100001
38 30   0.000100001
38 31   0.000100001
38 32   0.000100001
38 33   0.000100001
38 34   0.000100001
38 35   0.000100001
38 36   0.000100001
38 37   0.000100001
38 38   0.000100001
38 39   0.000100001
38 40   0.000100001
39 1   0.0001
39 2   0.0001
39 3   0.0001
39 4   0.0001
39 5   0.0001
39 6   0.0001
39 7   0.0001
39 8   0.0001
39 9   0.0001
39 10   0.0001
39 11   0.0001
39 12   0.0001
39 13   0.0001
39 14   0.0001
39 15   0.0001
39 16   0.0001
39 17   0.0001
39 18   0.0001
39 19   0.0001
39 20   0.0001
39 21   0.0001
39 22   0.0001
39 23   0.0001
39 24   0.0001
39 25   0.0001
39 26   0.0001
39 27   0.0001
39 28   0.0001
39 29   0.0001
39 30   0.0001
39 31   0.0001
39 32   0.0001
39 33   0.0001
39 34   0.0001
39 35   0.0001
39 36   0.0001
39 37   0.0001
39 38   0.0001
39 39   0.0001
39 40   0.0001
40 1   0.0001
40 2   0.0001
40 3   0.0001
40 4   0.0001
40 5   0.0001
40 6   0.0001
40 7   0.0001
40 8   0.0001
40 9   0.0001
40 10   0.0001
40 11   0.0001
40 12   0.0001
40 13   0.0001
40 14   0.0001
40 15   0.0001
40 16   0.0001
40 17   0.0001
40 18   0.0001
40 19   0.0001
40 20   0.0001
40 21   0.0001
40 22   0.0001
40 23   0.0001
40 24   0.0001
40 25   0.0001
40 26   0.0001
40 27   0.0001
40 28   0.0001
40 29   0.0001
40 30   0.0001
40 31   0.0001
40 32   0.0001
40 33   0.0001
40 34   0.0001
40 35   0.0001
40 36   0.0001
40 37   0.0001
40 38   0.0001
40 39   0.0001
40 40   0.0001
