1 1   0.0203649
1 2   0.0203649
1 3   0.0203649
1 4   0.0203649
1 5   0.0203649
1 6   0.0203649
1 7   0.0203649
1 8   0.0203649
1 9   0.0203649
1 10   0.0203649
1 11   0.0203649
1 12   0.0203649
1 13   0.0203649
1 14   0.0203649
1 15   0.0203649
1 16   0.0203649
1 17   0.0203649
1 18   0.0203649
1 19   0.0203649
1 20   0.0203649
1 21   0.0203649
1 22   0.0203649
1 23   0.0203649
1 24   0.0203649
1 25   0.0203649
1 26   0.0203649
1 27   0.0203649
1 28   0.0203649
1 29   0.0203649
1 30   0.0203649
1 31   0.0203649
1 32   0.0203649
1 33   0.0203649
1 34   0.0203649
1 35   0.0203649
1 36   0.0203649
1 37   0.0203649
1 38   0.0203649
1 39   0.0203649
1 40   0.0203649
2 1   -0.047959
2 2   -0.047959
2 3   -0.047959
2 4   -0.047959
2 5   -0.047959
2 6   -0.047959
2 7   -0.047959
2 8   -0.047959
2 9   -0.047959
2 10   -0.047959
2 11   -0.047959
2 12   -0.047959
2 13   -0.047959
2 14   -0.047959
2 15   -0.047959
2 16   -0.047959
2 17   -0.047959
2 18   -0.047959
2 19   -0.047959
2 20   -0.047959
2 21   -0.047959
2 22   -0.047959
2 23   -0.047959
2 24   -0.047959
2 25   -0.047959
2 26   -0.047959
2 27   -0.047959
2 28   -0.047959
2 29   -0.047959
2 30   -0.047959
2 31   -0.047959
2 32   -0.047959
2 33   -0.047959
2 34   -0.047959
2 35   -0.047959
2 36   -0.047959
2 37   -0.047959
2 38   -0.047959
2 39   -0.047959
2 40   -0.047959
3 1   0.0111483
3 2   0.0111483
3 3   0.0111483
3 4   0.0111483
3 5   0.0111483
3 6   0.0111483
3 7   0.0111483
3 8   0.0111483
3 9   0.0111483
3 10   0.0111483
3 11   0.0111483
3 12   0.0111483
3 13   0.0111483
3 14   0.0111483
3 15   0.0111483
3 16   0.0111483
3 17   0.0111483
3 18   0.0111483
3 19   0.0111483
3 20   0.0111483
3 21   0.0111483
3 22   0.0111483
3 23   0.0111483
3 24   0.0111483
3 25   0.0111483
3 26   0.0111483
3 27   0.0111483
3 28   0.0111483
3 29   0.0111483
3 30   0.0111483
3 31   0.0111483
3 32   0.0111483
3 33   0.0111483
3 34   0.0111483
3 35   0.0111483
3 36   0.0111483
3 37   0.0111483
3 38   0.0111483
3 39   0.0111483
3 40   0.0111483
4 1   0.0801187
4 2   0.0801187
4 3   0.0801187
4 4   0.0801187
4 5   0.0801187
4 6   0.0801187
4 7   0.0801187
4 8   0.0801187
4 9   0.0801187
4 10   0.0801187
4 11   0.0801187
4 12   0.0801187
4 13   0.0801187
4 14   0.0801187
4 15   0.0801187
4 16   0.0801187
4 17   0.0801187
4 18   0.0801187
4 19   0.0801187
4 20   0.0801187
4 21   0.0801187
4 22   0.0801187
4 23   0.0801187
4 24   0.0801187
4 25   0.0801187
4 26   0.0801187
4 27   0.0801187
4 28   0.0801187
4 29   0.0801187
4 30   0.0801187
4 31   0.0801187
4 32   0.0801187
4 33   0.0801187
4 34   0.0801187
4 35   0.0801187
4 36   0.0801187
4 37   0.0801187
4 38   0.0801187
4 39   0.0801187
4 40   0.0801187
5 1   -0.040257
5 2   -0.040257
5 3   -0.040257
5 4   -0.040257
5 5   -0.040257
5 6   -0.040257
5 7   -0.040257
5 8   -0.040257
5 9   -0.040257
5 10   -0.040257
5 11   -0.040257
5 12   -0.040257
5 13   -0.040257
5 14   -0.040257
5 15   -0.040257
5 16   -0.040257
5 17   -0.040257
5 18   -0.040257
5 19   -0.040257
5 20   -0.040257
5 21   -0.040257
5 22   -0.040257
5 23   -0.040257
5 24   -0.040257
5 25   -0.040257
5 26   -0.040257
5 27   -0.040257
5 28   -0.040257
5 29   -0.040257
5 30   -0.040257
5 31   -0.040257
5 32   -0.040257
5 33   -0.040257
5 34   -0.040257
5 35   -0.040257
5 36   -0.040257
5 37   -0.040257
5 38   -0.040257
5 39   -0.040257
5 40   -0.040257
6 1   -0.116453
6 2   -0.116453
6 3   -0.116453
6 4   -0.116453
6 5   -0.116453
6 6   -0.116453
6 7   -0.116453
6 8   -0.116453
6 9   -0.116453
6 10   -0.116453
6 11   -0.116453
6 12   -0.116453
6 13   -0.116453
6 14   -0.116453
6 15   -0.116453
6 16   -0.116453
6 17   -0.116453
6 18   -0.116453
6 19   -0.116453
6 20   -0.116453
6 21   -0.116453
6 22   -0.116453
6 23   -0.116453
6 24   -0.116453
6 25   -0.116453
6 26   -0.116453
6 27   -0.116453
6 28   -0.116453
6 29   -0.116453
6 30   -0.116453
6 31   -0.116453
6 32   -0.116453
6 33   -0.116453
6 34   -0.116453
6 35   -0.116453
6 36   -0.116453
6 37   -0.116453
6 38   -0.116453
6 39   -0.116453
6 40   -0.116453
7 1   -0.0203962
7 2   -0.0203962
7 3   -0.0203962
7 4   -0.0203962
7 5   -0.0203962
7 6   -0.0203962
7 7   -0.0203962
7 8   -0.0203962
7 9   -0.0203962
7 10   -0.0203962
7 11   -0.0203962
7 12   -0.0203962
7 13   -0.0203962
7 14   -0.0203962
7 15   -0.0203962
7 16   -0.0203962
7 17   -0.0203962
7 18   -0.0203962
7 19   -0.0203962
7 20   -0.0203962
7 21   -0.0203962
7 22   -0.0203962
7 23   -0.0203962
7 24   -0.0203962
7 25   -0.0203962
7 26   -0.0203962
7 27   -0.0203962
7 28   -0.0203962
7 29   -0.0203962
7 30   -0.0203962
7 31   -0.0203962
7 32   -0.0203962
7 33   -0.0203962
7 34   -0.0203962
7 35   -0.0203962
7 36   -0.0203962
7 37   -0.0203962
7 38   -0.0203962
7 39   -0.0203962
7 40   -0.0203962
8 1   0.108769
8 2   0.108769
8 3   0.108769
8 4   0.108769
8 5   0.108769
8 6   0.108769
8 7   0.108769
8 8   0.108769
8 9   0.108769
8 10   0.108769
8 11   0.108769
8 12   0.108769
8 13   0.108769
8 14   0.108769
8 15   0.108769
8 16   0.108769
8 17   0.108769
8 18   0.108769
8 19   0.108769
8 20   0.108769
8 21   0.108769
8 22   0.108769
8 23   0.108769
8 24   0.108769
8 25   0.108769
8 26   0.108769
8 27   0.108769
8 28   0.108769
8 29   0.108769
8 30   0.108769
8 31   0.108769
8 32   0.108769
8 33   0.108769
8 34   0.108769
8 35   0.108769
8 36   0.108769
8 37   0.108769
8 38   0.108769
8 39   0.108769
8 40   0.108769
9 1   0.296556
9 2   0.296556
9 3   0.296556
9 4   0.296556
9 5   0.296556
9 6   0.296556
9 7   0.296556
9 8   0.296556
9 9   0.296556
9 10   0.296556
9 11   0.296556
9 12   0.296556
9 13   0.296556
9 14   0.296556
9 15   0.296556
9 16   0.296556
9 17   0.296556
9 18   0.296556
9 19   0.296556
9 20   0.296556
9 21   0.296556
9 22   0.296556
9 23   0.296556
9 24   0.296556
9 25   0.296556
9 26   0.296556
9 27   0.296556
9 28   0.296556
9 29   0.296556
9 30   0.296556
9 31   0.296556
9 32   0.296556
9 33   0.296556
9 34   0.296556
9 35   0.296556
9 36   0.296556
9 37   0.296556
9 38   0.296556
9 39   0.296556
9 40   0.296556
10 1   0.411374
10 2   0.411374
10 3   0.411374
10 4   0.411374
10 5   0.411374
10 6   0.411374
10 7   0.411374
10 8   0.411374
10 9   0.411374
10 10   0.411374
10 11   0.411374
10 12   0.411374
10 13   0.411374
10 14   0.411374
10 15   0.411374
10 16   0.411374
10 17   0.411374
10 18   0.411374
10 19   0.411374
10 20   0.411374
10 21   0.411374
10 22   0.411374
10 23   0.411374
10 24   0.411374
10 25   0.411374
10 26   0.411374
10 27   0.411374
10 28   0.411374
10 29   0.411374
10 30   0.411374
10 31   0.411374
10 32   0.411374
10 33   0.411374
10 34   0.411374
10 35   0.411374
10 36   0.411374
10 37   0.411374
10 38   0.411374
10 39   0.411374
10 40   0.411374
11 1   0.453008
11 2   0.453008
11 3   0.453008
11 4   0.453008
11 5   0.453008
11 6   0.453008
11 7   0.453008
11 8   0.453008
11 9   0.453008
11 10   0.453008
11 11   0.453008
11 12   0.453008
11 13   0.453008
11 14   0.453008
11 15   0.453008
11 16   0.453008
11 17   0.453008
11 18   0.453008
11 19   0.453008
11 20   0.453008
11 21   0.453008
11 22   0.453008
11 23   0.453008
11 24   0.453008
11 25   0.453008
11 26   0.453008
11 27   0.453008
11 28   0.453008
11 29   0.453008
11 30   0.453008
11 31   0.453008
11 32   0.453008
11 33   0.453008
11 34   0.453008
11 35   0.453008
11 36   0.453008
11 37   0.453008
11 38   0.453008
11 39   0.453008
11 40   0.453008
12 1   0.503588
12 2   0.503588
12 3   0.503588
12 4   0.503588
12 5   0.503588
12 6   0.503588
12 7   0.503588
12 8   0.503588
12 9   0.503588
12 10   0.503588
12 11   0.503588
12 12   0.503588
12 13   0.503588
12 14   0.503588
12 15   0.503588
12 16   0.503588
12 17   0.503588
12 18   0.503588
12 19   0.503588
12 20   0.503588
12 21   0.503588
12 22   0.503588
12 23   0.503588
12 24   0.503588
12 25   0.503588
12 26   0.503588
12 27   0.503588
12 28   0.503588
12 29   0.503588
12 30   0.503588
12 31   0.503588
12 32   0.503588
12 33   0.503588
12 34   0.503588
12 35   0.503588
12 36   0.503588
12 37   0.503588
12 38   0.503588
12 39   0.503588
12 40   0.503588
13 1   0.483034
13 2   0.483034
13 3   0.483034
13 4   0.483034
13 5   0.483034
13 6   0.483034
13 7   0.483034
13 8   0.483034
13 9   0.483034
13 10   0.483034
13 11   0.483034
13 12   0.483034
13 13   0.483034
13 14   0.483034
13 15   0.483034
13 16   0.483034
13 17   0.483034
13 18   0.483034
13 19   0.483034
13 20   0.483034
13 21   0.483034
13 22   0.483034
13 23   0.483034
13 24   0.483034
13 25   0.483034
13 26   0.483034
13 27   0.483034
13 28   0.483034
13 29   0.483034
13 30   0.483034
13 31   0.483034
13 32   0.483034
13 33   0.483034
13 34   0.483034
13 35   0.483034
13 36   0.483034
13 37   0.483034
13 38   0.483034
13 39   0.483034
13 40   0.483034
14 1   0.511185
14 2   0.511185
14 3   0.511185
14 4   0.511185
14 5   0.511185
14 6   0.511185
14 7   0.511185
14 8   0.511185
14 9   0.511185
14 10   0.511185
14 11   0.511185
14 12   0.511185
14 13   0.511185
14 14   0.511185
14 15   0.511185
14 16   0.511185
14 17   0.511185
14 18   0.511185
14 19   0.511185
14 20   0.511185
14 21   0.511185
14 22   0.511185
14 23   0.511185
14 24   0.511185
14 25   0.511185
14 26   0.511185
14 27   0.511185
14 28   0.511185
14 29   0.511185
14 30   0.511185
14 31   0.511185
14 32   0.511185
14 33   0.511185
14 34   0.511185
14 35   0.511185
14 36   0.511185
14 37   0.511185
14 38   0.511185
14 39   0.511185
14 40   0.511185
15 1   0.491011
15 2   0.491011
15 3   0.491011
15 4   0.491011
15 5   0.491011
15 6   0.491011
15 7   0.491011
15 8   0.491011
15 9   0.491011
15 10   0.491011
15 11   0.491011
15 12   0.491011
15 13   0.491011
15 14   0.491011
15 15   0.491011
15 16   0.491011
15 17   0.491011
15 18   0.491011
15 19   0.491011
15 20   0.491011
15 21   0.491011
15 22   0.491011
15 23   0.491011
15 24   0.491011
15 25   0.491011
15 26   0.491011
15 27   0.491011
15 28   0.491011
15 29   0.491011
15 30   0.491011
15 31   0.491011
15 32   0.491011
15 33   0.491011
15 34   0.491011
15 35   0.491011
15 36   0.491011
15 37   0.491011
15 38   0.491011
15 39   0.491011
15 40   0.491011
16 1   0.506176
16 2   0.506176
16 3   0.506176
16 4   0.506176
16 5   0.506176
16 6   0.506176
16 7   0.506176
16 8   0.506176
16 9   0.506176
16 10   0.506176
16 11   0.506176
16 12   0.506176
16 13   0.506176
16 14   0.506176
16 15   0.506176
16 16   0.506176
16 17   0.506176
16 18   0.506176
16 19   0.506176
16 20   0.506176
16 21   0.506176
16 22   0.506176
16 23   0.506176
16 24   0.506176
16 25   0.506176
16 26   0.506176
16 27   0.506176
16 28   0.506176
16 29   0.506176
16 30   0.506176
16 31   0.506176
16 32   0.506176
16 33   0.506176
16 34   0.506176
16 35   0.506176
16 36   0.506176
16 37   0.506176
16 38   0.506176
16 39   0.506176
16 40   0.506176
17 1   0.496116
17 2   0.496116
17 3   0.496116
17 4   0.496116
17 5   0.496116
17 6   0.496116
17 7   0.496116
17 8   0.496116
17 9   0.496116
17 10   0.496116
17 11   0.496116
17 12   0.496116
17 13   0.496116
17 14   0.496116
17 15   0.496116
17 16   0.496116
17 17   0.496116
17 18   0.496116
17 19   0.496116
17 20   0.496116
17 21   0.496116
17 22   0.496116
17 23   0.496116
17 24   0.496116
17 25   0.496116
17 26   0.496116
17 27   0.496116
17 28   0.496116
17 29   0.496116
17 30   0.496116
17 31   0.496116
17 32   0.496116
17 33   0.496116
17 34   0.496116
17 35   0.496116
17 36   0.496116
17 37   0.496116
17 38   0.496116
17 39   0.496116
17 40   0.496116
18 1   0.502475
18 2   0.502475
18 3   0.502475
18 4   0.502475
18 5   0.502475
18 6   0.502475
18 7   0.502475
18 8   0.502475
18 9   0.502475
18 10   0.502475
18 11   0.502475
18 12   0.502475
18 13   0.502475
18 14   0.502475
18 15   0.502475
18 16   0.502475
18 17   0.502475
18 18   0.502475
18 19   0.502475
18 20   0.502475
18 21   0.502475
18 22   0.502475
18 23   0.502475
18 24   0.502475
18 25   0.502475
18 26   0.502475
18 27   0.502475
18 28   0.502475
18 29   0.502475
18 30   0.502475
18 31   0.502475
18 32   0.502475
18 33   0.502475
18 34   0.502475
18 35   0.502475
18 36   0.502475
18 37   0.502475
18 38   0.502475
18 39   0.502475
18 40   0.502475
19 1   0.498375
19 2   0.498375
19 3   0.498375
19 4   0.498375
19 5   0.498375
19 6   0.498375
19 7   0.498375
19 8   0.498375
19 9   0.498375
19 10   0.498375
19 11   0.498375
19 12   0.498375
19 13   0.498375
19 14   0.498375
19 15   0.498375
19 16   0.498375
19 17   0.498375
19 18   0.498375
19 19   0.498375
19 20   0.498375
19 21   0.498375
19 22   0.498375
19 23   0.498375
19 24   0.498375
19 25   0.498375
19 26   0.498375
19 27   0.498375
19 28   0.498375
19 29   0.498375
19 30   0.498375
19 31   0.498375
19 32   0.498375
19 33   0.498375
19 34   0.498375
19 35   0.498375
19 36   0.498375
19 37   0.498375
19 38   0.498375
19 39   0.498375
19 40   0.498375
20 1   0.501725
20 2   0.501725
20 3   0.501725
20 4   0.501725
20 5   0.501725
20 6   0.501725
20 7   0.501725
20 8   0.501725
20 9   0.501725
20 10   0.501725
20 11   0.501725
20 12   0.501725
20 13   0.501725
20 14   0.501725
20 15   0.501725
20 16   0.501725
20 17   0.501725
20 18   0.501725
20 19   0.501725
20 20   0.501725
20 21   0.501725
20 22   0.501725
20 23   0.501725
20 24   0.501725
20 25   0.501725
20 26   0.501725
20 27   0.501725
20 28   0.501725
20 29   0.501725
20 30   0.501725
20 31   0.501725
20 32   0.501725
20 33   0.501725
20 34   0.501725
20 35   0.501725
20 36   0.501725
20 37   0.501725
20 38   0.501725
20 39   0.501725
20 40   0.501725
21 1   0.497625
21 2   0.497625
21 3   0.497625
21 4   0.497625
21 5   0.497625
21 6   0.497625
21 7   0.497625
21 8   0.497625
21 9   0.497625
21 10   0.497625
21 11   0.497625
21 12   0.497625
21 13   0.497625
21 14   0.497625
21 15   0.497625
21 16   0.497625
21 17   0.497625
21 18   0.497625
21 19   0.497625
21 20   0.497625
21 21   0.497625
21 22   0.497625
21 23   0.497625
21 24   0.497625
21 25   0.497625
21 26   0.497625
21 27   0.497625
21 28   0.497625
21 29   0.497625
21 30   0.497625
21 31   0.497625
21 32   0.497625
21 33   0.497625
21 34   0.497625
21 35   0.497625
21 36   0.497625
21 37   0.497625
21 38   0.497625
21 39   0.497625
21 40   0.497625
22 1   0.503981
22 2   0.503981
22 3   0.503981
22 4   0.503981
22 5   0.503981
22 6   0.503981
22 7   0.503981
22 8   0.503981
22 9   0.503981
22 10   0.503981
22 11   0.503981
22 12   0.503981
22 13   0.503981
22 14   0.503981
22 15   0.503981
22 16   0.503981
22 17   0.503981
22 18   0.503981
22 19   0.503981
22 20   0.503981
22 21   0.503981
22 22   0.503981
22 23   0.503981
22 24   0.503981
22 25   0.503981
22 26   0.503981
22 27   0.503981
22 28   0.503981
22 29   0.503981
22 30   0.503981
22 31   0.503981
22 32   0.503981
22 33   0.503981
22 34   0.503981
22 35   0.503981
22 36   0.503981
22 37   0.503981
22 38   0.503981
22 39   0.503981
22 40   0.503981
23 1   0.493902
23 2   0.493902
23 3   0.493902
23 4   0.493902
23 5   0.493902
23 6   0.493902
23 7   0.493902
23 8   0.493902
23 9   0.493902
23 10   0.493902
23 11   0.493902
23 12   0.493902
23 13   0.493902
23 14   0.493902
23 15   0.493902
23 16   0.493902
23 17   0.493902
23 18   0.493902
23 19   0.493902
23 20   0.493902
23 21   0.493902
23 22   0.493902
23 23   0.493902
23 24   0.493902
23 25   0.493902
23 26   0.493902
23 27   0.493902
23 28   0.493902
23 29   0.493902
23 30   0.493902
23 31   0.493902
23 32   0.493902
23 33   0.493902
23 34   0.493902
23 35   0.493902
23 36   0.493902
23 37   0.493902
23 38   0.493902
23 39   0.493902
23 40   0.493902
24 1   0.508958
24 2   0.508958
24 3   0.508958
24 4   0.508958
24 5   0.508958
24 6   0.508958
24 7   0.508958
24 8   0.508958
24 9   0.508958
24 10   0.508958
24 11   0.508958
24 12   0.508958
24 13   0.508958
24 14   0.508958
24 15   0.508958
24 16   0.508958
24 17   0.508958
24 18   0.508958
24 19   0.508958
24 20   0.508958
24 21   0.508958
24 22   0.508958
24 23   0.508958
24 24   0.508958
24 25   0.508958
24 26   0.508958
24 27   0.508958
24 28   0.508958
24 29   0.508958
24 30   0.508958
24 31   0.508958
24 32   0.508958
24 33   0.508958
24 34   0.508958
24 35   0.508958
24 36   0.508958
24 37   0.508958
24 38   0.508958
24 39   0.508958
24 40   0.508958
25 1   0.488245
25 2   0.488245
25 3   0.488245
25 4   0.488245
25 5   0.488245
25 6   0.488245
25 7   0.488245
25 8   0.488245
25 9   0.488245
25 10   0.488245
25 11   0.488245
25 12   0.488245
25 13   0.488245
25 14   0.488245
25 15   0.488245
25 16   0.488245
25 17   0.488245
25 18   0.488245
25 19   0.488245
25 20   0.488245
25 21   0.488245
25 22   0.488245
25 23   0.488245
25 24   0.488245
25 25   0.488245
25 26   0.488245
25 27   0.488245
25 28   0.488245
25 29   0.488245
25 30   0.488245
25 31   0.488245
25 32   0.488245
25 33   0.488245
25 34   0.488245
25 35   0.488245
25 36   0.488245
25 37   0.488245
25 38   0.488245
25 39   0.488245
25 40   0.488245
26 1   0.514129
26 2   0.514129
26 3   0.514129
26 4   0.514129
26 5   0.514129
26 6   0.514129
26 7   0.514129
26 8   0.514129
26 9   0.514129
26 10   0.514129
26 11   0.514129
26 12   0.514129
26 13   0.514129
26 14   0.514129
26 15   0.514129
26 16   0.514129
26 17   0.514129
26 18   0.514129
26 19   0.514129
26 20   0.514129
26 21   0.514129
26 22   0.514129
26 23   0.514129
26 24   0.514129
26 25   0.514129
26 26   0.514129
26 27   0.514129
26 28   0.514129
26 29   0.514129
26 30   0.514129
26 31   0.514129
26 32   0.514129
26 33   0.514129
26 34   0.514129
26 35   0.514129
26 36   0.514129
26 37   0.514129
26 38   0.514129
26 39   0.514129
26 40   0.514129
27 1   0.485506
27 2   0.485506
27 3   0.485506
27 4   0.485506
27 5   0.485506
27 6   0.485506
27 7   0.485506
27 8   0.485506
27 9   0.485506
27 10   0.485506
27 11   0.485506
27 12   0.485506
27 13   0.485506
27 14   0.485506
27 15   0.485506
27 16   0.485506
27 17   0.485506
27 18   0.485506
27 19   0.485506
27 20   0.485506
27 21   0.485506
27 22   0.485506
27 23   0.485506
27 24   0.485506
27 25   0.485506
27 26   0.485506
27 27   0.485506
27 28   0.485506
27 29   0.485506
27 30   0.485506
27 31   0.485506
27 32   0.485506
27 33   0.485506
27 34   0.485506
27 35   0.485506
27 36   0.485506
27 37   0.485506
27 38   0.485506
27 39   0.485506
27 40   0.485506
28 1   0.512114
28 2   0.512114
28 3   0.512114
28 4   0.512114
28 5   0.512114
28 6   0.512114
28 7   0.512114
28 8   0.512114
28 9   0.512114
28 10   0.512114
28 11   0.512114
28 12   0.512114
28 13   0.512114
28 14   0.512114
28 15   0.512114
28 16   0.512114
28 17   0.512114
28 18   0.512114
28 19   0.512114
28 20   0.512114
28 21   0.512114
28 22   0.512114
28 23   0.512114
28 24   0.512114
28 25   0.512114
28 26   0.512114
28 27   0.512114
28 28   0.512114
28 29   0.512114
28 30   0.512114
28 31   0.512114
28 32   0.512114
28 33   0.512114
28 34   0.512114
28 35   0.512114
28 36   0.512114
28 37   0.512114
28 38   0.512114
28 39   0.512114
28 40   0.512114
29 1   0.495459
29 2   0.495459
29 3   0.495459
29 4   0.495459
29 5   0.495459
29 6   0.495459
29 7   0.495459
29 8   0.495459
29 9   0.495459
29 10   0.495459
29 11   0.495459
29 12   0.495459
29 13   0.495459
29 14   0.495459
29 15   0.495459
29 16   0.495459
29 17   0.495459
29 18   0.495459
29 19   0.495459
29 20   0.495459
29 21   0.495459
29 22   0.495459
29 23   0.495459
29 24   0.495459
29 25   0.495459
29 26   0.495459
29 27   0.495459
29 28   0.495459
29 29   0.495459
29 30   0.495459
29 31   0.495459
29 32   0.495459
29 33   0.495459
29 34   0.495459
29 35   0.495459
29 36   0.495459
29 37   0.495459
29 38   0.495459
29 39   0.495459
29 40   0.495459
30 1   0.498137
30 2   0.498137
30 3   0.498137
30 4   0.498137
30 5   0.498137
30 6   0.498137
30 7   0.498137
30 8   0.498137
30 9   0.498137
30 10   0.498137
30 11   0.498137
30 12   0.498137
30 13   0.498137
30 14   0.498137
30 15   0.498137
30 16   0.498137
30 17   0.498137
30 18   0.498137
30 19   0.498137
30 20   0.498137
30 21   0.498137
30 22   0.498137
30 23   0.498137
30 24   0.498137
30 25   0.498137
30 26   0.498137
30 27   0.498137
30 28   0.498137
30 29   0.498137
30 30   0.498137
30 31   0.498137
30 32   0.498137
30 33   0.498137
30 34   0.498137
30 35   0.498137
30 36   0.498137
30 37   0.498137
30 38   0.498137
30 39   0.498137
30 40   0.498137
31 1   0.526235
31 2   0.526235
31 3   0.526235
31 4   0.526235
31 5   0.526235
31 6   0.526235
31 7   0.526235
31 8   0.526235
31 9   0.526235
31 10   0.526235
31 11   0.526235
31 12   0.526235
31 13   0.526235
31 14   0.526235
31 15   0.526235
31 16   0.526235
31 17   0.526235
31 18   0.526235
31 19   0.526235
31 20   0.526235
31 21   0.526235
31 22   0.526235
31 23   0.526235
31 24   0.526235
31 25   0.526235
31 26   0.526235
31 27   0.526235
31 28   0.526235
31 29   0.526235
31 30   0.526235
31 31   0.526235
31 32   0.526235
31 33   0.526235
31 34   0.526235
31 35   0.526235
31 36   0.526235
31 37   0.526235
31 38   0.526235
31 39   0.526235
31 40   0.526235
32 1   0.515466
32 2   0.515466
32 3   0.515466
32 4   0.515466
32 5   0.515466
32 6   0.515466
32 7   0.515466
32 8   0.515466
32 9   0.515466
32 10   0.515466
32 11   0.515466
32 12   0.515466
32 13   0.515466
32 14   0.515466
32 15   0.515466
32 16   0.515466
32 17   0.515466
32 18   0.515466
32 19   0.515466
32 20   0.515466
32 21   0.515466
32 22   0.515466
32 23   0.515466
32 24   0.515466
32 25   0.515466
32 26   0.515466
32 27   0.515466
32 28   0.515466
32 29   0.515466
32 30   0.515466
32 31   0.515466
32 32   0.515466
32 33   0.515466
32 34   0.515466
32 35   0.515466
32 36   0.515466
32 37   0.515466
32 38   0.515466
32 39   0.515466
32 40   0.515466
33 1   0.606535
33 2   0.606535
33 3   0.606535
33 4   0.606535
33 5   0.606535
33 6   0.606535
33 7   0.606535
33 8   0.606535
33 9   0.606535
33 10   0.606535
33 11   0.606535
33 12   0.606535
33 13   0.606535
33 14   0.606535
33 15   0.606535
33 16   0.606535
33 17   0.606535
33 18   0.606535
33 19   0.606535
33 20   0.606535
33 21   0.606535
33 22   0.606535
33 23   0.606535
33 24   0.606535
33 25   0.606535
33 26   0.606535
33 27   0.606535
33 28   0.606535
33 29   0.606535
33 30   0.606535
33 31   0.606535
33 32   0.606535
33 33   0.606535
33 34   0.606535
33 35   0.606535
33 36   0.606535
33 37   0.606535
33 38   0.606535
33 39   0.606535
33 40   0.606535
34 1   0.714463
34 2   0.714463
34 3   0.714463
34 4   0.714463
34 5   0.714463
34 6   0.714463
34 7   0.714463
34 8   0.714463
34 9   0.714463
34 10   0.714463
34 11   0.714463
34 12   0.714463
34 13   0.714463
34 14   0.714463
34 15   0.714463
34 16   0.714463
34 17   0.714463
34 18   0.714463
34 19   0.714463
34 20   0.714463
34 21   0.714463
34 22   0.714463
34 23   0.714463
34 24   0.714463
34 25   0.714463
34 26   0.714463
34 27   0.714463
34 28   0.714463
34 29   0.714463
34 30   0.714463
34 31   0.714463
34 32   0.714463
34 33   0.714463
34 34   0.714463
34 35   0.714463
34 36   0.714463
34 37   0.714463
34 38   0.714463
34 39   0.714463
34 40   0.714463
35 1   0.852052
35 2   0.852052
35 3   0.852052
35 4   0.852052
35 5   0.852052
35 6   0.852052
35 7   0.852052
35 8   0.852052
35 9   0.852052
35 10   0.852052
35 11   0.852052
35 12   0.852052
35 13   0.852052
35 14   0.852052
35 15   0.852052
35 16   0.852052
35 17   0.852052
35 18   0.852052
35 19   0.852052
35 20   0.852052
35 21   0.852052
35 22   0.852052
35 23   0.852052
35 24   0.852052
35 25   0.852052
35 26   0.852052
35 27   0.852052
35 28   0.852052
35 29   0.852052
35 30   0.852052
35 31   0.852052
35 32   0.852052
35 33   0.852052
35 34   0.852052
35 35   0.852052
35 36   0.852052
35 37   0.852052
35 38   0.852052
35 39   0.852052
35 40   0.852052
36 1   1.06198
36 2   1.06198
36 3   1.06198
36 4   1.06198
36 5   1.06198
36 6   1.06198
36 7   1.06198
36 8   1.06198
36 9   1.06198
36 10   1.06198
36 11   1.06198
36 12   1.06198
36 13   1.06198
36 14   1.06198
36 15   1.06198
36 16   1.06198
36 17   1.06198
36 18   1.06198
36 19   1.06198
36 20   1.06198
36 21   1.06198
36 22   1.06198
36 23   1.06198
36 24   1.06198
36 25   1.06198
36 26   1.06198
36 27   1.06198
36 28   1.06198
36 29   1.06198
36 30   1.06198
36 31   1.06198
36 32   1.06198
36 33   1.06198
36 34   1.06198
36 35   1.06198
36 36   1.06198
36 37   1.06198
36 38   1.06198
36 39   1.06198
36 40   1.06198
37 1   1.11179
37 2   1.11179
37 3   1.11179
37 4   1.11179
37 5   1.11179
37 6   1.11179
37 7   1.11179
37 8   1.11179
37 9   1.11179
37 10   1.11179
37 11   1.11179
37 12   1.11179
37 13   1.11179
37 14   1.11179
37 15   1.11179
37 16   1.11179
37 17   1.11179
37 18   1.11179
37 19   1.11179
37 20   1.11179
37 21   1.11179
37 22   1.11179
37 23   1.11179
37 24   1.11179
37 25   1.11179
37 26   1.11179
37 27   1.11179
37 28   1.11179
37 29   1.11179
37 30   1.11179
37 31   1.11179
37 32   1.11179
37 33   1.11179
37 34   1.11179
37 35   1.11179
37 36   1.11179
37 37   1.11179
37 38   1.11179
37 39   1.11179
37 40   1.11179
38 1   0.9987
38 2   0.9987
38 3   0.9987
38 4   0.9987
38 5   0.9987
38 6   0.9987
38 7   0.9987
38 8   0.9987
38 9   0.9987
38 10   0.9987
38 11   0.9987
38 12   0.9987
38 13   0.9987
38 14   0.9987
38 15   0.9987
38 16   0.9987
38 17   0.9987
38 18   0.9987
38 19   0.9987
38 20   0.9987
38 21   0.9987
38 22   0.9987
38 23   0.9987
38 24   0.9987
38 25   0.9987
38 26   0.9987
38 27   0.9987
38 28   0.9987
38 29   0.9987
38 30   0.9987
38 31   0.9987
38 32   0.9987
38 33   0.9987
38 34   0.9987
38 35   0.9987
38 36   0.9987
38 37   0.9987
38 38   0.9987
38 39   0.9987
38 40   0.9987
39 1   0.959429
39 2   0.959429
39 3   0.959429
39 4   0.959429
39 5   0.959429
39 6   0.959429
39 7   0.959429
39 8   0.959429
39 9   0.959429
39 10   0.959429
39 11   0.959429
39 12   0.959429
39 13   0.959429
39 14   0.959429
39 15   0.959429
39 16   0.959429
39 17   0.959429
39 18   0.959429
39 19   0.959429
39 20   0.959429
39 21   0.959429
39 22   0.959429
39 23   0.959429
39 24   0.959429
39 25   0.959429
39 26   0.959429
39 27   0.959429
39 28   0.959429
39 29   0.959429
39 30   0.959429
39 31   0.959429
39 32   0.959429
39 33   0.959429
39 34   0.959429
39 35   0.959429
39 36   0.959429
39 37   0.959429
39 38   0.959429
39 39   0.959429
39 40   0.959429
40 1   1.00744
40 2   1.00744
40 3   1.00744
40 4   1.00744
40 5   1.00744
40 6   1.00744
40 7   1.00744
40 8   1.00744
40 9   1.00744
40 10   1.00744
40 11   1.00744
40 12   1.00744
40 13   1.00744
40 14   1.00744
40 15   1.00744
40 16   1.00744
40 17   1.00744
40 18   1.00744
40 19   1.00744
40 20   1.00744
40 21   1.00744
40 22   1.00744
40 23   1.00744
40 24   1.00744
40 25   1.00744
40 26   1.00744
40 27   1.00744
40 28   1.00744
40 29   1.00744
40 30   1.00744
40 31   1.00744
40 32   1.00744
40 33   1.00744
40 34   1.00744
40 35   1.00744
40 36   1.00744
40 37   1.00744
40 38   1.00744
40 39   1.00744
40 40   1.00744
