1 1   0.605549
1 2   0.605549
1 3   0.605549
1 4   0.605549
1 5   0.605549
1 6   0.605549
1 7   0.605549
1 8   0.605549
1 9   0.605549
1 10   0.605549
1 11   0.605549
1 12   0.605549
1 13   0.605549
1 14   0.605549
1 15   0.605549
1 16   0.605549
1 17   0.605549
1 18   0.605549
1 19   0.605549
1 20   0.605549
1 21   0.605549
1 22   0.605549
1 23   0.605549
1 24   0.605549
1 25   0.605549
1 26   0.605549
1 27   0.605549
1 28   0.605549
1 29   0.605549
1 30   0.605549
1 31   0.605549
1 32   0.605549
1 33   0.605549
1 34   0.605549
1 35   0.605549
1 36   0.605549
1 37   0.605549
1 38   0.605549
1 39   0.605549
1 40   0.605549
2 1   0.612341
2 2   0.612341
2 3   0.612341
2 4   0.612341
2 5   0.612341
2 6   0.612341
2 7   0.612341
2 8   0.612341
2 9   0.612341
2 10   0.612341
2 11   0.612341
2 12   0.612341
2 13   0.612341
2 14   0.612341
2 15   0.612341
2 16   0.612341
2 17   0.612341
2 18   0.612341
2 19   0.612341
2 20   0.612341
2 21   0.612341
2 22   0.612341
2 23   0.612341
2 24   0.612341
2 25   0.612341
2 26   0.612341
2 27   0.612341
2 28   0.612341
2 29   0.612341
2 30   0.612341
2 31   0.612341
2 32   0.612341
2 33   0.612341
2 34   0.612341
2 35   0.612341
2 36   0.612341
2 37   0.612341
2 38   0.612341
2 39   0.612341
2 40   0.612341
3 1   0.621752
3 2   0.621752
3 3   0.621752
3 4   0.621752
3 5   0.621752
3 6   0.621752
3 7   0.621752
3 8   0.621752
3 9   0.621752
3 10   0.621752
3 11   0.621752
3 12   0.621752
3 13   0.621752
3 14   0.621752
3 15   0.621752
3 16   0.621752
3 17   0.621752
3 18   0.621752
3 19   0.621752
3 20   0.621752
3 21   0.621752
3 22   0.621752
3 23   0.621752
3 24   0.621752
3 25   0.621752
3 26   0.621752
3 27   0.621752
3 28   0.621752
3 29   0.621752
3 30   0.621752
3 31   0.621752
3 32   0.621752
3 33   0.621752
3 34   0.621752
3 35   0.621752
3 36   0.621752
3 37   0.621752
3 38   0.621752
3 39   0.621752
3 40   0.621752
4 1   0.628068
4 2   0.628068
4 3   0.628068
4 4   0.628068
4 5   0.628068
4 6   0.628068
4 7   0.628068
4 8   0.628068
4 9   0.628068
4 10   0.628068
4 11   0.628068
4 12   0.628068
4 13   0.628068
4 14   0.628068
4 15   0.628068
4 16   0.628068
4 17   0.628068
4 18   0.628068
4 19   0.628068
4 20   0.628068
4 21   0.628068
4 22   0.628068
4 23   0.628068
4 24   0.628068
4 25   0.628068
4 26   0.628068
4 27   0.628068
4 28   0.628068
4 29   0.628068
4 30   0.628068
4 31   0.628068
4 32   0.628068
4 33   0.628068
4 34   0.628068
4 35   0.628068
4 36   0.628068
4 37   0.628068
4 38   0.628068
4 39   0.628068
4 40   0.628068
5 1   0.627061
5 2   0.627061
5 3   0.627061
5 4   0.627061
5 5   0.627061
5 6   0.627061
5 7   0.627061
5 8   0.627061
5 9   0.627061
5 10   0.627061
5 11   0.627061
5 12   0.627061
5 13   0.627061
5 14   0.627061
5 15   0.627061
5 16   0.627061
5 17   0.627061
5 18   0.627061
5 19   0.627061
5 20   0.627061
5 21   0.627061
5 22   0.627061
5 23   0.627061
5 24   0.627061
5 25   0.627061
5 26   0.627061
5 27   0.627061
5 28   0.627061
5 29   0.627061
5 30   0.627061
5 31   0.627061
5 32   0.627061
5 33   0.627061
5 34   0.627061
5 35   0.627061
5 36   0.627061
5 37   0.627061
5 38   0.627061
5 39   0.627061
5 40   0.627061
6 1   0.617098
6 2   0.617098
6 3   0.617098
6 4   0.617098
6 5   0.617098
6 6   0.617098
6 7   0.617098
6 8   0.617098
6 9   0.617098
6 10   0.617098
6 11   0.617098
6 12   0.617098
6 13   0.617098
6 14   0.617098
6 15   0.617098
6 16   0.617098
6 17   0.617098
6 18   0.617098
6 19   0.617098
6 20   0.617098
6 21   0.617098
6 22   0.617098
6 23   0.617098
6 24   0.617098
6 25   0.617098
6 26   0.617098
6 27   0.617098
6 28   0.617098
6 29   0.617098
6 30   0.617098
6 31   0.617098
6 32   0.617098
6 33   0.617098
6 34   0.617098
6 35   0.617098
6 36   0.617098
6 37   0.617098
6 38   0.617098
6 39   0.617098
6 40   0.617098
7 1   0.598225
7 2   0.598225
7 3   0.598225
7 4   0.598225
7 5   0.598225
7 6   0.598225
7 7   0.598225
7 8   0.598225
7 9   0.598225
7 10   0.598225
7 11   0.598225
7 12   0.598225
7 13   0.598225
7 14   0.598225
7 15   0.598225
7 16   0.598225
7 17   0.598225
7 18   0.598225
7 19   0.598225
7 20   0.598225
7 21   0.598225
7 22   0.598225
7 23   0.598225
7 24   0.598225
7 25   0.598225
7 26   0.598225
7 27   0.598225
7 28   0.598225
7 29   0.598225
7 30   0.598225
7 31   0.598225
7 32   0.598225
7 33   0.598225
7 34   0.598225
7 35   0.598225
7 36   0.598225
7 37   0.598225
7 38   0.598225
7 39   0.598225
7 40   0.598225
8 1   0.571382
8 2   0.571382
8 3   0.571382
8 4   0.571382
8 5   0.571382
8 6   0.571382
8 7   0.571382
8 8   0.571382
8 9   0.571382
8 10   0.571382
8 11   0.571382
8 12   0.571382
8 13   0.571382
8 14   0.571382
8 15   0.571382
8 16   0.571382
8 17   0.571382
8 18   0.571382
8 19   0.571382
8 20   0.571382
8 21   0.571382
8 22   0.571382
8 23   0.571382
8 24   0.571382
8 25   0.571382
8 26   0.571382
8 27   0.571382
8 28   0.571382
8 29   0.571382
8 30   0.571382
8 31   0.571382
8 32   0.571382
8 33   0.571382
8 34   0.571382
8 35   0.571382
8 36   0.571382
8 37   0.571382
8 38   0.571382
8 39   0.571382
8 40   0.571382
9 1   0.539238
9 2   0.539238
9 3   0.539238
9 4   0.539238
9 5   0.539238
9 6   0.539238
9 7   0.539238
9 8   0.539238
9 9   0.539238
9 10   0.539238
9 11   0.539238
9 12   0.539238
9 13   0.539238
9 14   0.539238
9 15   0.539238
9 16   0.539238
9 17   0.539238
9 18   0.539238
9 19   0.539238
9 20   0.539238
9 21   0.539238
9 22   0.539238
9 23   0.539238
9 24   0.539238
9 25   0.539238
9 26   0.539238
9 27   0.539238
9 28   0.539238
9 29   0.539238
9 30   0.539238
9 31   0.539238
9 32   0.539238
9 33   0.539238
9 34   0.539238
9 35   0.539238
9 36   0.539238
9 37   0.539238
9 38   0.539238
9 39   0.539238
9 40   0.539238
10 1   0.507441
10 2   0.507441
10 3   0.507441
10 4   0.507441
10 5   0.507441
10 6   0.507441
10 7   0.507441
10 8   0.507441
10 9   0.507441
10 10   0.507441
10 11   0.507441
10 12   0.507441
10 13   0.507441
10 14   0.507441
10 15   0.507441
10 16   0.507441
10 17   0.507441
10 18   0.507441
10 19   0.507441
10 20   0.507441
10 21   0.507441
10 22   0.507441
10 23   0.507441
10 24   0.507441
10 25   0.507441
10 26   0.507441
10 27   0.507441
10 28   0.507441
10 29   0.507441
10 30   0.507441
10 31   0.507441
10 32   0.507441
10 33   0.507441
10 34   0.507441
10 35   0.507441
10 36   0.507441
10 37   0.507441
10 38   0.507441
10 39   0.507441
10 40   0.507441
11 1   0.483707
11 2   0.483707
11 3   0.483707
11 4   0.483707
11 5   0.483707
11 6   0.483707
11 7   0.483707
11 8   0.483707
11 9   0.483707
11 10   0.483707
11 11   0.483707
11 12   0.483707
11 13   0.483707
11 14   0.483707
11 15   0.483707
11 16   0.483707
11 17   0.483707
11 18   0.483707
11 19   0.483707
11 20   0.483707
11 21   0.483707
11 22   0.483707
11 23   0.483707
11 24   0.483707
11 25   0.483707
11 26   0.483707
11 27   0.483707
11 28   0.483707
11 29   0.483707
11 30   0.483707
11 31   0.483707
11 32   0.483707
11 33   0.483707
11 34   0.483707
11 35   0.483707
11 36   0.483707
11 37   0.483707
11 38   0.483707
11 39   0.483707
11 40   0.483707
12 1   0.47419
12 2   0.47419
12 3   0.47419
12 4   0.47419
12 5   0.47419
12 6   0.47419
12 7   0.47419
12 8   0.47419
12 9   0.47419
12 10   0.47419
12 11   0.47419
12 12   0.47419
12 13   0.47419
12 14   0.47419
12 15   0.47419
12 16   0.47419
12 17   0.47419
12 18   0.47419
12 19   0.47419
12 20   0.47419
12 21   0.47419
12 22   0.47419
12 23   0.47419
12 24   0.47419
12 25   0.47419
12 26   0.47419
12 27   0.47419
12 28   0.47419
12 29   0.47419
12 30   0.47419
12 31   0.47419
12 32   0.47419
12 33   0.47419
12 34   0.47419
12 35   0.47419
12 36   0.47419
12 37   0.47419
12 38   0.47419
12 39   0.47419
12 40   0.47419
13 1   0.479566
13 2   0.479566
13 3   0.479566
13 4   0.479566
13 5   0.479566
13 6   0.479566
13 7   0.479566
13 8   0.479566
13 9   0.479566
13 10   0.479566
13 11   0.479566
13 12   0.479566
13 13   0.479566
13 14   0.479566
13 15   0.479566
13 16   0.479566
13 17   0.479566
13 18   0.479566
13 19   0.479566
13 20   0.479566
13 21   0.479566
13 22   0.479566
13 23   0.479566
13 24   0.479566
13 25   0.479566
13 26   0.479566
13 27   0.479566
13 28   0.479566
13 29   0.479566
13 30   0.479566
13 31   0.479566
13 32   0.479566
13 33   0.479566
13 34   0.479566
13 35   0.479566
13 36   0.479566
13 37   0.479566
13 38   0.479566
13 39   0.479566
13 40   0.479566
14 1   0.494121
14 2   0.494121
14 3   0.494121
14 4   0.494121
14 5   0.494121
14 6   0.494121
14 7   0.494121
14 8   0.494121
14 9   0.494121
14 10   0.494121
14 11   0.494121
14 12   0.494121
14 13   0.494121
14 14   0.494121
14 15   0.494121
14 16   0.494121
14 17   0.494121
14 18   0.494121
14 19   0.494121
14 20   0.494121
14 21   0.494121
14 22   0.494121
14 23   0.494121
14 24   0.494121
14 25   0.494121
14 26   0.494121
14 27   0.494121
14 28   0.494121
14 29   0.494121
14 30   0.494121
14 31   0.494121
14 32   0.494121
14 33   0.494121
14 34   0.494121
14 35   0.494121
14 36   0.494121
14 37   0.494121
14 38   0.494121
14 39   0.494121
14 40   0.494121
15 1   0.508762
15 2   0.508762
15 3   0.508762
15 4   0.508762
15 5   0.508762
15 6   0.508762
15 7   0.508762
15 8   0.508762
15 9   0.508762
15 10   0.508762
15 11   0.508762
15 12   0.508762
15 13   0.508762
15 14   0.508762
15 15   0.508762
15 16   0.508762
15 17   0.508762
15 18   0.508762
15 19   0.508762
15 20   0.508762
15 21   0.508762
15 22   0.508762
15 23   0.508762
15 24   0.508762
15 25   0.508762
15 26   0.508762
15 27   0.508762
15 28   0.508762
15 29   0.508762
15 30   0.508762
15 31   0.508762
15 32   0.508762
15 33   0.508762
15 34   0.508762
15 35   0.508762
15 36   0.508762
15 37   0.508762
15 38   0.508762
15 39   0.508762
15 40   0.508762
16 1   0.515875
16 2   0.515875
16 3   0.515875
16 4   0.515875
16 5   0.515875
16 6   0.515875
16 7   0.515875
16 8   0.515875
16 9   0.515875
16 10   0.515875
16 11   0.515875
16 12   0.515875
16 13   0.515875
16 14   0.515875
16 15   0.515875
16 16   0.515875
16 17   0.515875
16 18   0.515875
16 19   0.515875
16 20   0.515875
16 21   0.515875
16 22   0.515875
16 23   0.515875
16 24   0.515875
16 25   0.515875
16 26   0.515875
16 27   0.515875
16 28   0.515875
16 29   0.515875
16 30   0.515875
16 31   0.515875
16 32   0.515875
16 33   0.515875
16 34   0.515875
16 35   0.515875
16 36   0.515875
16 37   0.515875
16 38   0.515875
16 39   0.515875
16 40   0.515875
17 1   0.512952
17 2   0.512952
17 3   0.512952
17 4   0.512952
17 5   0.512952
17 6   0.512952
17 7   0.512952
17 8   0.512952
17 9   0.512952
17 10   0.512952
17 11   0.512952
17 12   0.512952
17 13   0.512952
17 14   0.512952
17 15   0.512952
17 16   0.512952
17 17   0.512952
17 18   0.512952
17 19   0.512952
17 20   0.512952
17 21   0.512952
17 22   0.512952
17 23   0.512952
17 24   0.512952
17 25   0.512952
17 26   0.512952
17 27   0.512952
17 28   0.512952
17 29   0.512952
17 30   0.512952
17 31   0.512952
17 32   0.512952
17 33   0.512952
17 34   0.512952
17 35   0.512952
17 36   0.512952
17 37   0.512952
17 38   0.512952
17 39   0.512952
17 40   0.512952
18 1   0.503293
18 2   0.503293
18 3   0.503293
18 4   0.503293
18 5   0.503293
18 6   0.503293
18 7   0.503293
18 8   0.503293
18 9   0.503293
18 10   0.503293
18 11   0.503293
18 12   0.503293
18 13   0.503293
18 14   0.503293
18 15   0.503293
18 16   0.503293
18 17   0.503293
18 18   0.503293
18 19   0.503293
18 20   0.503293
18 21   0.503293
18 22   0.503293
18 23   0.503293
18 24   0.503293
18 25   0.503293
18 26   0.503293
18 27   0.503293
18 28   0.503293
18 29   0.503293
18 30   0.503293
18 31   0.503293
18 32   0.503293
18 33   0.503293
18 34   0.503293
18 35   0.503293
18 36   0.503293
18 37   0.503293
18 38   0.503293
18 39   0.503293
18 40   0.503293
19 1   0.493766
19 2   0.493766
19 3   0.493766
19 4   0.493766
19 5   0.493766
19 6   0.493766
19 7   0.493766
19 8   0.493766
19 9   0.493766
19 10   0.493766
19 11   0.493766
19 12   0.493766
19 13   0.493766
19 14   0.493766
19 15   0.493766
19 16   0.493766
19 17   0.493766
19 18   0.493766
19 19   0.493766
19 20   0.493766
19 21   0.493766
19 22   0.493766
19 23   0.493766
19 24   0.493766
19 25   0.493766
19 26   0.493766
19 27   0.493766
19 28   0.493766
19 29   0.493766
19 30   0.493766
19 31   0.493766
19 32   0.493766
19 33   0.493766
19 34   0.493766
19 35   0.493766
19 36   0.493766
19 37   0.493766
19 38   0.493766
19 39   0.493766
19 40   0.493766
20 1   0.490643
20 2   0.490643
20 3   0.490643
20 4   0.490643
20 5   0.490643
20 6   0.490643
20 7   0.490643
20 8   0.490643
20 9   0.490643
20 10   0.490643
20 11   0.490643
20 12   0.490643
20 13   0.490643
20 14   0.490643
20 15   0.490643
20 16   0.490643
20 17   0.490643
20 18   0.490643
20 19   0.490643
20 20   0.490643
20 21   0.490643
20 22   0.490643
20 23   0.490643
20 24   0.490643
20 25   0.490643
20 26   0.490643
20 27   0.490643
20 28   0.490643
20 29   0.490643
20 30   0.490643
20 31   0.490643
20 32   0.490643
20 33   0.490643
20 34   0.490643
20 35   0.490643
20 36   0.490643
20 37   0.490643
20 38   0.490643
20 39   0.490643
20 40   0.490643
21 1   0.49554
21 2   0.49554
21 3   0.49554
21 4   0.49554
21 5   0.49554
21 6   0.49554
21 7   0.49554
21 8   0.49554
21 9   0.49554
21 10   0.49554
21 11   0.49554
21 12   0.49554
21 13   0.49554
21 14   0.49554
21 15   0.49554
21 16   0.49554
21 17   0.49554
21 18   0.49554
21 19   0.49554
21 20   0.49554
21 21   0.49554
21 22   0.49554
21 23   0.49554
21 24   0.49554
21 25   0.49554
21 26   0.49554
21 27   0.49554
21 28   0.49554
21 29   0.49554
21 30   0.49554
21 31   0.49554
21 32   0.49554
21 33   0.49554
21 34   0.49554
21 35   0.49554
21 36   0.49554
21 37   0.49554
21 38   0.49554
21 39   0.49554
21 40   0.49554
22 1   0.504136
22 2   0.504136
22 3   0.504136
22 4   0.504136
22 5   0.504136
22 6   0.504136
22 7   0.504136
22 8   0.504136
22 9   0.504136
22 10   0.504136
22 11   0.504136
22 12   0.504136
22 13   0.504136
22 14   0.504136
22 15   0.504136
22 16   0.504136
22 17   0.504136
22 18   0.504136
22 19   0.504136
22 20   0.504136
22 21   0.504136
22 22   0.504136
22 23   0.504136
22 24   0.504136
22 25   0.504136
22 26   0.504136
22 27   0.504136
22 28   0.504136
22 29   0.504136
22 30   0.504136
22 31   0.504136
22 32   0.504136
22 33   0.504136
22 34   0.504136
22 35   0.504136
22 36   0.504136
22 37   0.504136
22 38   0.504136
22 39   0.504136
22 40   0.504136
23 1   0.50917
23 2   0.50917
23 3   0.50917
23 4   0.50917
23 5   0.50917
23 6   0.50917
23 7   0.50917
23 8   0.50917
23 9   0.50917
23 10   0.50917
23 11   0.50917
23 12   0.50917
23 13   0.50917
23 14   0.50917
23 15   0.50917
23 16   0.50917
23 17   0.50917
23 18   0.50917
23 19   0.50917
23 20   0.50917
23 21   0.50917
23 22   0.50917
23 23   0.50917
23 24   0.50917
23 25   0.50917
23 26   0.50917
23 27   0.50917
23 28   0.50917
23 29   0.50917
23 30   0.50917
23 31   0.50917
23 32   0.50917
23 33   0.50917
23 34   0.50917
23 35   0.50917
23 36   0.50917
23 37   0.50917
23 38   0.50917
23 39   0.50917
23 40   0.50917
24 1   0.505869
24 2   0.505869
24 3   0.505869
24 4   0.505869
24 5   0.505869
24 6   0.505869
24 7   0.505869
24 8   0.505869
24 9   0.505869
24 10   0.505869
24 11   0.505869
24 12   0.505869
24 13   0.505869
24 14   0.505869
24 15   0.505869
24 16   0.505869
24 17   0.505869
24 18   0.505869
24 19   0.505869
24 20   0.505869
24 21   0.505869
24 22   0.505869
24 23   0.505869
24 24   0.505869
24 25   0.505869
24 26   0.505869
24 27   0.505869
24 28   0.505869
24 29   0.505869
24 30   0.505869
24 31   0.505869
24 32   0.505869
24 33   0.505869
24 34   0.505869
24 35   0.505869
24 36   0.505869
24 37   0.505869
24 38   0.505869
24 39   0.505869
24 40   0.505869
25 1   0.495614
25 2   0.495614
25 3   0.495614
25 4   0.495614
25 5   0.495614
25 6   0.495614
25 7   0.495614
25 8   0.495614
25 9   0.495614
25 10   0.495614
25 11   0.495614
25 12   0.495614
25 13   0.495614
25 14   0.495614
25 15   0.495614
25 16   0.495614
25 17   0.495614
25 18   0.495614
25 19   0.495614
25 20   0.495614
25 21   0.495614
25 22   0.495614
25 23   0.495614
25 24   0.495614
25 25   0.495614
25 26   0.495614
25 27   0.495614
25 28   0.495614
25 29   0.495614
25 30   0.495614
25 31   0.495614
25 32   0.495614
25 33   0.495614
25 34   0.495614
25 35   0.495614
25 36   0.495614
25 37   0.495614
25 38   0.495614
25 39   0.495614
25 40   0.495614
26 1   0.484925
26 2   0.484925
26 3   0.484925
26 4   0.484925
26 5   0.484925
26 6   0.484925
26 7   0.484925
26 8   0.484925
26 9   0.484925
26 10   0.484925
26 11   0.484925
26 12   0.484925
26 13   0.484925
26 14   0.484925
26 15   0.484925
26 16   0.484925
26 17   0.484925
26 18   0.484925
26 19   0.484925
26 20   0.484925
26 21   0.484925
26 22   0.484925
26 23   0.484925
26 24   0.484925
26 25   0.484925
26 26   0.484925
26 27   0.484925
26 28   0.484925
26 29   0.484925
26 30   0.484925
26 31   0.484925
26 32   0.484925
26 33   0.484925
26 34   0.484925
26 35   0.484925
26 36   0.484925
26 37   0.484925
26 38   0.484925
26 39   0.484925
26 40   0.484925
27 1   0.480802
27 2   0.480802
27 3   0.480802
27 4   0.480802
27 5   0.480802
27 6   0.480802
27 7   0.480802
27 8   0.480802
27 9   0.480802
27 10   0.480802
27 11   0.480802
27 12   0.480802
27 13   0.480802
27 14   0.480802
27 15   0.480802
27 16   0.480802
27 17   0.480802
27 18   0.480802
27 19   0.480802
27 20   0.480802
27 21   0.480802
27 22   0.480802
27 23   0.480802
27 24   0.480802
27 25   0.480802
27 26   0.480802
27 27   0.480802
27 28   0.480802
27 29   0.480802
27 30   0.480802
27 31   0.480802
27 32   0.480802
27 33   0.480802
27 34   0.480802
27 35   0.480802
27 36   0.480802
27 37   0.480802
27 38   0.480802
27 39   0.480802
27 40   0.480802
28 1   0.485992
28 2   0.485992
28 3   0.485992
28 4   0.485992
28 5   0.485992
28 6   0.485992
28 7   0.485992
28 8   0.485992
28 9   0.485992
28 10   0.485992
28 11   0.485992
28 12   0.485992
28 13   0.485992
28 14   0.485992
28 15   0.485992
28 16   0.485992
28 17   0.485992
28 18   0.485992
28 19   0.485992
28 20   0.485992
28 21   0.485992
28 22   0.485992
28 23   0.485992
28 24   0.485992
28 25   0.485992
28 26   0.485992
28 27   0.485992
28 28   0.485992
28 29   0.485992
28 30   0.485992
28 31   0.485992
28 32   0.485992
28 33   0.485992
28 34   0.485992
28 35   0.485992
28 36   0.485992
28 37   0.485992
28 38   0.485992
28 39   0.485992
28 40   0.485992
29 1   0.497062
29 2   0.497062
29 3   0.497062
29 4   0.497062
29 5   0.497062
29 6   0.497062
29 7   0.497062
29 8   0.497062
29 9   0.497062
29 10   0.497062
29 11   0.497062
29 12   0.497062
29 13   0.497062
29 14   0.497062
29 15   0.497062
29 16   0.497062
29 17   0.497062
29 18   0.497062
29 19   0.497062
29 20   0.497062
29 21   0.497062
29 22   0.497062
29 23   0.497062
29 24   0.497062
29 25   0.497062
29 26   0.497062
29 27   0.497062
29 28   0.497062
29 29   0.497062
29 30   0.497062
29 31   0.497062
29 32   0.497062
29 33   0.497062
29 34   0.497062
29 35   0.497062
29 36   0.497062
29 37   0.497062
29 38   0.497062
29 39   0.497062
29 40   0.497062
30 1   0.505869
30 2   0.505869
30 3   0.505869
30 4   0.505869
30 5   0.505869
30 6   0.505869
30 7   0.505869
30 8   0.505869
30 9   0.505869
30 10   0.505869
30 11   0.505869
30 12   0.505869
30 13   0.505869
30 14   0.505869
30 15   0.505869
30 16   0.505869
30 17   0.505869
30 18   0.505869
30 19   0.505869
30 20   0.505869
30 21   0.505869
30 22   0.505869
30 23   0.505869
30 24   0.505869
30 25   0.505869
30 26   0.505869
30 27   0.505869
30 28   0.505869
30 29   0.505869
30 30   0.505869
30 31   0.505869
30 32   0.505869
30 33   0.505869
30 34   0.505869
30 35   0.505869
30 36   0.505869
30 37   0.505869
30 38   0.505869
30 39   0.505869
30 40   0.505869
31 1   0.503245
31 2   0.503245
31 3   0.503245
31 4   0.503245
31 5   0.503245
31 6   0.503245
31 7   0.503245
31 8   0.503245
31 9   0.503245
31 10   0.503245
31 11   0.503245
31 12   0.503245
31 13   0.503245
31 14   0.503245
31 15   0.503245
31 16   0.503245
31 17   0.503245
31 18   0.503245
31 19   0.503245
31 20   0.503245
31 21   0.503245
31 22   0.503245
31 23   0.503245
31 24   0.503245
31 25   0.503245
31 26   0.503245
31 27   0.503245
31 28   0.503245
31 29   0.503245
31 30   0.503245
31 31   0.503245
31 32   0.503245
31 33   0.503245
31 34   0.503245
31 35   0.503245
31 36   0.503245
31 37   0.503245
31 38   0.503245
31 39   0.503245
31 40   0.503245
32 1   0.483054
32 2   0.483054
32 3   0.483054
32 4   0.483054
32 5   0.483054
32 6   0.483054
32 7   0.483054
32 8   0.483054
32 9   0.483054
32 10   0.483054
32 11   0.483054
32 12   0.483054
32 13   0.483054
32 14   0.483054
32 15   0.483054
32 16   0.483054
32 17   0.483054
32 18   0.483054
32 19   0.483054
32 20   0.483054
32 21   0.483054
32 22   0.483054
32 23   0.483054
32 24   0.483054
32 25   0.483054
32 26   0.483054
32 27   0.483054
32 28   0.483054
32 29   0.483054
32 30   0.483054
32 31   0.483054
32 32   0.483054
32 33   0.483054
32 34   0.483054
32 35   0.483054
32 36   0.483054
32 37   0.483054
32 38   0.483054
32 39   0.483054
32 40   0.483054
33 1   0.444724
33 2   0.444724
33 3   0.444724
33 4   0.444724
33 5   0.444724
33 6   0.444724
33 7   0.444724
33 8   0.444724
33 9   0.444724
33 10   0.444724
33 11   0.444724
33 12   0.444724
33 13   0.444724
33 14   0.444724
33 15   0.444724
33 16   0.444724
33 17   0.444724
33 18   0.444724
33 19   0.444724
33 20   0.444724
33 21   0.444724
33 22   0.444724
33 23   0.444724
33 24   0.444724
33 25   0.444724
33 26   0.444724
33 27   0.444724
33 28   0.444724
33 29   0.444724
33 30   0.444724
33 31   0.444724
33 32   0.444724
33 33   0.444724
33 34   0.444724
33 35   0.444724
33 36   0.444724
33 37   0.444724
33 38   0.444724
33 39   0.444724
33 40   0.444724
34 1   0.393066
34 2   0.393066
34 3   0.393066
34 4   0.393066
34 5   0.393066
34 6   0.393066
34 7   0.393066
34 8   0.393066
34 9   0.393066
34 10   0.393066
34 11   0.393066
34 12   0.393066
34 13   0.393066
34 14   0.393066
34 15   0.393066
34 16   0.393066
34 17   0.393066
34 18   0.393066
34 19   0.393066
34 20   0.393066
34 21   0.393066
34 22   0.393066
34 23   0.393066
34 24   0.393066
34 25   0.393066
34 26   0.393066
34 27   0.393066
34 28   0.393066
34 29   0.393066
34 30   0.393066
34 31   0.393066
34 32   0.393066
34 33   0.393066
34 34   0.393066
34 35   0.393066
34 36   0.393066
34 37   0.393066
34 38   0.393066
34 39   0.393066
34 40   0.393066
35 1   0.335597
35 2   0.335597
35 3   0.335597
35 4   0.335597
35 5   0.335597
35 6   0.335597
35 7   0.335597
35 8   0.335597
35 9   0.335597
35 10   0.335597
35 11   0.335597
35 12   0.335597
35 13   0.335597
35 14   0.335597
35 15   0.335597
35 16   0.335597
35 17   0.335597
35 18   0.335597
35 19   0.335597
35 20   0.335597
35 21   0.335597
35 22   0.335597
35 23   0.335597
35 24   0.335597
35 25   0.335597
35 26   0.335597
35 27   0.335597
35 28   0.335597
35 29   0.335597
35 30   0.335597
35 31   0.335597
35 32   0.335597
35 33   0.335597
35 34   0.335597
35 35   0.335597
35 36   0.335597
35 37   0.335597
35 38   0.335597
35 39   0.335597
35 40   0.335597
36 1   0.279255
36 2   0.279255
36 3   0.279255
36 4   0.279255
36 5   0.279255
36 6   0.279255
36 7   0.279255
36 8   0.279255
36 9   0.279255
36 10   0.279255
36 11   0.279255
36 12   0.279255
36 13   0.279255
36 14   0.279255
36 15   0.279255
36 16   0.279255
36 17   0.279255
36 18   0.279255
36 19   0.279255
36 20   0.279255
36 21   0.279255
36 22   0.279255
36 23   0.279255
36 24   0.279255
36 25   0.279255
36 26   0.279255
36 27   0.279255
36 28   0.279255
36 29   0.279255
36 30   0.279255
36 31   0.279255
36 32   0.279255
36 33   0.279255
36 34   0.279255
36 35   0.279255
36 36   0.279255
36 37   0.279255
36 38   0.279255
36 39   0.279255
36 40   0.279255
37 1   0.228719
37 2   0.228719
37 3   0.228719
37 4   0.228719
37 5   0.228719
37 6   0.228719
37 7   0.228719
37 8   0.228719
37 9   0.228719
37 10   0.228719
37 11   0.228719
37 12   0.228719
37 13   0.228719
37 14   0.228719
37 15   0.228719
37 16   0.228719
37 17   0.228719
37 18   0.228719
37 19   0.228719
37 20   0.228719
37 21   0.228719
37 22   0.228719
37 23   0.228719
37 24   0.228719
37 25   0.228719
37 26   0.228719
37 27   0.228719
37 28   0.228719
37 29   0.228719
37 30   0.228719
37 31   0.228719
37 32   0.228719
37 33   0.228719
37 34   0.228719
37 35   0.228719
37 36   0.228719
37 37   0.228719
37 38   0.228719
37 39   0.228719
37 40   0.228719
38 1   0.18699
38 2   0.18699
38 3   0.18699
38 4   0.18699
38 5   0.18699
38 6   0.18699
38 7   0.18699
38 8   0.18699
38 9   0.18699
38 10   0.18699
38 11   0.18699
38 12   0.18699
38 13   0.18699
38 14   0.18699
38 15   0.18699
38 16   0.18699
38 17   0.18699
38 18   0.18699
38 19   0.18699
38 20   0.18699
38 21   0.18699
38 22   0.18699
38 23   0.18699
38 24   0.18699
38 25   0.18699
38 26   0.18699
38 27   0.18699
38 28   0.18699
38 29   0.18699
38 30   0.18699
38 31   0.18699
38 32   0.18699
38 33   0.18699
38 34   0.18699
38 35   0.18699
38 36   0.18699
38 37   0.18699
38 38   0.18699
38 39   0.18699
38 40   0.18699
39 1   0.156744
39 2   0.156744
39 3   0.156744
39 4   0.156744
39 5   0.156744
39 6   0.156744
39 7   0.156744
39 8   0.156744
39 9   0.156744
39 10   0.156744
39 11   0.156744
39 12   0.156744
39 13   0.156744
39 14   0.156744
39 15   0.156744
39 16   0.156744
39 17   0.156744
39 18   0.156744
39 19   0.156744
39 20   0.156744
39 21   0.156744
39 22   0.156744
39 23   0.156744
39 24   0.156744
39 25   0.156744
39 26   0.156744
39 27   0.156744
39 28   0.156744
39 29   0.156744
39 30   0.156744
39 31   0.156744
39 32   0.156744
39 33   0.156744
39 34   0.156744
39 35   0.156744
39 36   0.156744
39 37   0.156744
39 38   0.156744
39 39   0.156744
39 40   0.156744
40 1   0.140695
40 2   0.140695
40 3   0.140695
40 4   0.140695
40 5   0.140695
40 6   0.140695
40 7   0.140695
40 8   0.140695
40 9   0.140695
40 10   0.140695
40 11   0.140695
40 12   0.140695
40 13   0.140695
40 14   0.140695
40 15   0.140695
40 16   0.140695
40 17   0.140695
40 18   0.140695
40 19   0.140695
40 20   0.140695
40 21   0.140695
40 22   0.140695
40 23   0.140695
40 24   0.140695
40 25   0.140695
40 26   0.140695
40 27   0.140695
40 28   0.140695
40 29   0.140695
40 30   0.140695
40 31   0.140695
40 32   0.140695
40 33   0.140695
40 34   0.140695
40 35   0.140695
40 36   0.140695
40 37   0.140695
40 38   0.140695
40 39   0.140695
40 40   0.140695
