1 1   0.00539506
1 2   0.00539506
1 3   0.00539506
1 4   0.00539506
1 5   0.00539506
1 6   0.00539506
1 7   0.00539506
1 8   0.00539506
1 9   0.00539506
1 10   0.00539506
1 11   0.00539506
1 12   0.00539506
1 13   0.00539506
1 14   0.00539506
1 15   0.00539506
1 16   0.00539506
1 17   0.00539506
1 18   0.00539506
1 19   0.00539506
1 20   0.00539506
1 21   0.00539506
1 22   0.00539506
1 23   0.00539506
1 24   0.00539506
1 25   0.00539506
1 26   0.00539506
1 27   0.00539506
1 28   0.00539506
1 29   0.00539506
1 30   0.00539506
1 31   0.00539506
1 32   0.00539506
1 33   0.00539506
1 34   0.00539506
1 35   0.00539506
1 36   0.00539506
1 37   0.00539506
1 38   0.00539506
1 39   0.00539506
1 40   0.00539506
2 1   0.00394608
2 2   0.00394608
2 3   0.00394608
2 4   0.00394608
2 5   0.00394608
2 6   0.00394608
2 7   0.00394608
2 8   0.00394608
2 9   0.00394608
2 10   0.00394608
2 11   0.00394608
2 12   0.00394608
2 13   0.00394608
2 14   0.00394608
2 15   0.00394608
2 16   0.00394608
2 17   0.00394608
2 18   0.00394608
2 19   0.00394608
2 20   0.00394608
2 21   0.00394608
2 22   0.00394608
2 23   0.00394608
2 24   0.00394608
2 25   0.00394608
2 26   0.00394608
2 27   0.00394608
2 28   0.00394608
2 29   0.00394608
2 30   0.00394608
2 31   0.00394608
2 32   0.00394608
2 33   0.00394608
2 34   0.00394608
2 35   0.00394608
2 36   0.00394608
2 37   0.00394608
2 38   0.00394608
2 39   0.00394608
2 40   0.00394608
3 1   0.00246995
3 2   0.00246995
3 3   0.00246995
3 4   0.00246995
3 5   0.00246995
3 6   0.00246995
3 7   0.00246995
3 8   0.00246995
3 9   0.00246995
3 10   0.00246995
3 11   0.00246995
3 12   0.00246995
3 13   0.00246995
3 14   0.00246995
3 15   0.00246995
3 16   0.00246995
3 17   0.00246995
3 18   0.00246995
3 19   0.00246995
3 20   0.00246995
3 21   0.00246995
3 22   0.00246995
3 23   0.00246995
3 24   0.00246995
3 25   0.00246995
3 26   0.00246995
3 27   0.00246995
3 28   0.00246995
3 29   0.00246995
3 30   0.00246995
3 31   0.00246995
3 32   0.00246995
3 33   0.00246995
3 34   0.00246995
3 35   0.00246995
3 36   0.00246995
3 37   0.00246995
3 38   0.00246995
3 39   0.00246995
3 40   0.00246995
4 1   0.00285472
4 2   0.00285472
4 3   0.00285472
4 4   0.00285472
4 5   0.00285472
4 6   0.00285472
4 7   0.00285472
4 8   0.00285472
4 9   0.00285472
4 10   0.00285472
4 11   0.00285472
4 12   0.00285472
4 13   0.00285472
4 14   0.00285472
4 15   0.00285472
4 16   0.00285472
4 17   0.00285472
4 18   0.00285472
4 19   0.00285472
4 20   0.00285472
4 21   0.00285472
4 22   0.00285472
4 23   0.00285472
4 24   0.00285472
4 25   0.00285472
4 26   0.00285472
4 27   0.00285472
4 28   0.00285472
4 29   0.00285472
4 30   0.00285472
4 31   0.00285472
4 32   0.00285472
4 33   0.00285472
4 34   0.00285472
4 35   0.00285472
4 36   0.00285472
4 37   0.00285472
4 38   0.00285472
4 39   0.00285472
4 40   0.00285472
5 1   0.00664831
5 2   0.00664831
5 3   0.00664831
5 4   0.00664831
5 5   0.00664831
5 6   0.00664831
5 7   0.00664831
5 8   0.00664831
5 9   0.00664831
5 10   0.00664831
5 11   0.00664831
5 12   0.00664831
5 13   0.00664831
5 14   0.00664831
5 15   0.00664831
5 16   0.00664831
5 17   0.00664831
5 18   0.00664831
5 19   0.00664831
5 20   0.00664831
5 21   0.00664831
5 22   0.00664831
5 23   0.00664831
5 24   0.00664831
5 25   0.00664831
5 26   0.00664831
5 27   0.00664831
5 28   0.00664831
5 29   0.00664831
5 30   0.00664831
5 31   0.00664831
5 32   0.00664831
5 33   0.00664831
5 34   0.00664831
5 35   0.00664831
5 36   0.00664831
5 37   0.00664831
5 38   0.00664831
5 39   0.00664831
5 40   0.00664831
6 1   0.0149876
6 2   0.0149876
6 3   0.0149876
6 4   0.0149876
6 5   0.0149876
6 6   0.0149876
6 7   0.0149876
6 8   0.0149876
6 9   0.0149876
6 10   0.0149876
6 11   0.0149876
6 12   0.0149876
6 13   0.0149876
6 14   0.0149876
6 15   0.0149876
6 16   0.0149876
6 17   0.0149876
6 18   0.0149876
6 19   0.0149876
6 20   0.0149876
6 21   0.0149876
6 22   0.0149876
6 23   0.0149876
6 24   0.0149876
6 25   0.0149876
6 26   0.0149876
6 27   0.0149876
6 28   0.0149876
6 29   0.0149876
6 30   0.0149876
6 31   0.0149876
6 32   0.0149876
6 33   0.0149876
6 34   0.0149876
6 35   0.0149876
6 36   0.0149876
6 37   0.0149876
6 38   0.0149876
6 39   0.0149876
6 40   0.0149876
7 1   0.0285365
7 2   0.0285365
7 3   0.0285365
7 4   0.0285365
7 5   0.0285365
7 6   0.0285365
7 7   0.0285365
7 8   0.0285365
7 9   0.0285365
7 10   0.0285365
7 11   0.0285365
7 12   0.0285365
7 13   0.0285365
7 14   0.0285365
7 15   0.0285365
7 16   0.0285365
7 17   0.0285365
7 18   0.0285365
7 19   0.0285365
7 20   0.0285365
7 21   0.0285365
7 22   0.0285365
7 23   0.0285365
7 24   0.0285365
7 25   0.0285365
7 26   0.0285365
7 27   0.0285365
7 28   0.0285365
7 29   0.0285365
7 30   0.0285365
7 31   0.0285365
7 32   0.0285365
7 33   0.0285365
7 34   0.0285365
7 35   0.0285365
7 36   0.0285365
7 37   0.0285365
7 38   0.0285365
7 39   0.0285365
7 40   0.0285365
8 1   0.0469018
8 2   0.0469018
8 3   0.0469018
8 4   0.0469018
8 5   0.0469018
8 6   0.0469018
8 7   0.0469018
8 8   0.0469018
8 9   0.0469018
8 10   0.0469018
8 11   0.0469018
8 12   0.0469018
8 13   0.0469018
8 14   0.0469018
8 15   0.0469018
8 16   0.0469018
8 17   0.0469018
8 18   0.0469018
8 19   0.0469018
8 20   0.0469018
8 21   0.0469018
8 22   0.0469018
8 23   0.0469018
8 24   0.0469018
8 25   0.0469018
8 26   0.0469018
8 27   0.0469018
8 28   0.0469018
8 29   0.0469018
8 30   0.0469018
8 31   0.0469018
8 32   0.0469018
8 33   0.0469018
8 34   0.0469018
8 35   0.0469018
8 36   0.0469018
8 37   0.0469018
8 38   0.0469018
8 39   0.0469018
8 40   0.0469018
9 1   0.0685447
9 2   0.0685447
9 3   0.0685447
9 4   0.0685447
9 5   0.0685447
9 6   0.0685447
9 7   0.0685447
9 8   0.0685447
9 9   0.0685447
9 10   0.0685447
9 11   0.0685447
9 12   0.0685447
9 13   0.0685447
9 14   0.0685447
9 15   0.0685447
9 16   0.0685447
9 17   0.0685447
9 18   0.0685447
9 19   0.0685447
9 20   0.0685447
9 21   0.0685447
9 22   0.0685447
9 23   0.0685447
9 24   0.0685447
9 25   0.0685447
9 26   0.0685447
9 27   0.0685447
9 28   0.0685447
9 29   0.0685447
9 30   0.0685447
9 31   0.0685447
9 32   0.0685447
9 33   0.0685447
9 34   0.0685447
9 35   0.0685447
9 36   0.0685447
9 37   0.0685447
9 38   0.0685447
9 39   0.0685447
9 40   0.0685447
10 1   0.0923515
10 2   0.0923515
10 3   0.0923515
10 4   0.0923515
10 5   0.0923515
10 6   0.0923515
10 7   0.0923515
10 8   0.0923515
10 9   0.0923515
10 10   0.0923515
10 11   0.0923515
10 12   0.0923515
10 13   0.0923515
10 14   0.0923515
10 15   0.0923515
10 16   0.0923515
10 17   0.0923515
10 18   0.0923515
10 19   0.0923515
10 20   0.0923515
10 21   0.0923515
10 22   0.0923515
10 23   0.0923515
10 24   0.0923515
10 25   0.0923515
10 26   0.0923515
10 27   0.0923515
10 28   0.0923515
10 29   0.0923515
10 30   0.0923515
10 31   0.0923515
10 32   0.0923515
10 33   0.0923515
10 34   0.0923515
10 35   0.0923515
10 36   0.0923515
10 37   0.0923515
10 38   0.0923515
10 39   0.0923515
10 40   0.0923515
11 1   0.119914
11 2   0.119914
11 3   0.119914
11 4   0.119914
11 5   0.119914
11 6   0.119914
11 7   0.119914
11 8   0.119914
11 9   0.119914
11 10   0.119914
11 11   0.119914
11 12   0.119914
11 13   0.119914
11 14   0.119914
11 15   0.119914
11 16   0.119914
11 17   0.119914
11 18   0.119914
11 19   0.119914
11 20   0.119914
11 21   0.119914
11 22   0.119914
11 23   0.119914
11 24   0.119914
11 25   0.119914
11 26   0.119914
11 27   0.119914
11 28   0.119914
11 29   0.119914
11 30   0.119914
11 31   0.119914
11 32   0.119914
11 33   0.119914
11 34   0.119914
11 35   0.119914
11 36   0.119914
11 37   0.119914
11 38   0.119914
11 39   0.119914
11 40   0.119914
12 1   0.156045
12 2   0.156045
12 3   0.156045
12 4   0.156045
12 5   0.156045
12 6   0.156045
12 7   0.156045
12 8   0.156045
12 9   0.156045
12 10   0.156045
12 11   0.156045
12 12   0.156045
12 13   0.156045
12 14   0.156045
12 15   0.156045
12 16   0.156045
12 17   0.156045
12 18   0.156045
12 19   0.156045
12 20   0.156045
12 21   0.156045
12 22   0.156045
12 23   0.156045
12 24   0.156045
12 25   0.156045
12 26   0.156045
12 27   0.156045
12 28   0.156045
12 29   0.156045
12 30   0.156045
12 31   0.156045
12 32   0.156045
12 33   0.156045
12 34   0.156045
12 35   0.156045
12 36   0.156045
12 37   0.156045
12 38   0.156045
12 39   0.156045
12 40   0.156045
13 1   0.206243
13 2   0.206243
13 3   0.206243
13 4   0.206243
13 5   0.206243
13 6   0.206243
13 7   0.206243
13 8   0.206243
13 9   0.206243
13 10   0.206243
13 11   0.206243
13 12   0.206243
13 13   0.206243
13 14   0.206243
13 15   0.206243
13 16   0.206243
13 17   0.206243
13 18   0.206243
13 19   0.206243
13 20   0.206243
13 21   0.206243
13 22   0.206243
13 23   0.206243
13 24   0.206243
13 25   0.206243
13 26   0.206243
13 27   0.206243
13 28   0.206243
13 29   0.206243
13 30   0.206243
13 31   0.206243
13 32   0.206243
13 33   0.206243
13 34   0.206243
13 35   0.206243
13 36   0.206243
13 37   0.206243
13 38   0.206243
13 39   0.206243
13 40   0.206243
14 1   0.272522
14 2   0.272522
14 3   0.272522
14 4   0.272522
14 5   0.272522
14 6   0.272522
14 7   0.272522
14 8   0.272522
14 9   0.272522
14 10   0.272522
14 11   0.272522
14 12   0.272522
14 13   0.272522
14 14   0.272522
14 15   0.272522
14 16   0.272522
14 17   0.272522
14 18   0.272522
14 19   0.272522
14 20   0.272522
14 21   0.272522
14 22   0.272522
14 23   0.272522
14 24   0.272522
14 25   0.272522
14 26   0.272522
14 27   0.272522
14 28   0.272522
14 29   0.272522
14 30   0.272522
14 31   0.272522
14 32   0.272522
14 33   0.272522
14 34   0.272522
14 35   0.272522
14 36   0.272522
14 37   0.272522
14 38   0.272522
14 39   0.272522
14 40   0.272522
15 1   0.350453
15 2   0.350453
15 3   0.350453
15 4   0.350453
15 5   0.350453
15 6   0.350453
15 7   0.350453
15 8   0.350453
15 9   0.350453
15 10   0.350453
15 11   0.350453
15 12   0.350453
15 13   0.350453
15 14   0.350453
15 15   0.350453
15 16   0.350453
15 17   0.350453
15 18   0.350453
15 19   0.350453
15 20   0.350453
15 21   0.350453
15 22   0.350453
15 23   0.350453
15 24   0.350453
15 25   0.350453
15 26   0.350453
15 27   0.350453
15 28   0.350453
15 29   0.350453
15 30   0.350453
15 31   0.350453
15 32   0.350453
15 33   0.350453
15 34   0.350453
15 35   0.350453
15 36   0.350453
15 37   0.350453
15 38   0.350453
15 39   0.350453
15 40   0.350453
16 1   0.429574
16 2   0.429574
16 3   0.429574
16 4   0.429574
16 5   0.429574
16 6   0.429574
16 7   0.429574
16 8   0.429574
16 9   0.429574
16 10   0.429574
16 11   0.429574
16 12   0.429574
16 13   0.429574
16 14   0.429574
16 15   0.429574
16 16   0.429574
16 17   0.429574
16 18   0.429574
16 19   0.429574
16 20   0.429574
16 21   0.429574
16 22   0.429574
16 23   0.429574
16 24   0.429574
16 25   0.429574
16 26   0.429574
16 27   0.429574
16 28   0.429574
16 29   0.429574
16 30   0.429574
16 31   0.429574
16 32   0.429574
16 33   0.429574
16 34   0.429574
16 35   0.429574
16 36   0.429574
16 37   0.429574
16 38   0.429574
16 39   0.429574
16 40   0.429574
17 1   0.496999
17 2   0.496999
17 3   0.496999
17 4   0.496999
17 5   0.496999
17 6   0.496999
17 7   0.496999
17 8   0.496999
17 9   0.496999
17 10   0.496999
17 11   0.496999
17 12   0.496999
17 13   0.496999
17 14   0.496999
17 15   0.496999
17 16   0.496999
17 17   0.496999
17 18   0.496999
17 19   0.496999
17 20   0.496999
17 21   0.496999
17 22   0.496999
17 23   0.496999
17 24   0.496999
17 25   0.496999
17 26   0.496999
17 27   0.496999
17 28   0.496999
17 29   0.496999
17 30   0.496999
17 31   0.496999
17 32   0.496999
17 33   0.496999
17 34   0.496999
17 35   0.496999
17 36   0.496999
17 37   0.496999
17 38   0.496999
17 39   0.496999
17 40   0.496999
18 1   0.541943
18 2   0.541943
18 3   0.541943
18 4   0.541943
18 5   0.541943
18 6   0.541943
18 7   0.541943
18 8   0.541943
18 9   0.541943
18 10   0.541943
18 11   0.541943
18 12   0.541943
18 13   0.541943
18 14   0.541943
18 15   0.541943
18 16   0.541943
18 17   0.541943
18 18   0.541943
18 19   0.541943
18 20   0.541943
18 21   0.541943
18 22   0.541943
18 23   0.541943
18 24   0.541943
18 25   0.541943
18 26   0.541943
18 27   0.541943
18 28   0.541943
18 29   0.541943
18 30   0.541943
18 31   0.541943
18 32   0.541943
18 33   0.541943
18 34   0.541943
18 35   0.541943
18 36   0.541943
18 37   0.541943
18 38   0.541943
18 39   0.541943
18 40   0.541943
19 1   0.558858
19 2   0.558858
19 3   0.558858
19 4   0.558858
19 5   0.558858
19 6   0.558858
19 7   0.558858
19 8   0.558858
19 9   0.558858
19 10   0.558858
19 11   0.558858
19 12   0.558858
19 13   0.558858
19 14   0.558858
19 15   0.558858
19 16   0.558858
19 17   0.558858
19 18   0.558858
19 19   0.558858
19 20   0.558858
19 21   0.558858
19 22   0.558858
19 23   0.558858
19 24   0.558858
19 25   0.558858
19 26   0.558858
19 27   0.558858
19 28   0.558858
19 29   0.558858
19 30   0.558858
19 31   0.558858
19 32   0.558858
19 33   0.558858
19 34   0.558858
19 35   0.558858
19 36   0.558858
19 37   0.558858
19 38   0.558858
19 39   0.558858
19 40   0.558858
20 1   0.548633
20 2   0.548633
20 3   0.548633
20 4   0.548633
20 5   0.548633
20 6   0.548633
20 7   0.548633
20 8   0.548633
20 9   0.548633
20 10   0.548633
20 11   0.548633
20 12   0.548633
20 13   0.548633
20 14   0.548633
20 15   0.548633
20 16   0.548633
20 17   0.548633
20 18   0.548633
20 19   0.548633
20 20   0.548633
20 21   0.548633
20 22   0.548633
20 23   0.548633
20 24   0.548633
20 25   0.548633
20 26   0.548633
20 27   0.548633
20 28   0.548633
20 29   0.548633
20 30   0.548633
20 31   0.548633
20 32   0.548633
20 33   0.548633
20 34   0.548633
20 35   0.548633
20 36   0.548633
20 37   0.548633
20 38   0.548633
20 39   0.548633
20 40   0.548633
21 1   0.518586
21 2   0.518586
21 3   0.518586
21 4   0.518586
21 5   0.518586
21 6   0.518586
21 7   0.518586
21 8   0.518586
21 9   0.518586
21 10   0.518586
21 11   0.518586
21 12   0.518586
21 13   0.518586
21 14   0.518586
21 15   0.518586
21 16   0.518586
21 17   0.518586
21 18   0.518586
21 19   0.518586
21 20   0.518586
21 21   0.518586
21 22   0.518586
21 23   0.518586
21 24   0.518586
21 25   0.518586
21 26   0.518586
21 27   0.518586
21 28   0.518586
21 29   0.518586
21 30   0.518586
21 31   0.518586
21 32   0.518586
21 33   0.518586
21 34   0.518586
21 35   0.518586
21 36   0.518586
21 37   0.518586
21 38   0.518586
21 39   0.518586
21 40   0.518586
22 1   0.481239
22 2   0.481239
22 3   0.481239
22 4   0.481239
22 5   0.481239
22 6   0.481239
22 7   0.481239
22 8   0.481239
22 9   0.481239
22 10   0.481239
22 11   0.481239
22 12   0.481239
22 13   0.481239
22 14   0.481239
22 15   0.481239
22 16   0.481239
22 17   0.481239
22 18   0.481239
22 19   0.481239
22 20   0.481239
22 21   0.481239
22 22   0.481239
22 23   0.481239
22 24   0.481239
22 25   0.481239
22 26   0.481239
22 27   0.481239
22 28   0.481239
22 29   0.481239
22 30   0.481239
22 31   0.481239
22 32   0.481239
22 33   0.481239
22 34   0.481239
22 35   0.481239
22 36   0.481239
22 37   0.481239
22 38   0.481239
22 39   0.481239
22 40   0.481239
23 1   0.45131
23 2   0.45131
23 3   0.45131
23 4   0.45131
23 5   0.45131
23 6   0.45131
23 7   0.45131
23 8   0.45131
23 9   0.45131
23 10   0.45131
23 11   0.45131
23 12   0.45131
23 13   0.45131
23 14   0.45131
23 15   0.45131
23 16   0.45131
23 17   0.45131
23 18   0.45131
23 19   0.45131
23 20   0.45131
23 21   0.45131
23 22   0.45131
23 23   0.45131
23 24   0.45131
23 25   0.45131
23 26   0.45131
23 27   0.45131
23 28   0.45131
23 29   0.45131
23 30   0.45131
23 31   0.45131
23 32   0.45131
23 33   0.45131
23 34   0.45131
23 35   0.45131
23 36   0.45131
23 37   0.45131
23 38   0.45131
23 39   0.45131
23 40   0.45131
24 1   0.44145
24 2   0.44145
24 3   0.44145
24 4   0.44145
24 5   0.44145
24 6   0.44145
24 7   0.44145
24 8   0.44145
24 9   0.44145
24 10   0.44145
24 11   0.44145
24 12   0.44145
24 13   0.44145
24 14   0.44145
24 15   0.44145
24 16   0.44145
24 17   0.44145
24 18   0.44145
24 19   0.44145
24 20   0.44145
24 21   0.44145
24 22   0.44145
24 23   0.44145
24 24   0.44145
24 25   0.44145
24 26   0.44145
24 27   0.44145
24 28   0.44145
24 29   0.44145
24 30   0.44145
24 31   0.44145
24 32   0.44145
24 33   0.44145
24 34   0.44145
24 35   0.44145
24 36   0.44145
24 37   0.44145
24 38   0.44145
24 39   0.44145
24 40   0.44145
25 1   0.458754
25 2   0.458754
25 3   0.458754
25 4   0.458754
25 5   0.458754
25 6   0.458754
25 7   0.458754
25 8   0.458754
25 9   0.458754
25 10   0.458754
25 11   0.458754
25 12   0.458754
25 13   0.458754
25 14   0.458754
25 15   0.458754
25 16   0.458754
25 17   0.458754
25 18   0.458754
25 19   0.458754
25 20   0.458754
25 21   0.458754
25 22   0.458754
25 23   0.458754
25 24   0.458754
25 25   0.458754
25 26   0.458754
25 27   0.458754
25 28   0.458754
25 29   0.458754
25 30   0.458754
25 31   0.458754
25 32   0.458754
25 33   0.458754
25 34   0.458754
25 35   0.458754
25 36   0.458754
25 37   0.458754
25 38   0.458754
25 39   0.458754
25 40   0.458754
26 1   0.503533
26 2   0.503533
26 3   0.503533
26 4   0.503533
26 5   0.503533
26 6   0.503533
26 7   0.503533
26 8   0.503533
26 9   0.503533
26 10   0.503533
26 11   0.503533
26 12   0.503533
26 13   0.503533
26 14   0.503533
26 15   0.503533
26 16   0.503533
26 17   0.503533
26 18   0.503533
26 19   0.503533
26 20   0.503533
26 21   0.503533
26 22   0.503533
26 23   0.503533
26 24   0.503533
26 25   0.503533
26 26   0.503533
26 27   0.503533
26 28   0.503533
26 29   0.503533
26 30   0.503533
26 31   0.503533
26 32   0.503533
26 33   0.503533
26 34   0.503533
26 35   0.503533
26 36   0.503533
26 37   0.503533
26 38   0.503533
26 39   0.503533
26 40   0.503533
27 1   0.570093
27 2   0.570093
27 3   0.570093
27 4   0.570093
27 5   0.570093
27 6   0.570093
27 7   0.570093
27 8   0.570093
27 9   0.570093
27 10   0.570093
27 11   0.570093
27 12   0.570093
27 13   0.570093
27 14   0.570093
27 15   0.570093
27 16   0.570093
27 17   0.570093
27 18   0.570093
27 19   0.570093
27 20   0.570093
27 21   0.570093
27 22   0.570093
27 23   0.570093
27 24   0.570093
27 25   0.570093
27 26   0.570093
27 27   0.570093
27 28   0.570093
27 29   0.570093
27 30   0.570093
27 31   0.570093
27 32   0.570093
27 33   0.570093
27 34   0.570093
27 35   0.570093
27 36   0.570093
27 37   0.570093
27 38   0.570093
27 39   0.570093
27 40   0.570093
28 1   0.648511
28 2   0.648511
28 3   0.648511
28 4   0.648511
28 5   0.648511
28 6   0.648511
28 7   0.648511
28 8   0.648511
28 9   0.648511
28 10   0.648511
28 11   0.648511
28 12   0.648511
28 13   0.648511
28 14   0.648511
28 15   0.648511
28 16   0.648511
28 17   0.648511
28 18   0.648511
28 19   0.648511
28 20   0.648511
28 21   0.648511
28 22   0.648511
28 23   0.648511
28 24   0.648511
28 25   0.648511
28 26   0.648511
28 27   0.648511
28 28   0.648511
28 29   0.648511
28 30   0.648511
28 31   0.648511
28 32   0.648511
28 33   0.648511
28 34   0.648511
28 35   0.648511
28 36   0.648511
28 37   0.648511
28 38   0.648511
28 39   0.648511
28 40   0.648511
29 1   0.726974
29 2   0.726974
29 3   0.726974
29 4   0.726974
29 5   0.726974
29 6   0.726974
29 7   0.726974
29 8   0.726974
29 9   0.726974
29 10   0.726974
29 11   0.726974
29 12   0.726974
29 13   0.726974
29 14   0.726974
29 15   0.726974
29 16   0.726974
29 17   0.726974
29 18   0.726974
29 19   0.726974
29 20   0.726974
29 21   0.726974
29 22   0.726974
29 23   0.726974
29 24   0.726974
29 25   0.726974
29 26   0.726974
29 27   0.726974
29 28   0.726974
29 29   0.726974
29 30   0.726974
29 31   0.726974
29 32   0.726974
29 33   0.726974
29 34   0.726974
29 35   0.726974
29 36   0.726974
29 37   0.726974
29 38   0.726974
29 39   0.726974
29 40   0.726974
30 1   0.794822
30 2   0.794822
30 3   0.794822
30 4   0.794822
30 5   0.794822
30 6   0.794822
30 7   0.794822
30 8   0.794822
30 9   0.794822
30 10   0.794822
30 11   0.794822
30 12   0.794822
30 13   0.794822
30 14   0.794822
30 15   0.794822
30 16   0.794822
30 17   0.794822
30 18   0.794822
30 19   0.794822
30 20   0.794822
30 21   0.794822
30 22   0.794822
30 23   0.794822
30 24   0.794822
30 25   0.794822
30 26   0.794822
30 27   0.794822
30 28   0.794822
30 29   0.794822
30 30   0.794822
30 31   0.794822
30 32   0.794822
30 33   0.794822
30 34   0.794822
30 35   0.794822
30 36   0.794822
30 37   0.794822
30 38   0.794822
30 39   0.794822
30 40   0.794822
31 1   0.845915
31 2   0.845915
31 3   0.845915
31 4   0.845915
31 5   0.845915
31 6   0.845915
31 7   0.845915
31 8   0.845915
31 9   0.845915
31 10   0.845915
31 11   0.845915
31 12   0.845915
31 13   0.845915
31 14   0.845915
31 15   0.845915
31 16   0.845915
31 17   0.845915
31 18   0.845915
31 19   0.845915
31 20   0.845915
31 21   0.845915
31 22   0.845915
31 23   0.845915
31 24   0.845915
31 25   0.845915
31 26   0.845915
31 27   0.845915
31 28   0.845915
31 29   0.845915
31 30   0.845915
31 31   0.845915
31 32   0.845915
31 33   0.845915
31 34   0.845915
31 35   0.845915
31 36   0.845915
31 37   0.845915
31 38   0.845915
31 39   0.845915
31 40   0.845915
32 1   0.880841
32 2   0.880841
32 3   0.880841
32 4   0.880841
32 5   0.880841
32 6   0.880841
32 7   0.880841
32 8   0.880841
32 9   0.880841
32 10   0.880841
32 11   0.880841
32 12   0.880841
32 13   0.880841
32 14   0.880841
32 15   0.880841
32 16   0.880841
32 17   0.880841
32 18   0.880841
32 19   0.880841
32 20   0.880841
32 21   0.880841
32 22   0.880841
32 23   0.880841
32 24   0.880841
32 25   0.880841
32 26   0.880841
32 27   0.880841
32 28   0.880841
32 29   0.880841
32 30   0.880841
32 31   0.880841
32 32   0.880841
32 33   0.880841
32 34   0.880841
32 35   0.880841
32 36   0.880841
32 37   0.880841
32 38   0.880841
32 39   0.880841
32 40   0.880841
33 1   0.905941
33 2   0.905941
33 3   0.905941
33 4   0.905941
33 5   0.905941
33 6   0.905941
33 7   0.905941
33 8   0.905941
33 9   0.905941
33 10   0.905941
33 11   0.905941
33 12   0.905941
33 13   0.905941
33 14   0.905941
33 15   0.905941
33 16   0.905941
33 17   0.905941
33 18   0.905941
33 19   0.905941
33 20   0.905941
33 21   0.905941
33 22   0.905941
33 23   0.905941
33 24   0.905941
33 25   0.905941
33 26   0.905941
33 27   0.905941
33 28   0.905941
33 29   0.905941
33 30   0.905941
33 31   0.905941
33 32   0.905941
33 33   0.905941
33 34   0.905941
33 35   0.905941
33 36   0.905941
33 37   0.905941
33 38   0.905941
33 39   0.905941
33 40   0.905941
34 1   0.928685
34 2   0.928685
34 3   0.928685
34 4   0.928685
34 5   0.928685
34 6   0.928685
34 7   0.928685
34 8   0.928685
34 9   0.928685
34 10   0.928685
34 11   0.928685
34 12   0.928685
34 13   0.928685
34 14   0.928685
34 15   0.928685
34 16   0.928685
34 17   0.928685
34 18   0.928685
34 19   0.928685
34 20   0.928685
34 21   0.928685
34 22   0.928685
34 23   0.928685
34 24   0.928685
34 25   0.928685
34 26   0.928685
34 27   0.928685
34 28   0.928685
34 29   0.928685
34 30   0.928685
34 31   0.928685
34 32   0.928685
34 33   0.928685
34 34   0.928685
34 35   0.928685
34 36   0.928685
34 37   0.928685
34 38   0.928685
34 39   0.928685
34 40   0.928685
35 1   0.952318
35 2   0.952318
35 3   0.952318
35 4   0.952318
35 5   0.952318
35 6   0.952318
35 7   0.952318
35 8   0.952318
35 9   0.952318
35 10   0.952318
35 11   0.952318
35 12   0.952318
35 13   0.952318
35 14   0.952318
35 15   0.952318
35 16   0.952318
35 17   0.952318
35 18   0.952318
35 19   0.952318
35 20   0.952318
35 21   0.952318
35 22   0.952318
35 23   0.952318
35 24   0.952318
35 25   0.952318
35 26   0.952318
35 27   0.952318
35 28   0.952318
35 29   0.952318
35 30   0.952318
35 31   0.952318
35 32   0.952318
35 33   0.952318
35 34   0.952318
35 35   0.952318
35 36   0.952318
35 37   0.952318
35 38   0.952318
35 39   0.952318
35 40   0.952318
36 1   0.974152
36 2   0.974152
36 3   0.974152
36 4   0.974152
36 5   0.974152
36 6   0.974152
36 7   0.974152
36 8   0.974152
36 9   0.974152
36 10   0.974152
36 11   0.974152
36 12   0.974152
36 13   0.974152
36 14   0.974152
36 15   0.974152
36 16   0.974152
36 17   0.974152
36 18   0.974152
36 19   0.974152
36 20   0.974152
36 21   0.974152
36 22   0.974152
36 23   0.974152
36 24   0.974152
36 25   0.974152
36 26   0.974152
36 27   0.974152
36 28   0.974152
36 29   0.974152
36 30   0.974152
36 31   0.974152
36 32   0.974152
36 33   0.974152
36 34   0.974152
36 35   0.974152
36 36   0.974152
36 37   0.974152
36 38   0.974152
36 39   0.974152
36 40   0.974152
37 1   0.988966
37 2   0.988966
37 3   0.988966
37 4   0.988966
37 5   0.988966
37 6   0.988966
37 7   0.988966
37 8   0.988966
37 9   0.988966
37 10   0.988966
37 11   0.988966
37 12   0.988966
37 13   0.988966
37 14   0.988966
37 15   0.988966
37 16   0.988966
37 17   0.988966
37 18   0.988966
37 19   0.988966
37 20   0.988966
37 21   0.988966
37 22   0.988966
37 23   0.988966
37 24   0.988966
37 25   0.988966
37 26   0.988966
37 27   0.988966
37 28   0.988966
37 29   0.988966
37 30   0.988966
37 31   0.988966
37 32   0.988966
37 33   0.988966
37 34   0.988966
37 35   0.988966
37 36   0.988966
37 37   0.988966
37 38   0.988966
37 39   0.988966
37 40   0.988966
38 1   0.994232
38 2   0.994232
38 3   0.994232
38 4   0.994232
38 5   0.994232
38 6   0.994232
38 7   0.994232
38 8   0.994232
38 9   0.994232
38 10   0.994232
38 11   0.994232
38 12   0.994232
38 13   0.994232
38 14   0.994232
38 15   0.994232
38 16   0.994232
38 17   0.994232
38 18   0.994232
38 19   0.994232
38 20   0.994232
38 21   0.994232
38 22   0.994232
38 23   0.994232
38 24   0.994232
38 25   0.994232
38 26   0.994232
38 27   0.994232
38 28   0.994232
38 29   0.994232
38 30   0.994232
38 31   0.994232
38 32   0.994232
38 33   0.994232
38 34   0.994232
38 35   0.994232
38 36   0.994232
38 37   0.994232
38 38   0.994232
38 39   0.994232
38 40   0.994232
39 1   0.992513
39 2   0.992513
39 3   0.992513
39 4   0.992513
39 5   0.992513
39 6   0.992513
39 7   0.992513
39 8   0.992513
39 9   0.992513
39 10   0.992513
39 11   0.992513
39 12   0.992513
39 13   0.992513
39 14   0.992513
39 15   0.992513
39 16   0.992513
39 17   0.992513
39 18   0.992513
39 19   0.992513
39 20   0.992513
39 21   0.992513
39 22   0.992513
39 23   0.992513
39 24   0.992513
39 25   0.992513
39 26   0.992513
39 27   0.992513
39 28   0.992513
39 29   0.992513
39 30   0.992513
39 31   0.992513
39 32   0.992513
39 33   0.992513
39 34   0.992513
39 35   0.992513
39 36   0.992513
39 37   0.992513
39 38   0.992513
39 39   0.992513
39 40   0.992513
40 1   0.989443
40 2   0.989443
40 3   0.989443
40 4   0.989443
40 5   0.989443
40 6   0.989443
40 7   0.989443
40 8   0.989443
40 9   0.989443
40 10   0.989443
40 11   0.989443
40 12   0.989443
40 13   0.989443
40 14   0.989443
40 15   0.989443
40 16   0.989443
40 17   0.989443
40 18   0.989443
40 19   0.989443
40 20   0.989443
40 21   0.989443
40 22   0.989443
40 23   0.989443
40 24   0.989443
40 25   0.989443
40 26   0.989443
40 27   0.989443
40 28   0.989443
40 29   0.989443
40 30   0.989443
40 31   0.989443
40 32   0.989443
40 33   0.989443
40 34   0.989443
40 35   0.989443
40 36   0.989443
40 37   0.989443
40 38   0.989443
40 39   0.989443
40 40   0.989443
