1 1   0.691731
1 2   0.691731
1 3   0.691731
1 4   0.691731
1 5   0.691731
1 6   0.691731
1 7   0.691731
1 8   0.691731
1 9   0.691731
1 10   0.691731
1 11   0.691731
1 12   0.691731
1 13   0.691731
1 14   0.691731
1 15   0.691731
1 16   0.691731
1 17   0.691731
1 18   0.691731
1 19   0.691731
1 20   0.691731
1 21   0.691731
1 22   0.691731
1 23   0.691731
1 24   0.691731
1 25   0.691731
1 26   0.691731
1 27   0.691731
1 28   0.691731
1 29   0.691731
1 30   0.691731
1 31   0.691731
1 32   0.691731
1 33   0.691731
1 34   0.691731
1 35   0.691731
1 36   0.691731
1 37   0.691731
1 38   0.691731
1 39   0.691731
1 40   0.691731
2 1   0.701208
2 2   0.701208
2 3   0.701208
2 4   0.701208
2 5   0.701208
2 6   0.701208
2 7   0.701208
2 8   0.701208
2 9   0.701208
2 10   0.701208
2 11   0.701208
2 12   0.701208
2 13   0.701208
2 14   0.701208
2 15   0.701208
2 16   0.701208
2 17   0.701208
2 18   0.701208
2 19   0.701208
2 20   0.701208
2 21   0.701208
2 22   0.701208
2 23   0.701208
2 24   0.701208
2 25   0.701208
2 26   0.701208
2 27   0.701208
2 28   0.701208
2 29   0.701208
2 30   0.701208
2 31   0.701208
2 32   0.701208
2 33   0.701208
2 34   0.701208
2 35   0.701208
2 36   0.701208
2 37   0.701208
2 38   0.701208
2 39   0.701208
2 40   0.701208
3 1   0.676171
3 2   0.676171
3 3   0.676171
3 4   0.676171
3 5   0.676171
3 6   0.676171
3 7   0.676171
3 8   0.676171
3 9   0.676171
3 10   0.676171
3 11   0.676171
3 12   0.676171
3 13   0.676171
3 14   0.676171
3 15   0.676171
3 16   0.676171
3 17   0.676171
3 18   0.676171
3 19   0.676171
3 20   0.676171
3 21   0.676171
3 22   0.676171
3 23   0.676171
3 24   0.676171
3 25   0.676171
3 26   0.676171
3 27   0.676171
3 28   0.676171
3 29   0.676171
3 30   0.676171
3 31   0.676171
3 32   0.676171
3 33   0.676171
3 34   0.676171
3 35   0.676171
3 36   0.676171
3 37   0.676171
3 38   0.676171
3 39   0.676171
3 40   0.676171
4 1   0.621134
4 2   0.621134
4 3   0.621134
4 4   0.621134
4 5   0.621134
4 6   0.621134
4 7   0.621134
4 8   0.621134
4 9   0.621134
4 10   0.621134
4 11   0.621134
4 12   0.621134
4 13   0.621134
4 14   0.621134
4 15   0.621134
4 16   0.621134
4 17   0.621134
4 18   0.621134
4 19   0.621134
4 20   0.621134
4 21   0.621134
4 22   0.621134
4 23   0.621134
4 24   0.621134
4 25   0.621134
4 26   0.621134
4 27   0.621134
4 28   0.621134
4 29   0.621134
4 30   0.621134
4 31   0.621134
4 32   0.621134
4 33   0.621134
4 34   0.621134
4 35   0.621134
4 36   0.621134
4 37   0.621134
4 38   0.621134
4 39   0.621134
4 40   0.621134
5 1   0.522465
5 2   0.522465
5 3   0.522465
5 4   0.522465
5 5   0.522465
5 6   0.522465
5 7   0.522465
5 8   0.522465
5 9   0.522465
5 10   0.522465
5 11   0.522465
5 12   0.522465
5 13   0.522465
5 14   0.522465
5 15   0.522465
5 16   0.522465
5 17   0.522465
5 18   0.522465
5 19   0.522465
5 20   0.522465
5 21   0.522465
5 22   0.522465
5 23   0.522465
5 24   0.522465
5 25   0.522465
5 26   0.522465
5 27   0.522465
5 28   0.522465
5 29   0.522465
5 30   0.522465
5 31   0.522465
5 32   0.522465
5 33   0.522465
5 34   0.522465
5 35   0.522465
5 36   0.522465
5 37   0.522465
5 38   0.522465
5 39   0.522465
5 40   0.522465
6 1   0.461955
6 2   0.461955
6 3   0.461955
6 4   0.461955
6 5   0.461955
6 6   0.461955
6 7   0.461955
6 8   0.461955
6 9   0.461955
6 10   0.461955
6 11   0.461955
6 12   0.461955
6 13   0.461955
6 14   0.461955
6 15   0.461955
6 16   0.461955
6 17   0.461955
6 18   0.461955
6 19   0.461955
6 20   0.461955
6 21   0.461955
6 22   0.461955
6 23   0.461955
6 24   0.461955
6 25   0.461955
6 26   0.461955
6 27   0.461955
6 28   0.461955
6 29   0.461955
6 30   0.461955
6 31   0.461955
6 32   0.461955
6 33   0.461955
6 34   0.461955
6 35   0.461955
6 36   0.461955
6 37   0.461955
6 38   0.461955
6 39   0.461955
6 40   0.461955
7 1   0.46693
7 2   0.46693
7 3   0.46693
7 4   0.46693
7 5   0.46693
7 6   0.46693
7 7   0.46693
7 8   0.46693
7 9   0.46693
7 10   0.46693
7 11   0.46693
7 12   0.46693
7 13   0.46693
7 14   0.46693
7 15   0.46693
7 16   0.46693
7 17   0.46693
7 18   0.46693
7 19   0.46693
7 20   0.46693
7 21   0.46693
7 22   0.46693
7 23   0.46693
7 24   0.46693
7 25   0.46693
7 26   0.46693
7 27   0.46693
7 28   0.46693
7 29   0.46693
7 30   0.46693
7 31   0.46693
7 32   0.46693
7 33   0.46693
7 34   0.46693
7 35   0.46693
7 36   0.46693
7 37   0.46693
7 38   0.46693
7 39   0.46693
7 40   0.46693
8 1   0.509907
8 2   0.509907
8 3   0.509907
8 4   0.509907
8 5   0.509907
8 6   0.509907
8 7   0.509907
8 8   0.509907
8 9   0.509907
8 10   0.509907
8 11   0.509907
8 12   0.509907
8 13   0.509907
8 14   0.509907
8 15   0.509907
8 16   0.509907
8 17   0.509907
8 18   0.509907
8 19   0.509907
8 20   0.509907
8 21   0.509907
8 22   0.509907
8 23   0.509907
8 24   0.509907
8 25   0.509907
8 26   0.509907
8 27   0.509907
8 28   0.509907
8 29   0.509907
8 30   0.509907
8 31   0.509907
8 32   0.509907
8 33   0.509907
8 34   0.509907
8 35   0.509907
8 36   0.509907
8 37   0.509907
8 38   0.509907
8 39   0.509907
8 40   0.509907
9 1   0.536131
9 2   0.536131
9 3   0.536131
9 4   0.536131
9 5   0.536131
9 6   0.536131
9 7   0.536131
9 8   0.536131
9 9   0.536131
9 10   0.536131
9 11   0.536131
9 12   0.536131
9 13   0.536131
9 14   0.536131
9 15   0.536131
9 16   0.536131
9 17   0.536131
9 18   0.536131
9 19   0.536131
9 20   0.536131
9 21   0.536131
9 22   0.536131
9 23   0.536131
9 24   0.536131
9 25   0.536131
9 26   0.536131
9 27   0.536131
9 28   0.536131
9 29   0.536131
9 30   0.536131
9 31   0.536131
9 32   0.536131
9 33   0.536131
9 34   0.536131
9 35   0.536131
9 36   0.536131
9 37   0.536131
9 38   0.536131
9 39   0.536131
9 40   0.536131
10 1   0.504773
10 2   0.504773
10 3   0.504773
10 4   0.504773
10 5   0.504773
10 6   0.504773
10 7   0.504773
10 8   0.504773
10 9   0.504773
10 10   0.504773
10 11   0.504773
10 12   0.504773
10 13   0.504773
10 14   0.504773
10 15   0.504773
10 16   0.504773
10 17   0.504773
10 18   0.504773
10 19   0.504773
10 20   0.504773
10 21   0.504773
10 22   0.504773
10 23   0.504773
10 24   0.504773
10 25   0.504773
10 26   0.504773
10 27   0.504773
10 28   0.504773
10 29   0.504773
10 30   0.504773
10 31   0.504773
10 32   0.504773
10 33   0.504773
10 34   0.504773
10 35   0.504773
10 36   0.504773
10 37   0.504773
10 38   0.504773
10 39   0.504773
10 40   0.504773
11 1   0.473537
11 2   0.473537
11 3   0.473537
11 4   0.473537
11 5   0.473537
11 6   0.473537
11 7   0.473537
11 8   0.473537
11 9   0.473537
11 10   0.473537
11 11   0.473537
11 12   0.473537
11 13   0.473537
11 14   0.473537
11 15   0.473537
11 16   0.473537
11 17   0.473537
11 18   0.473537
11 19   0.473537
11 20   0.473537
11 21   0.473537
11 22   0.473537
11 23   0.473537
11 24   0.473537
11 25   0.473537
11 26   0.473537
11 27   0.473537
11 28   0.473537
11 29   0.473537
11 30   0.473537
11 31   0.473537
11 32   0.473537
11 33   0.473537
11 34   0.473537
11 35   0.473537
11 36   0.473537
11 37   0.473537
11 38   0.473537
11 39   0.473537
11 40   0.473537
12 1   0.494532
12 2   0.494532
12 3   0.494532
12 4   0.494532
12 5   0.494532
12 6   0.494532
12 7   0.494532
12 8   0.494532
12 9   0.494532
12 10   0.494532
12 11   0.494532
12 12   0.494532
12 13   0.494532
12 14   0.494532
12 15   0.494532
12 16   0.494532
12 17   0.494532
12 18   0.494532
12 19   0.494532
12 20   0.494532
12 21   0.494532
12 22   0.494532
12 23   0.494532
12 24   0.494532
12 25   0.494532
12 26   0.494532
12 27   0.494532
12 28   0.494532
12 29   0.494532
12 30   0.494532
12 31   0.494532
12 32   0.494532
12 33   0.494532
12 34   0.494532
12 35   0.494532
12 36   0.494532
12 37   0.494532
12 38   0.494532
12 39   0.494532
12 40   0.494532
13 1   0.51724
13 2   0.51724
13 3   0.51724
13 4   0.51724
13 5   0.51724
13 6   0.51724
13 7   0.51724
13 8   0.51724
13 9   0.51724
13 10   0.51724
13 11   0.51724
13 12   0.51724
13 13   0.51724
13 14   0.51724
13 15   0.51724
13 16   0.51724
13 17   0.51724
13 18   0.51724
13 19   0.51724
13 20   0.51724
13 21   0.51724
13 22   0.51724
13 23   0.51724
13 24   0.51724
13 25   0.51724
13 26   0.51724
13 27   0.51724
13 28   0.51724
13 29   0.51724
13 30   0.51724
13 31   0.51724
13 32   0.51724
13 33   0.51724
13 34   0.51724
13 35   0.51724
13 36   0.51724
13 37   0.51724
13 38   0.51724
13 39   0.51724
13 40   0.51724
14 1   0.503699
14 2   0.503699
14 3   0.503699
14 4   0.503699
14 5   0.503699
14 6   0.503699
14 7   0.503699
14 8   0.503699
14 9   0.503699
14 10   0.503699
14 11   0.503699
14 12   0.503699
14 13   0.503699
14 14   0.503699
14 15   0.503699
14 16   0.503699
14 17   0.503699
14 18   0.503699
14 19   0.503699
14 20   0.503699
14 21   0.503699
14 22   0.503699
14 23   0.503699
14 24   0.503699
14 25   0.503699
14 26   0.503699
14 27   0.503699
14 28   0.503699
14 29   0.503699
14 30   0.503699
14 31   0.503699
14 32   0.503699
14 33   0.503699
14 34   0.503699
14 35   0.503699
14 36   0.503699
14 37   0.503699
14 38   0.503699
14 39   0.503699
14 40   0.503699
15 1   0.491514
15 2   0.491514
15 3   0.491514
15 4   0.491514
15 5   0.491514
15 6   0.491514
15 7   0.491514
15 8   0.491514
15 9   0.491514
15 10   0.491514
15 11   0.491514
15 12   0.491514
15 13   0.491514
15 14   0.491514
15 15   0.491514
15 16   0.491514
15 17   0.491514
15 18   0.491514
15 19   0.491514
15 20   0.491514
15 21   0.491514
15 22   0.491514
15 23   0.491514
15 24   0.491514
15 25   0.491514
15 26   0.491514
15 27   0.491514
15 28   0.491514
15 29   0.491514
15 30   0.491514
15 31   0.491514
15 32   0.491514
15 33   0.491514
15 34   0.491514
15 35   0.491514
15 36   0.491514
15 37   0.491514
15 38   0.491514
15 39   0.491514
15 40   0.491514
16 1   0.491602
16 2   0.491602
16 3   0.491602
16 4   0.491602
16 5   0.491602
16 6   0.491602
16 7   0.491602
16 8   0.491602
16 9   0.491602
16 10   0.491602
16 11   0.491602
16 12   0.491602
16 13   0.491602
16 14   0.491602
16 15   0.491602
16 16   0.491602
16 17   0.491602
16 18   0.491602
16 19   0.491602
16 20   0.491602
16 21   0.491602
16 22   0.491602
16 23   0.491602
16 24   0.491602
16 25   0.491602
16 26   0.491602
16 27   0.491602
16 28   0.491602
16 29   0.491602
16 30   0.491602
16 31   0.491602
16 32   0.491602
16 33   0.491602
16 34   0.491602
16 35   0.491602
16 36   0.491602
16 37   0.491602
16 38   0.491602
16 39   0.491602
16 40   0.491602
17 1   0.513335
17 2   0.513335
17 3   0.513335
17 4   0.513335
17 5   0.513335
17 6   0.513335
17 7   0.513335
17 8   0.513335
17 9   0.513335
17 10   0.513335
17 11   0.513335
17 12   0.513335
17 13   0.513335
17 14   0.513335
17 15   0.513335
17 16   0.513335
17 17   0.513335
17 18   0.513335
17 19   0.513335
17 20   0.513335
17 21   0.513335
17 22   0.513335
17 23   0.513335
17 24   0.513335
17 25   0.513335
17 26   0.513335
17 27   0.513335
17 28   0.513335
17 29   0.513335
17 30   0.513335
17 31   0.513335
17 32   0.513335
17 33   0.513335
17 34   0.513335
17 35   0.513335
17 36   0.513335
17 37   0.513335
17 38   0.513335
17 39   0.513335
17 40   0.513335
18 1   0.502359
18 2   0.502359
18 3   0.502359
18 4   0.502359
18 5   0.502359
18 6   0.502359
18 7   0.502359
18 8   0.502359
18 9   0.502359
18 10   0.502359
18 11   0.502359
18 12   0.502359
18 13   0.502359
18 14   0.502359
18 15   0.502359
18 16   0.502359
18 17   0.502359
18 18   0.502359
18 19   0.502359
18 20   0.502359
18 21   0.502359
18 22   0.502359
18 23   0.502359
18 24   0.502359
18 25   0.502359
18 26   0.502359
18 27   0.502359
18 28   0.502359
18 29   0.502359
18 30   0.502359
18 31   0.502359
18 32   0.502359
18 33   0.502359
18 34   0.502359
18 35   0.502359
18 36   0.502359
18 37   0.502359
18 38   0.502359
18 39   0.502359
18 40   0.502359
19 1   0.487141
19 2   0.487141
19 3   0.487141
19 4   0.487141
19 5   0.487141
19 6   0.487141
19 7   0.487141
19 8   0.487141
19 9   0.487141
19 10   0.487141
19 11   0.487141
19 12   0.487141
19 13   0.487141
19 14   0.487141
19 15   0.487141
19 16   0.487141
19 17   0.487141
19 18   0.487141
19 19   0.487141
19 20   0.487141
19 21   0.487141
19 22   0.487141
19 23   0.487141
19 24   0.487141
19 25   0.487141
19 26   0.487141
19 27   0.487141
19 28   0.487141
19 29   0.487141
19 30   0.487141
19 31   0.487141
19 32   0.487141
19 33   0.487141
19 34   0.487141
19 35   0.487141
19 36   0.487141
19 37   0.487141
19 38   0.487141
19 39   0.487141
19 40   0.487141
20 1   0.502707
20 2   0.502707
20 3   0.502707
20 4   0.502707
20 5   0.502707
20 6   0.502707
20 7   0.502707
20 8   0.502707
20 9   0.502707
20 10   0.502707
20 11   0.502707
20 12   0.502707
20 13   0.502707
20 14   0.502707
20 15   0.502707
20 16   0.502707
20 17   0.502707
20 18   0.502707
20 19   0.502707
20 20   0.502707
20 21   0.502707
20 22   0.502707
20 23   0.502707
20 24   0.502707
20 25   0.502707
20 26   0.502707
20 27   0.502707
20 28   0.502707
20 29   0.502707
20 30   0.502707
20 31   0.502707
20 32   0.502707
20 33   0.502707
20 34   0.502707
20 35   0.502707
20 36   0.502707
20 37   0.502707
20 38   0.502707
20 39   0.502707
20 40   0.502707
21 1   0.513754
21 2   0.513754
21 3   0.513754
21 4   0.513754
21 5   0.513754
21 6   0.513754
21 7   0.513754
21 8   0.513754
21 9   0.513754
21 10   0.513754
21 11   0.513754
21 12   0.513754
21 13   0.513754
21 14   0.513754
21 15   0.513754
21 16   0.513754
21 17   0.513754
21 18   0.513754
21 19   0.513754
21 20   0.513754
21 21   0.513754
21 22   0.513754
21 23   0.513754
21 24   0.513754
21 25   0.513754
21 26   0.513754
21 27   0.513754
21 28   0.513754
21 29   0.513754
21 30   0.513754
21 31   0.513754
21 32   0.513754
21 33   0.513754
21 34   0.513754
21 35   0.513754
21 36   0.513754
21 37   0.513754
21 38   0.513754
21 39   0.513754
21 40   0.513754
22 1   0.486356
22 2   0.486356
22 3   0.486356
22 4   0.486356
22 5   0.486356
22 6   0.486356
22 7   0.486356
22 8   0.486356
22 9   0.486356
22 10   0.486356
22 11   0.486356
22 12   0.486356
22 13   0.486356
22 14   0.486356
22 15   0.486356
22 16   0.486356
22 17   0.486356
22 18   0.486356
22 19   0.486356
22 20   0.486356
22 21   0.486356
22 22   0.486356
22 23   0.486356
22 24   0.486356
22 25   0.486356
22 26   0.486356
22 27   0.486356
22 28   0.486356
22 29   0.486356
22 30   0.486356
22 31   0.486356
22 32   0.486356
22 33   0.486356
22 34   0.486356
22 35   0.486356
22 36   0.486356
22 37   0.486356
22 38   0.486356
22 39   0.486356
22 40   0.486356
23 1   0.497356
23 2   0.497356
23 3   0.497356
23 4   0.497356
23 5   0.497356
23 6   0.497356
23 7   0.497356
23 8   0.497356
23 9   0.497356
23 10   0.497356
23 11   0.497356
23 12   0.497356
23 13   0.497356
23 14   0.497356
23 15   0.497356
23 16   0.497356
23 17   0.497356
23 18   0.497356
23 19   0.497356
23 20   0.497356
23 21   0.497356
23 22   0.497356
23 23   0.497356
23 24   0.497356
23 25   0.497356
23 26   0.497356
23 27   0.497356
23 28   0.497356
23 29   0.497356
23 30   0.497356
23 31   0.497356
23 32   0.497356
23 33   0.497356
23 34   0.497356
23 35   0.497356
23 36   0.497356
23 37   0.497356
23 38   0.497356
23 39   0.497356
23 40   0.497356
24 1   0.513046
24 2   0.513046
24 3   0.513046
24 4   0.513046
24 5   0.513046
24 6   0.513046
24 7   0.513046
24 8   0.513046
24 9   0.513046
24 10   0.513046
24 11   0.513046
24 12   0.513046
24 13   0.513046
24 14   0.513046
24 15   0.513046
24 16   0.513046
24 17   0.513046
24 18   0.513046
24 19   0.513046
24 20   0.513046
24 21   0.513046
24 22   0.513046
24 23   0.513046
24 24   0.513046
24 25   0.513046
24 26   0.513046
24 27   0.513046
24 28   0.513046
24 29   0.513046
24 30   0.513046
24 31   0.513046
24 32   0.513046
24 33   0.513046
24 34   0.513046
24 35   0.513046
24 36   0.513046
24 37   0.513046
24 38   0.513046
24 39   0.513046
24 40   0.513046
25 1   0.49757
25 2   0.49757
25 3   0.49757
25 4   0.49757
25 5   0.49757
25 6   0.49757
25 7   0.49757
25 8   0.49757
25 9   0.49757
25 10   0.49757
25 11   0.49757
25 12   0.49757
25 13   0.49757
25 14   0.49757
25 15   0.49757
25 16   0.49757
25 17   0.49757
25 18   0.49757
25 19   0.49757
25 20   0.49757
25 21   0.49757
25 22   0.49757
25 23   0.49757
25 24   0.49757
25 25   0.49757
25 26   0.49757
25 27   0.49757
25 28   0.49757
25 29   0.49757
25 30   0.49757
25 31   0.49757
25 32   0.49757
25 33   0.49757
25 34   0.49757
25 35   0.49757
25 36   0.49757
25 37   0.49757
25 38   0.49757
25 39   0.49757
25 40   0.49757
26 1   0.487063
26 2   0.487063
26 3   0.487063
26 4   0.487063
26 5   0.487063
26 6   0.487063
26 7   0.487063
26 8   0.487063
26 9   0.487063
26 10   0.487063
26 11   0.487063
26 12   0.487063
26 13   0.487063
26 14   0.487063
26 15   0.487063
26 16   0.487063
26 17   0.487063
26 18   0.487063
26 19   0.487063
26 20   0.487063
26 21   0.487063
26 22   0.487063
26 23   0.487063
26 24   0.487063
26 25   0.487063
26 26   0.487063
26 27   0.487063
26 28   0.487063
26 29   0.487063
26 30   0.487063
26 31   0.487063
26 32   0.487063
26 33   0.487063
26 34   0.487063
26 35   0.487063
26 36   0.487063
26 37   0.487063
26 38   0.487063
26 39   0.487063
26 40   0.487063
27 1   0.508012
27 2   0.508012
27 3   0.508012
27 4   0.508012
27 5   0.508012
27 6   0.508012
27 7   0.508012
27 8   0.508012
27 9   0.508012
27 10   0.508012
27 11   0.508012
27 12   0.508012
27 13   0.508012
27 14   0.508012
27 15   0.508012
27 16   0.508012
27 17   0.508012
27 18   0.508012
27 19   0.508012
27 20   0.508012
27 21   0.508012
27 22   0.508012
27 23   0.508012
27 24   0.508012
27 25   0.508012
27 26   0.508012
27 27   0.508012
27 28   0.508012
27 29   0.508012
27 30   0.508012
27 31   0.508012
27 32   0.508012
27 33   0.508012
27 34   0.508012
27 35   0.508012
27 36   0.508012
27 37   0.508012
27 38   0.508012
27 39   0.508012
27 40   0.508012
28 1   0.509282
28 2   0.509282
28 3   0.509282
28 4   0.509282
28 5   0.509282
28 6   0.509282
28 7   0.509282
28 8   0.509282
28 9   0.509282
28 10   0.509282
28 11   0.509282
28 12   0.509282
28 13   0.509282
28 14   0.509282
28 15   0.509282
28 16   0.509282
28 17   0.509282
28 18   0.509282
28 19   0.509282
28 20   0.509282
28 21   0.509282
28 22   0.509282
28 23   0.509282
28 24   0.509282
28 25   0.509282
28 26   0.509282
28 27   0.509282
28 28   0.509282
28 29   0.509282
28 30   0.509282
28 31   0.509282
28 32   0.509282
28 33   0.509282
28 34   0.509282
28 35   0.509282
28 36   0.509282
28 37   0.509282
28 38   0.509282
28 39   0.509282
28 40   0.509282
29 1   0.495306
29 2   0.495306
29 3   0.495306
29 4   0.495306
29 5   0.495306
29 6   0.495306
29 7   0.495306
29 8   0.495306
29 9   0.495306
29 10   0.495306
29 11   0.495306
29 12   0.495306
29 13   0.495306
29 14   0.495306
29 15   0.495306
29 16   0.495306
29 17   0.495306
29 18   0.495306
29 19   0.495306
29 20   0.495306
29 21   0.495306
29 22   0.495306
29 23   0.495306
29 24   0.495306
29 25   0.495306
29 26   0.495306
29 27   0.495306
29 28   0.495306
29 29   0.495306
29 30   0.495306
29 31   0.495306
29 32   0.495306
29 33   0.495306
29 34   0.495306
29 35   0.495306
29 36   0.495306
29 37   0.495306
29 38   0.495306
29 39   0.495306
29 40   0.495306
30 1   0.483893
30 2   0.483893
30 3   0.483893
30 4   0.483893
30 5   0.483893
30 6   0.483893
30 7   0.483893
30 8   0.483893
30 9   0.483893
30 10   0.483893
30 11   0.483893
30 12   0.483893
30 13   0.483893
30 14   0.483893
30 15   0.483893
30 16   0.483893
30 17   0.483893
30 18   0.483893
30 19   0.483893
30 20   0.483893
30 21   0.483893
30 22   0.483893
30 23   0.483893
30 24   0.483893
30 25   0.483893
30 26   0.483893
30 27   0.483893
30 28   0.483893
30 29   0.483893
30 30   0.483893
30 31   0.483893
30 32   0.483893
30 33   0.483893
30 34   0.483893
30 35   0.483893
30 36   0.483893
30 37   0.483893
30 38   0.483893
30 39   0.483893
30 40   0.483893
31 1   0.50296
31 2   0.50296
31 3   0.50296
31 4   0.50296
31 5   0.50296
31 6   0.50296
31 7   0.50296
31 8   0.50296
31 9   0.50296
31 10   0.50296
31 11   0.50296
31 12   0.50296
31 13   0.50296
31 14   0.50296
31 15   0.50296
31 16   0.50296
31 17   0.50296
31 18   0.50296
31 19   0.50296
31 20   0.50296
31 21   0.50296
31 22   0.50296
31 23   0.50296
31 24   0.50296
31 25   0.50296
31 26   0.50296
31 27   0.50296
31 28   0.50296
31 29   0.50296
31 30   0.50296
31 31   0.50296
31 32   0.50296
31 33   0.50296
31 34   0.50296
31 35   0.50296
31 36   0.50296
31 37   0.50296
31 38   0.50296
31 39   0.50296
31 40   0.50296
32 1   0.525626
32 2   0.525626
32 3   0.525626
32 4   0.525626
32 5   0.525626
32 6   0.525626
32 7   0.525626
32 8   0.525626
32 9   0.525626
32 10   0.525626
32 11   0.525626
32 12   0.525626
32 13   0.525626
32 14   0.525626
32 15   0.525626
32 16   0.525626
32 17   0.525626
32 18   0.525626
32 19   0.525626
32 20   0.525626
32 21   0.525626
32 22   0.525626
32 23   0.525626
32 24   0.525626
32 25   0.525626
32 26   0.525626
32 27   0.525626
32 28   0.525626
32 29   0.525626
32 30   0.525626
32 31   0.525626
32 32   0.525626
32 33   0.525626
32 34   0.525626
32 35   0.525626
32 36   0.525626
32 37   0.525626
32 38   0.525626
32 39   0.525626
32 40   0.525626
33 1   0.485594
33 2   0.485594
33 3   0.485594
33 4   0.485594
33 5   0.485594
33 6   0.485594
33 7   0.485594
33 8   0.485594
33 9   0.485594
33 10   0.485594
33 11   0.485594
33 12   0.485594
33 13   0.485594
33 14   0.485594
33 15   0.485594
33 16   0.485594
33 17   0.485594
33 18   0.485594
33 19   0.485594
33 20   0.485594
33 21   0.485594
33 22   0.485594
33 23   0.485594
33 24   0.485594
33 25   0.485594
33 26   0.485594
33 27   0.485594
33 28   0.485594
33 29   0.485594
33 30   0.485594
33 31   0.485594
33 32   0.485594
33 33   0.485594
33 34   0.485594
33 35   0.485594
33 36   0.485594
33 37   0.485594
33 38   0.485594
33 39   0.485594
33 40   0.485594
34 1   0.446661
34 2   0.446661
34 3   0.446661
34 4   0.446661
34 5   0.446661
34 6   0.446661
34 7   0.446661
34 8   0.446661
34 9   0.446661
34 10   0.446661
34 11   0.446661
34 12   0.446661
34 13   0.446661
34 14   0.446661
34 15   0.446661
34 16   0.446661
34 17   0.446661
34 18   0.446661
34 19   0.446661
34 20   0.446661
34 21   0.446661
34 22   0.446661
34 23   0.446661
34 24   0.446661
34 25   0.446661
34 26   0.446661
34 27   0.446661
34 28   0.446661
34 29   0.446661
34 30   0.446661
34 31   0.446661
34 32   0.446661
34 33   0.446661
34 34   0.446661
34 35   0.446661
34 36   0.446661
34 37   0.446661
34 38   0.446661
34 39   0.446661
34 40   0.446661
35 1   0.445377
35 2   0.445377
35 3   0.445377
35 4   0.445377
35 5   0.445377
35 6   0.445377
35 7   0.445377
35 8   0.445377
35 9   0.445377
35 10   0.445377
35 11   0.445377
35 12   0.445377
35 13   0.445377
35 14   0.445377
35 15   0.445377
35 16   0.445377
35 17   0.445377
35 18   0.445377
35 19   0.445377
35 20   0.445377
35 21   0.445377
35 22   0.445377
35 23   0.445377
35 24   0.445377
35 25   0.445377
35 26   0.445377
35 27   0.445377
35 28   0.445377
35 29   0.445377
35 30   0.445377
35 31   0.445377
35 32   0.445377
35 33   0.445377
35 34   0.445377
35 35   0.445377
35 36   0.445377
35 37   0.445377
35 38   0.445377
35 39   0.445377
35 40   0.445377
36 1   0.445241
36 2   0.445241
36 3   0.445241
36 4   0.445241
36 5   0.445241
36 6   0.445241
36 7   0.445241
36 8   0.445241
36 9   0.445241
36 10   0.445241
36 11   0.445241
36 12   0.445241
36 13   0.445241
36 14   0.445241
36 15   0.445241
36 16   0.445241
36 17   0.445241
36 18   0.445241
36 19   0.445241
36 20   0.445241
36 21   0.445241
36 22   0.445241
36 23   0.445241
36 24   0.445241
36 25   0.445241
36 26   0.445241
36 27   0.445241
36 28   0.445241
36 29   0.445241
36 30   0.445241
36 31   0.445241
36 32   0.445241
36 33   0.445241
36 34   0.445241
36 35   0.445241
36 36   0.445241
36 37   0.445241
36 38   0.445241
36 39   0.445241
36 40   0.445241
37 1   0.376858
37 2   0.376858
37 3   0.376858
37 4   0.376858
37 5   0.376858
37 6   0.376858
37 7   0.376858
37 8   0.376858
37 9   0.376858
37 10   0.376858
37 11   0.376858
37 12   0.376858
37 13   0.376858
37 14   0.376858
37 15   0.376858
37 16   0.376858
37 17   0.376858
37 18   0.376858
37 19   0.376858
37 20   0.376858
37 21   0.376858
37 22   0.376858
37 23   0.376858
37 24   0.376858
37 25   0.376858
37 26   0.376858
37 27   0.376858
37 28   0.376858
37 29   0.376858
37 30   0.376858
37 31   0.376858
37 32   0.376858
37 33   0.376858
37 34   0.376858
37 35   0.376858
37 36   0.376858
37 37   0.376858
37 38   0.376858
37 39   0.376858
37 40   0.376858
38 1   0.214268
38 2   0.214268
38 3   0.214268
38 4   0.214268
38 5   0.214268
38 6   0.214268
38 7   0.214268
38 8   0.214268
38 9   0.214268
38 10   0.214268
38 11   0.214268
38 12   0.214268
38 13   0.214268
38 14   0.214268
38 15   0.214268
38 16   0.214268
38 17   0.214268
38 18   0.214268
38 19   0.214268
38 20   0.214268
38 21   0.214268
38 22   0.214268
38 23   0.214268
38 24   0.214268
38 25   0.214268
38 26   0.214268
38 27   0.214268
38 28   0.214268
38 29   0.214268
38 30   0.214268
38 31   0.214268
38 32   0.214268
38 33   0.214268
38 34   0.214268
38 35   0.214268
38 36   0.214268
38 37   0.214268
38 38   0.214268
38 39   0.214268
38 40   0.214268
39 1   0.014615
39 2   0.014615
39 3   0.014615
39 4   0.014615
39 5   0.014615
39 6   0.014615
39 7   0.014615
39 8   0.014615
39 9   0.014615
39 10   0.014615
39 11   0.014615
39 12   0.014615
39 13   0.014615
39 14   0.014615
39 15   0.014615
39 16   0.014615
39 17   0.014615
39 18   0.014615
39 19   0.014615
39 20   0.014615
39 21   0.014615
39 22   0.014615
39 23   0.014615
39 24   0.014615
39 25   0.014615
39 26   0.014615
39 27   0.014615
39 28   0.014615
39 29   0.014615
39 30   0.014615
39 31   0.014615
39 32   0.014615
39 33   0.014615
39 34   0.014615
39 35   0.014615
39 36   0.014615
39 37   0.014615
39 38   0.014615
39 39   0.014615
39 40   0.014615
40 1   -0.116808
40 2   -0.116808
40 3   -0.116808
40 4   -0.116808
40 5   -0.116808
40 6   -0.116808
40 7   -0.116808
40 8   -0.116808
40 9   -0.116808
40 10   -0.116808
40 11   -0.116808
40 12   -0.116808
40 13   -0.116808
40 14   -0.116808
40 15   -0.116808
40 16   -0.116808
40 17   -0.116808
40 18   -0.116808
40 19   -0.116808
40 20   -0.116808
40 21   -0.116808
40 22   -0.116808
40 23   -0.116808
40 24   -0.116808
40 25   -0.116808
40 26   -0.116808
40 27   -0.116808
40 28   -0.116808
40 29   -0.116808
40 30   -0.116808
40 31   -0.116808
40 32   -0.116808
40 33   -0.116808
40 34   -0.116808
40 35   -0.116808
40 36   -0.116808
40 37   -0.116808
40 38   -0.116808
40 39   -0.116808
40 40   -0.116808
