1 1   -0.00301534
1 2   -0.00301534
1 3   -0.00301534
1 4   -0.00301534
1 5   -0.00301534
1 6   -0.00301534
1 7   -0.00301534
1 8   -0.00301534
1 9   -0.00301534
1 10   -0.00301534
1 11   -0.00301534
1 12   -0.00301534
1 13   -0.00301534
1 14   -0.00301534
1 15   -0.00301534
1 16   -0.00301534
1 17   -0.00301534
1 18   -0.00301534
1 19   -0.00301534
1 20   -0.00301534
1 21   -0.00301534
1 22   -0.00301534
1 23   -0.00301534
1 24   -0.00301534
1 25   -0.00301534
1 26   -0.00301534
1 27   -0.00301534
1 28   -0.00301534
1 29   -0.00301534
1 30   -0.00301534
1 31   -0.00301534
1 32   -0.00301534
1 33   -0.00301534
1 34   -0.00301534
1 35   -0.00301534
1 36   -0.00301534
1 37   -0.00301534
1 38   -0.00301534
1 39   -0.00301534
1 40   -0.00301534
2 1   0.00147966
2 2   0.00147966
2 3   0.00147966
2 4   0.00147966
2 5   0.00147966
2 6   0.00147966
2 7   0.00147966
2 8   0.00147966
2 9   0.00147966
2 10   0.00147966
2 11   0.00147966
2 12   0.00147966
2 13   0.00147966
2 14   0.00147966
2 15   0.00147966
2 16   0.00147966
2 17   0.00147966
2 18   0.00147966
2 19   0.00147966
2 20   0.00147966
2 21   0.00147966
2 22   0.00147966
2 23   0.00147966
2 24   0.00147966
2 25   0.00147966
2 26   0.00147966
2 27   0.00147966
2 28   0.00147966
2 29   0.00147966
2 30   0.00147966
2 31   0.00147966
2 32   0.00147966
2 33   0.00147966
2 34   0.00147966
2 35   0.00147966
2 36   0.00147966
2 37   0.00147966
2 38   0.00147966
2 39   0.00147966
2 40   0.00147966
3 1   0.00682487
3 2   0.00682487
3 3   0.00682487
3 4   0.00682487
3 5   0.00682487
3 6   0.00682487
3 7   0.00682487
3 8   0.00682487
3 9   0.00682487
3 10   0.00682487
3 11   0.00682487
3 12   0.00682487
3 13   0.00682487
3 14   0.00682487
3 15   0.00682487
3 16   0.00682487
3 17   0.00682487
3 18   0.00682487
3 19   0.00682487
3 20   0.00682487
3 21   0.00682487
3 22   0.00682487
3 23   0.00682487
3 24   0.00682487
3 25   0.00682487
3 26   0.00682487
3 27   0.00682487
3 28   0.00682487
3 29   0.00682487
3 30   0.00682487
3 31   0.00682487
3 32   0.00682487
3 33   0.00682487
3 34   0.00682487
3 35   0.00682487
3 36   0.00682487
3 37   0.00682487
3 38   0.00682487
3 39   0.00682487
3 40   0.00682487
4 1   0.0097325
4 2   0.0097325
4 3   0.0097325
4 4   0.0097325
4 5   0.0097325
4 6   0.0097325
4 7   0.0097325
4 8   0.0097325
4 9   0.0097325
4 10   0.0097325
4 11   0.0097325
4 12   0.0097325
4 13   0.0097325
4 14   0.0097325
4 15   0.0097325
4 16   0.0097325
4 17   0.0097325
4 18   0.0097325
4 19   0.0097325
4 20   0.0097325
4 21   0.0097325
4 22   0.0097325
4 23   0.0097325
4 24   0.0097325
4 25   0.0097325
4 26   0.0097325
4 27   0.0097325
4 28   0.0097325
4 29   0.0097325
4 30   0.0097325
4 31   0.0097325
4 32   0.0097325
4 33   0.0097325
4 34   0.0097325
4 35   0.0097325
4 36   0.0097325
4 37   0.0097325
4 38   0.0097325
4 39   0.0097325
4 40   0.0097325
5 1   0.0103811
5 2   0.0103811
5 3   0.0103811
5 4   0.0103811
5 5   0.0103811
5 6   0.0103811
5 7   0.0103811
5 8   0.0103811
5 9   0.0103811
5 10   0.0103811
5 11   0.0103811
5 12   0.0103811
5 13   0.0103811
5 14   0.0103811
5 15   0.0103811
5 16   0.0103811
5 17   0.0103811
5 18   0.0103811
5 19   0.0103811
5 20   0.0103811
5 21   0.0103811
5 22   0.0103811
5 23   0.0103811
5 24   0.0103811
5 25   0.0103811
5 26   0.0103811
5 27   0.0103811
5 28   0.0103811
5 29   0.0103811
5 30   0.0103811
5 31   0.0103811
5 32   0.0103811
5 33   0.0103811
5 34   0.0103811
5 35   0.0103811
5 36   0.0103811
5 37   0.0103811
5 38   0.0103811
5 39   0.0103811
5 40   0.0103811
6 1   0.0119316
6 2   0.0119316
6 3   0.0119316
6 4   0.0119316
6 5   0.0119316
6 6   0.0119316
6 7   0.0119316
6 8   0.0119316
6 9   0.0119316
6 10   0.0119316
6 11   0.0119316
6 12   0.0119316
6 13   0.0119316
6 14   0.0119316
6 15   0.0119316
6 16   0.0119316
6 17   0.0119316
6 18   0.0119316
6 19   0.0119316
6 20   0.0119316
6 21   0.0119316
6 22   0.0119316
6 23   0.0119316
6 24   0.0119316
6 25   0.0119316
6 26   0.0119316
6 27   0.0119316
6 28   0.0119316
6 29   0.0119316
6 30   0.0119316
6 31   0.0119316
6 32   0.0119316
6 33   0.0119316
6 34   0.0119316
6 35   0.0119316
6 36   0.0119316
6 37   0.0119316
6 38   0.0119316
6 39   0.0119316
6 40   0.0119316
7 1   0.0186102
7 2   0.0186102
7 3   0.0186102
7 4   0.0186102
7 5   0.0186102
7 6   0.0186102
7 7   0.0186102
7 8   0.0186102
7 9   0.0186102
7 10   0.0186102
7 11   0.0186102
7 12   0.0186102
7 13   0.0186102
7 14   0.0186102
7 15   0.0186102
7 16   0.0186102
7 17   0.0186102
7 18   0.0186102
7 19   0.0186102
7 20   0.0186102
7 21   0.0186102
7 22   0.0186102
7 23   0.0186102
7 24   0.0186102
7 25   0.0186102
7 26   0.0186102
7 27   0.0186102
7 28   0.0186102
7 29   0.0186102
7 30   0.0186102
7 31   0.0186102
7 32   0.0186102
7 33   0.0186102
7 34   0.0186102
7 35   0.0186102
7 36   0.0186102
7 37   0.0186102
7 38   0.0186102
7 39   0.0186102
7 40   0.0186102
8 1   0.0343484
8 2   0.0343484
8 3   0.0343484
8 4   0.0343484
8 5   0.0343484
8 6   0.0343484
8 7   0.0343484
8 8   0.0343484
8 9   0.0343484
8 10   0.0343484
8 11   0.0343484
8 12   0.0343484
8 13   0.0343484
8 14   0.0343484
8 15   0.0343484
8 16   0.0343484
8 17   0.0343484
8 18   0.0343484
8 19   0.0343484
8 20   0.0343484
8 21   0.0343484
8 22   0.0343484
8 23   0.0343484
8 24   0.0343484
8 25   0.0343484
8 26   0.0343484
8 27   0.0343484
8 28   0.0343484
8 29   0.0343484
8 30   0.0343484
8 31   0.0343484
8 32   0.0343484
8 33   0.0343484
8 34   0.0343484
8 35   0.0343484
8 36   0.0343484
8 37   0.0343484
8 38   0.0343484
8 39   0.0343484
8 40   0.0343484
9 1   0.061147
9 2   0.061147
9 3   0.061147
9 4   0.061147
9 5   0.061147
9 6   0.061147
9 7   0.061147
9 8   0.061147
9 9   0.061147
9 10   0.061147
9 11   0.061147
9 12   0.061147
9 13   0.061147
9 14   0.061147
9 15   0.061147
9 16   0.061147
9 17   0.061147
9 18   0.061147
9 19   0.061147
9 20   0.061147
9 21   0.061147
9 22   0.061147
9 23   0.061147
9 24   0.061147
9 25   0.061147
9 26   0.061147
9 27   0.061147
9 28   0.061147
9 29   0.061147
9 30   0.061147
9 31   0.061147
9 32   0.061147
9 33   0.061147
9 34   0.061147
9 35   0.061147
9 36   0.061147
9 37   0.061147
9 38   0.061147
9 39   0.061147
9 40   0.061147
10 1   0.0975504
10 2   0.0975504
10 3   0.0975504
10 4   0.0975504
10 5   0.0975504
10 6   0.0975504
10 7   0.0975504
10 8   0.0975504
10 9   0.0975504
10 10   0.0975504
10 11   0.0975504
10 12   0.0975504
10 13   0.0975504
10 14   0.0975504
10 15   0.0975504
10 16   0.0975504
10 17   0.0975504
10 18   0.0975504
10 19   0.0975504
10 20   0.0975504
10 21   0.0975504
10 22   0.0975504
10 23   0.0975504
10 24   0.0975504
10 25   0.0975504
10 26   0.0975504
10 27   0.0975504
10 28   0.0975504
10 29   0.0975504
10 30   0.0975504
10 31   0.0975504
10 32   0.0975504
10 33   0.0975504
10 34   0.0975504
10 35   0.0975504
10 36   0.0975504
10 37   0.0975504
10 38   0.0975504
10 39   0.0975504
10 40   0.0975504
11 1   0.139842
11 2   0.139842
11 3   0.139842
11 4   0.139842
11 5   0.139842
11 6   0.139842
11 7   0.139842
11 8   0.139842
11 9   0.139842
11 10   0.139842
11 11   0.139842
11 12   0.139842
11 13   0.139842
11 14   0.139842
11 15   0.139842
11 16   0.139842
11 17   0.139842
11 18   0.139842
11 19   0.139842
11 20   0.139842
11 21   0.139842
11 22   0.139842
11 23   0.139842
11 24   0.139842
11 25   0.139842
11 26   0.139842
11 27   0.139842
11 28   0.139842
11 29   0.139842
11 30   0.139842
11 31   0.139842
11 32   0.139842
11 33   0.139842
11 34   0.139842
11 35   0.139842
11 36   0.139842
11 37   0.139842
11 38   0.139842
11 39   0.139842
11 40   0.139842
12 1   0.185676
12 2   0.185676
12 3   0.185676
12 4   0.185676
12 5   0.185676
12 6   0.185676
12 7   0.185676
12 8   0.185676
12 9   0.185676
12 10   0.185676
12 11   0.185676
12 12   0.185676
12 13   0.185676
12 14   0.185676
12 15   0.185676
12 16   0.185676
12 17   0.185676
12 18   0.185676
12 19   0.185676
12 20   0.185676
12 21   0.185676
12 22   0.185676
12 23   0.185676
12 24   0.185676
12 25   0.185676
12 26   0.185676
12 27   0.185676
12 28   0.185676
12 29   0.185676
12 30   0.185676
12 31   0.185676
12 32   0.185676
12 33   0.185676
12 34   0.185676
12 35   0.185676
12 36   0.185676
12 37   0.185676
12 38   0.185676
12 39   0.185676
12 40   0.185676
13 1   0.236417
13 2   0.236417
13 3   0.236417
13 4   0.236417
13 5   0.236417
13 6   0.236417
13 7   0.236417
13 8   0.236417
13 9   0.236417
13 10   0.236417
13 11   0.236417
13 12   0.236417
13 13   0.236417
13 14   0.236417
13 15   0.236417
13 16   0.236417
13 17   0.236417
13 18   0.236417
13 19   0.236417
13 20   0.236417
13 21   0.236417
13 22   0.236417
13 23   0.236417
13 24   0.236417
13 25   0.236417
13 26   0.236417
13 27   0.236417
13 28   0.236417
13 29   0.236417
13 30   0.236417
13 31   0.236417
13 32   0.236417
13 33   0.236417
13 34   0.236417
13 35   0.236417
13 36   0.236417
13 37   0.236417
13 38   0.236417
13 39   0.236417
13 40   0.236417
14 1   0.296068
14 2   0.296068
14 3   0.296068
14 4   0.296068
14 5   0.296068
14 6   0.296068
14 7   0.296068
14 8   0.296068
14 9   0.296068
14 10   0.296068
14 11   0.296068
14 12   0.296068
14 13   0.296068
14 14   0.296068
14 15   0.296068
14 16   0.296068
14 17   0.296068
14 18   0.296068
14 19   0.296068
14 20   0.296068
14 21   0.296068
14 22   0.296068
14 23   0.296068
14 24   0.296068
14 25   0.296068
14 26   0.296068
14 27   0.296068
14 28   0.296068
14 29   0.296068
14 30   0.296068
14 31   0.296068
14 32   0.296068
14 33   0.296068
14 34   0.296068
14 35   0.296068
14 36   0.296068
14 37   0.296068
14 38   0.296068
14 39   0.296068
14 40   0.296068
15 1   0.367355
15 2   0.367355
15 3   0.367355
15 4   0.367355
15 5   0.367355
15 6   0.367355
15 7   0.367355
15 8   0.367355
15 9   0.367355
15 10   0.367355
15 11   0.367355
15 12   0.367355
15 13   0.367355
15 14   0.367355
15 15   0.367355
15 16   0.367355
15 17   0.367355
15 18   0.367355
15 19   0.367355
15 20   0.367355
15 21   0.367355
15 22   0.367355
15 23   0.367355
15 24   0.367355
15 25   0.367355
15 26   0.367355
15 27   0.367355
15 28   0.367355
15 29   0.367355
15 30   0.367355
15 31   0.367355
15 32   0.367355
15 33   0.367355
15 34   0.367355
15 35   0.367355
15 36   0.367355
15 37   0.367355
15 38   0.367355
15 39   0.367355
15 40   0.367355
16 1   0.446792
16 2   0.446792
16 3   0.446792
16 4   0.446792
16 5   0.446792
16 6   0.446792
16 7   0.446792
16 8   0.446792
16 9   0.446792
16 10   0.446792
16 11   0.446792
16 12   0.446792
16 13   0.446792
16 14   0.446792
16 15   0.446792
16 16   0.446792
16 17   0.446792
16 18   0.446792
16 19   0.446792
16 20   0.446792
16 21   0.446792
16 22   0.446792
16 23   0.446792
16 24   0.446792
16 25   0.446792
16 26   0.446792
16 27   0.446792
16 28   0.446792
16 29   0.446792
16 30   0.446792
16 31   0.446792
16 32   0.446792
16 33   0.446792
16 34   0.446792
16 35   0.446792
16 36   0.446792
16 37   0.446792
16 38   0.446792
16 39   0.446792
16 40   0.446792
17 1   0.52229
17 2   0.52229
17 3   0.52229
17 4   0.52229
17 5   0.52229
17 6   0.52229
17 7   0.52229
17 8   0.52229
17 9   0.52229
17 10   0.52229
17 11   0.52229
17 12   0.52229
17 13   0.52229
17 14   0.52229
17 15   0.52229
17 16   0.52229
17 17   0.52229
17 18   0.52229
17 19   0.52229
17 20   0.52229
17 21   0.52229
17 22   0.52229
17 23   0.52229
17 24   0.52229
17 25   0.52229
17 26   0.52229
17 27   0.52229
17 28   0.52229
17 29   0.52229
17 30   0.52229
17 31   0.52229
17 32   0.52229
17 33   0.52229
17 34   0.52229
17 35   0.52229
17 36   0.52229
17 37   0.52229
17 38   0.52229
17 39   0.52229
17 40   0.52229
18 1   0.576679
18 2   0.576679
18 3   0.576679
18 4   0.576679
18 5   0.576679
18 6   0.576679
18 7   0.576679
18 8   0.576679
18 9   0.576679
18 10   0.576679
18 11   0.576679
18 12   0.576679
18 13   0.576679
18 14   0.576679
18 15   0.576679
18 16   0.576679
18 17   0.576679
18 18   0.576679
18 19   0.576679
18 20   0.576679
18 21   0.576679
18 22   0.576679
18 23   0.576679
18 24   0.576679
18 25   0.576679
18 26   0.576679
18 27   0.576679
18 28   0.576679
18 29   0.576679
18 30   0.576679
18 31   0.576679
18 32   0.576679
18 33   0.576679
18 34   0.576679
18 35   0.576679
18 36   0.576679
18 37   0.576679
18 38   0.576679
18 39   0.576679
18 40   0.576679
19 1   0.595986
19 2   0.595986
19 3   0.595986
19 4   0.595986
19 5   0.595986
19 6   0.595986
19 7   0.595986
19 8   0.595986
19 9   0.595986
19 10   0.595986
19 11   0.595986
19 12   0.595986
19 13   0.595986
19 14   0.595986
19 15   0.595986
19 16   0.595986
19 17   0.595986
19 18   0.595986
19 19   0.595986
19 20   0.595986
19 21   0.595986
19 22   0.595986
19 23   0.595986
19 24   0.595986
19 25   0.595986
19 26   0.595986
19 27   0.595986
19 28   0.595986
19 29   0.595986
19 30   0.595986
19 31   0.595986
19 32   0.595986
19 33   0.595986
19 34   0.595986
19 35   0.595986
19 36   0.595986
19 37   0.595986
19 38   0.595986
19 39   0.595986
19 40   0.595986
20 1   0.576906
20 2   0.576906
20 3   0.576906
20 4   0.576906
20 5   0.576906
20 6   0.576906
20 7   0.576906
20 8   0.576906
20 9   0.576906
20 10   0.576906
20 11   0.576906
20 12   0.576906
20 13   0.576906
20 14   0.576906
20 15   0.576906
20 16   0.576906
20 17   0.576906
20 18   0.576906
20 19   0.576906
20 20   0.576906
20 21   0.576906
20 22   0.576906
20 23   0.576906
20 24   0.576906
20 25   0.576906
20 26   0.576906
20 27   0.576906
20 28   0.576906
20 29   0.576906
20 30   0.576906
20 31   0.576906
20 32   0.576906
20 33   0.576906
20 34   0.576906
20 35   0.576906
20 36   0.576906
20 37   0.576906
20 38   0.576906
20 39   0.576906
20 40   0.576906
21 1   0.528895
21 2   0.528895
21 3   0.528895
21 4   0.528895
21 5   0.528895
21 6   0.528895
21 7   0.528895
21 8   0.528895
21 9   0.528895
21 10   0.528895
21 11   0.528895
21 12   0.528895
21 13   0.528895
21 14   0.528895
21 15   0.528895
21 16   0.528895
21 17   0.528895
21 18   0.528895
21 19   0.528895
21 20   0.528895
21 21   0.528895
21 22   0.528895
21 23   0.528895
21 24   0.528895
21 25   0.528895
21 26   0.528895
21 27   0.528895
21 28   0.528895
21 29   0.528895
21 30   0.528895
21 31   0.528895
21 32   0.528895
21 33   0.528895
21 34   0.528895
21 35   0.528895
21 36   0.528895
21 37   0.528895
21 38   0.528895
21 39   0.528895
21 40   0.528895
22 1   0.470615
22 2   0.470615
22 3   0.470615
22 4   0.470615
22 5   0.470615
22 6   0.470615
22 7   0.470615
22 8   0.470615
22 9   0.470615
22 10   0.470615
22 11   0.470615
22 12   0.470615
22 13   0.470615
22 14   0.470615
22 15   0.470615
22 16   0.470615
22 17   0.470615
22 18   0.470615
22 19   0.470615
22 20   0.470615
22 21   0.470615
22 22   0.470615
22 23   0.470615
22 24   0.470615
22 25   0.470615
22 26   0.470615
22 27   0.470615
22 28   0.470615
22 29   0.470615
22 30   0.470615
22 31   0.470615
22 32   0.470615
22 33   0.470615
22 34   0.470615
22 35   0.470615
22 36   0.470615
22 37   0.470615
22 38   0.470615
22 39   0.470615
22 40   0.470615
23 1   0.423458
23 2   0.423458
23 3   0.423458
23 4   0.423458
23 5   0.423458
23 6   0.423458
23 7   0.423458
23 8   0.423458
23 9   0.423458
23 10   0.423458
23 11   0.423458
23 12   0.423458
23 13   0.423458
23 14   0.423458
23 15   0.423458
23 16   0.423458
23 17   0.423458
23 18   0.423458
23 19   0.423458
23 20   0.423458
23 21   0.423458
23 22   0.423458
23 23   0.423458
23 24   0.423458
23 25   0.423458
23 26   0.423458
23 27   0.423458
23 28   0.423458
23 29   0.423458
23 30   0.423458
23 31   0.423458
23 32   0.423458
23 33   0.423458
23 34   0.423458
23 35   0.423458
23 36   0.423458
23 37   0.423458
23 38   0.423458
23 39   0.423458
23 40   0.423458
24 1   0.4049
24 2   0.4049
24 3   0.4049
24 4   0.4049
24 5   0.4049
24 6   0.4049
24 7   0.4049
24 8   0.4049
24 9   0.4049
24 10   0.4049
24 11   0.4049
24 12   0.4049
24 13   0.4049
24 14   0.4049
24 15   0.4049
24 16   0.4049
24 17   0.4049
24 18   0.4049
24 19   0.4049
24 20   0.4049
24 21   0.4049
24 22   0.4049
24 23   0.4049
24 24   0.4049
24 25   0.4049
24 26   0.4049
24 27   0.4049
24 28   0.4049
24 29   0.4049
24 30   0.4049
24 31   0.4049
24 32   0.4049
24 33   0.4049
24 34   0.4049
24 35   0.4049
24 36   0.4049
24 37   0.4049
24 38   0.4049
24 39   0.4049
24 40   0.4049
25 1   0.423599
25 2   0.423599
25 3   0.423599
25 4   0.423599
25 5   0.423599
25 6   0.423599
25 7   0.423599
25 8   0.423599
25 9   0.423599
25 10   0.423599
25 11   0.423599
25 12   0.423599
25 13   0.423599
25 14   0.423599
25 15   0.423599
25 16   0.423599
25 17   0.423599
25 18   0.423599
25 19   0.423599
25 20   0.423599
25 21   0.423599
25 22   0.423599
25 23   0.423599
25 24   0.423599
25 25   0.423599
25 26   0.423599
25 27   0.423599
25 28   0.423599
25 29   0.423599
25 30   0.423599
25 31   0.423599
25 32   0.423599
25 33   0.423599
25 34   0.423599
25 35   0.423599
25 36   0.423599
25 37   0.423599
25 38   0.423599
25 39   0.423599
25 40   0.423599
26 1   0.477031
26 2   0.477031
26 3   0.477031
26 4   0.477031
26 5   0.477031
26 6   0.477031
26 7   0.477031
26 8   0.477031
26 9   0.477031
26 10   0.477031
26 11   0.477031
26 12   0.477031
26 13   0.477031
26 14   0.477031
26 15   0.477031
26 16   0.477031
26 17   0.477031
26 18   0.477031
26 19   0.477031
26 20   0.477031
26 21   0.477031
26 22   0.477031
26 23   0.477031
26 24   0.477031
26 25   0.477031
26 26   0.477031
26 27   0.477031
26 28   0.477031
26 29   0.477031
26 30   0.477031
26 31   0.477031
26 32   0.477031
26 33   0.477031
26 34   0.477031
26 35   0.477031
26 36   0.477031
26 37   0.477031
26 38   0.477031
26 39   0.477031
26 40   0.477031
27 1   0.552597
27 2   0.552597
27 3   0.552597
27 4   0.552597
27 5   0.552597
27 6   0.552597
27 7   0.552597
27 8   0.552597
27 9   0.552597
27 10   0.552597
27 11   0.552597
27 12   0.552597
27 13   0.552597
27 14   0.552597
27 15   0.552597
27 16   0.552597
27 17   0.552597
27 18   0.552597
27 19   0.552597
27 20   0.552597
27 21   0.552597
27 22   0.552597
27 23   0.552597
27 24   0.552597
27 25   0.552597
27 26   0.552597
27 27   0.552597
27 28   0.552597
27 29   0.552597
27 30   0.552597
27 31   0.552597
27 32   0.552597
27 33   0.552597
27 34   0.552597
27 35   0.552597
27 36   0.552597
27 37   0.552597
27 38   0.552597
27 39   0.552597
27 40   0.552597
28 1   0.633188
28 2   0.633188
28 3   0.633188
28 4   0.633188
28 5   0.633188
28 6   0.633188
28 7   0.633188
28 8   0.633188
28 9   0.633188
28 10   0.633188
28 11   0.633188
28 12   0.633188
28 13   0.633188
28 14   0.633188
28 15   0.633188
28 16   0.633188
28 17   0.633188
28 18   0.633188
28 19   0.633188
28 20   0.633188
28 21   0.633188
28 22   0.633188
28 23   0.633188
28 24   0.633188
28 25   0.633188
28 26   0.633188
28 27   0.633188
28 28   0.633188
28 29   0.633188
28 30   0.633188
28 31   0.633188
28 32   0.633188
28 33   0.633188
28 34   0.633188
28 35   0.633188
28 36   0.633188
28 37   0.633188
28 38   0.633188
28 39   0.633188
28 40   0.633188
29 1   0.705215
29 2   0.705215
29 3   0.705215
29 4   0.705215
29 5   0.705215
29 6   0.705215
29 7   0.705215
29 8   0.705215
29 9   0.705215
29 10   0.705215
29 11   0.705215
29 12   0.705215
29 13   0.705215
29 14   0.705215
29 15   0.705215
29 16   0.705215
29 17   0.705215
29 18   0.705215
29 19   0.705215
29 20   0.705215
29 21   0.705215
29 22   0.705215
29 23   0.705215
29 24   0.705215
29 25   0.705215
29 26   0.705215
29 27   0.705215
29 28   0.705215
29 29   0.705215
29 30   0.705215
29 31   0.705215
29 32   0.705215
29 33   0.705215
29 34   0.705215
29 35   0.705215
29 36   0.705215
29 37   0.705215
29 38   0.705215
29 39   0.705215
29 40   0.705215
30 1   0.764013
30 2   0.764013
30 3   0.764013
30 4   0.764013
30 5   0.764013
30 6   0.764013
30 7   0.764013
30 8   0.764013
30 9   0.764013
30 10   0.764013
30 11   0.764013
30 12   0.764013
30 13   0.764013
30 14   0.764013
30 15   0.764013
30 16   0.764013
30 17   0.764013
30 18   0.764013
30 19   0.764013
30 20   0.764013
30 21   0.764013
30 22   0.764013
30 23   0.764013
30 24   0.764013
30 25   0.764013
30 26   0.764013
30 27   0.764013
30 28   0.764013
30 29   0.764013
30 30   0.764013
30 31   0.764013
30 32   0.764013
30 33   0.764013
30 34   0.764013
30 35   0.764013
30 36   0.764013
30 37   0.764013
30 38   0.764013
30 39   0.764013
30 40   0.764013
31 1   0.813169
31 2   0.813169
31 3   0.813169
31 4   0.813169
31 5   0.813169
31 6   0.813169
31 7   0.813169
31 8   0.813169
31 9   0.813169
31 10   0.813169
31 11   0.813169
31 12   0.813169
31 13   0.813169
31 14   0.813169
31 15   0.813169
31 16   0.813169
31 17   0.813169
31 18   0.813169
31 19   0.813169
31 20   0.813169
31 21   0.813169
31 22   0.813169
31 23   0.813169
31 24   0.813169
31 25   0.813169
31 26   0.813169
31 27   0.813169
31 28   0.813169
31 29   0.813169
31 30   0.813169
31 31   0.813169
31 32   0.813169
31 33   0.813169
31 34   0.813169
31 35   0.813169
31 36   0.813169
31 37   0.813169
31 38   0.813169
31 39   0.813169
31 40   0.813169
32 1   0.858834
32 2   0.858834
32 3   0.858834
32 4   0.858834
32 5   0.858834
32 6   0.858834
32 7   0.858834
32 8   0.858834
32 9   0.858834
32 10   0.858834
32 11   0.858834
32 12   0.858834
32 13   0.858834
32 14   0.858834
32 15   0.858834
32 16   0.858834
32 17   0.858834
32 18   0.858834
32 19   0.858834
32 20   0.858834
32 21   0.858834
32 22   0.858834
32 23   0.858834
32 24   0.858834
32 25   0.858834
32 26   0.858834
32 27   0.858834
32 28   0.858834
32 29   0.858834
32 30   0.858834
32 31   0.858834
32 32   0.858834
32 33   0.858834
32 34   0.858834
32 35   0.858834
32 36   0.858834
32 37   0.858834
32 38   0.858834
32 39   0.858834
32 40   0.858834
33 1   0.903005
33 2   0.903005
33 3   0.903005
33 4   0.903005
33 5   0.903005
33 6   0.903005
33 7   0.903005
33 8   0.903005
33 9   0.903005
33 10   0.903005
33 11   0.903005
33 12   0.903005
33 13   0.903005
33 14   0.903005
33 15   0.903005
33 16   0.903005
33 17   0.903005
33 18   0.903005
33 19   0.903005
33 20   0.903005
33 21   0.903005
33 22   0.903005
33 23   0.903005
33 24   0.903005
33 25   0.903005
33 26   0.903005
33 27   0.903005
33 28   0.903005
33 29   0.903005
33 30   0.903005
33 31   0.903005
33 32   0.903005
33 33   0.903005
33 34   0.903005
33 35   0.903005
33 36   0.903005
33 37   0.903005
33 38   0.903005
33 39   0.903005
33 40   0.903005
34 1   0.941164
34 2   0.941164
34 3   0.941164
34 4   0.941164
34 5   0.941164
34 6   0.941164
34 7   0.941164
34 8   0.941164
34 9   0.941164
34 10   0.941164
34 11   0.941164
34 12   0.941164
34 13   0.941164
34 14   0.941164
34 15   0.941164
34 16   0.941164
34 17   0.941164
34 18   0.941164
34 19   0.941164
34 20   0.941164
34 21   0.941164
34 22   0.941164
34 23   0.941164
34 24   0.941164
34 25   0.941164
34 26   0.941164
34 27   0.941164
34 28   0.941164
34 29   0.941164
34 30   0.941164
34 31   0.941164
34 32   0.941164
34 33   0.941164
34 34   0.941164
34 35   0.941164
34 36   0.941164
34 37   0.941164
34 38   0.941164
34 39   0.941164
34 40   0.941164
35 1   0.967046
35 2   0.967046
35 3   0.967046
35 4   0.967046
35 5   0.967046
35 6   0.967046
35 7   0.967046
35 8   0.967046
35 9   0.967046
35 10   0.967046
35 11   0.967046
35 12   0.967046
35 13   0.967046
35 14   0.967046
35 15   0.967046
35 16   0.967046
35 17   0.967046
35 18   0.967046
35 19   0.967046
35 20   0.967046
35 21   0.967046
35 22   0.967046
35 23   0.967046
35 24   0.967046
35 25   0.967046
35 26   0.967046
35 27   0.967046
35 28   0.967046
35 29   0.967046
35 30   0.967046
35 31   0.967046
35 32   0.967046
35 33   0.967046
35 34   0.967046
35 35   0.967046
35 36   0.967046
35 37   0.967046
35 38   0.967046
35 39   0.967046
35 40   0.967046
36 1   0.979698
36 2   0.979698
36 3   0.979698
36 4   0.979698
36 5   0.979698
36 6   0.979698
36 7   0.979698
36 8   0.979698
36 9   0.979698
36 10   0.979698
36 11   0.979698
36 12   0.979698
36 13   0.979698
36 14   0.979698
36 15   0.979698
36 16   0.979698
36 17   0.979698
36 18   0.979698
36 19   0.979698
36 20   0.979698
36 21   0.979698
36 22   0.979698
36 23   0.979698
36 24   0.979698
36 25   0.979698
36 26   0.979698
36 27   0.979698
36 28   0.979698
36 29   0.979698
36 30   0.979698
36 31   0.979698
36 32   0.979698
36 33   0.979698
36 34   0.979698
36 35   0.979698
36 36   0.979698
36 37   0.979698
36 38   0.979698
36 39   0.979698
36 40   0.979698
37 1   0.984654
37 2   0.984654
37 3   0.984654
37 4   0.984654
37 5   0.984654
37 6   0.984654
37 7   0.984654
37 8   0.984654
37 9   0.984654
37 10   0.984654
37 11   0.984654
37 12   0.984654
37 13   0.984654
37 14   0.984654
37 15   0.984654
37 16   0.984654
37 17   0.984654
37 18   0.984654
37 19   0.984654
37 20   0.984654
37 21   0.984654
37 22   0.984654
37 23   0.984654
37 24   0.984654
37 25   0.984654
37 26   0.984654
37 27   0.984654
37 28   0.984654
37 29   0.984654
37 30   0.984654
37 31   0.984654
37 32   0.984654
37 33   0.984654
37 34   0.984654
37 35   0.984654
37 36   0.984654
37 37   0.984654
37 38   0.984654
37 39   0.984654
37 40   0.984654
38 1   0.988376
38 2   0.988376
38 3   0.988376
38 4   0.988376
38 5   0.988376
38 6   0.988376
38 7   0.988376
38 8   0.988376
38 9   0.988376
38 10   0.988376
38 11   0.988376
38 12   0.988376
38 13   0.988376
38 14   0.988376
38 15   0.988376
38 16   0.988376
38 17   0.988376
38 18   0.988376
38 19   0.988376
38 20   0.988376
38 21   0.988376
38 22   0.988376
38 23   0.988376
38 24   0.988376
38 25   0.988376
38 26   0.988376
38 27   0.988376
38 28   0.988376
38 29   0.988376
38 30   0.988376
38 31   0.988376
38 32   0.988376
38 33   0.988376
38 34   0.988376
38 35   0.988376
38 36   0.988376
38 37   0.988376
38 38   0.988376
38 39   0.988376
38 40   0.988376
39 1   0.99303
39 2   0.99303
39 3   0.99303
39 4   0.99303
39 5   0.99303
39 6   0.99303
39 7   0.99303
39 8   0.99303
39 9   0.99303
39 10   0.99303
39 11   0.99303
39 12   0.99303
39 13   0.99303
39 14   0.99303
39 15   0.99303
39 16   0.99303
39 17   0.99303
39 18   0.99303
39 19   0.99303
39 20   0.99303
39 21   0.99303
39 22   0.99303
39 23   0.99303
39 24   0.99303
39 25   0.99303
39 26   0.99303
39 27   0.99303
39 28   0.99303
39 29   0.99303
39 30   0.99303
39 31   0.99303
39 32   0.99303
39 33   0.99303
39 34   0.99303
39 35   0.99303
39 36   0.99303
39 37   0.99303
39 38   0.99303
39 39   0.99303
39 40   0.99303
40 1   0.996611
40 2   0.996611
40 3   0.996611
40 4   0.996611
40 5   0.996611
40 6   0.996611
40 7   0.996611
40 8   0.996611
40 9   0.996611
40 10   0.996611
40 11   0.996611
40 12   0.996611
40 13   0.996611
40 14   0.996611
40 15   0.996611
40 16   0.996611
40 17   0.996611
40 18   0.996611
40 19   0.996611
40 20   0.996611
40 21   0.996611
40 22   0.996611
40 23   0.996611
40 24   0.996611
40 25   0.996611
40 26   0.996611
40 27   0.996611
40 28   0.996611
40 29   0.996611
40 30   0.996611
40 31   0.996611
40 32   0.996611
40 33   0.996611
40 34   0.996611
40 35   0.996611
40 36   0.996611
40 37   0.996611
40 38   0.996611
40 39   0.996611
40 40   0.996611
