1 1   1.01883
1 2   1.01883
1 3   1.01883
1 4   1.01883
1 5   1.01883
1 6   1.01883
1 7   1.01883
1 8   1.01883
1 9   1.01883
1 10   1.01883
1 11   1.01883
1 12   1.01883
1 13   1.01883
1 14   1.01883
1 15   1.01883
1 16   1.01883
1 17   1.01883
1 18   1.01883
1 19   1.01883
1 20   1.01883
1 21   1.01883
1 22   1.01883
1 23   1.01883
1 24   1.01883
1 25   1.01883
1 26   1.01883
1 27   1.01883
1 28   1.01883
1 29   1.01883
1 30   1.01883
1 31   1.01883
1 32   1.01883
1 33   1.01883
1 34   1.01883
1 35   1.01883
1 36   1.01883
1 37   1.01883
1 38   1.01883
1 39   1.01883
1 40   1.01883
2 1   1.03687
2 2   1.03687
2 3   1.03687
2 4   1.03687
2 5   1.03687
2 6   1.03687
2 7   1.03687
2 8   1.03687
2 9   1.03687
2 10   1.03687
2 11   1.03687
2 12   1.03687
2 13   1.03687
2 14   1.03687
2 15   1.03687
2 16   1.03687
2 17   1.03687
2 18   1.03687
2 19   1.03687
2 20   1.03687
2 21   1.03687
2 22   1.03687
2 23   1.03687
2 24   1.03687
2 25   1.03687
2 26   1.03687
2 27   1.03687
2 28   1.03687
2 29   1.03687
2 30   1.03687
2 31   1.03687
2 32   1.03687
2 33   1.03687
2 34   1.03687
2 35   1.03687
2 36   1.03687
2 37   1.03687
2 38   1.03687
2 39   1.03687
2 40   1.03687
3 1   1.05454
3 2   1.05454
3 3   1.05454
3 4   1.05454
3 5   1.05454
3 6   1.05454
3 7   1.05454
3 8   1.05454
3 9   1.05454
3 10   1.05454
3 11   1.05454
3 12   1.05454
3 13   1.05454
3 14   1.05454
3 15   1.05454
3 16   1.05454
3 17   1.05454
3 18   1.05454
3 19   1.05454
3 20   1.05454
3 21   1.05454
3 22   1.05454
3 23   1.05454
3 24   1.05454
3 25   1.05454
3 26   1.05454
3 27   1.05454
3 28   1.05454
3 29   1.05454
3 30   1.05454
3 31   1.05454
3 32   1.05454
3 33   1.05454
3 34   1.05454
3 35   1.05454
3 36   1.05454
3 37   1.05454
3 38   1.05454
3 39   1.05454
3 40   1.05454
4 1   1.0042
4 2   1.0042
4 3   1.0042
4 4   1.0042
4 5   1.0042
4 6   1.0042
4 7   1.0042
4 8   1.0042
4 9   1.0042
4 10   1.0042
4 11   1.0042
4 12   1.0042
4 13   1.0042
4 14   1.0042
4 15   1.0042
4 16   1.0042
4 17   1.0042
4 18   1.0042
4 19   1.0042
4 20   1.0042
4 21   1.0042
4 22   1.0042
4 23   1.0042
4 24   1.0042
4 25   1.0042
4 26   1.0042
4 27   1.0042
4 28   1.0042
4 29   1.0042
4 30   1.0042
4 31   1.0042
4 32   1.0042
4 33   1.0042
4 34   1.0042
4 35   1.0042
4 36   1.0042
4 37   1.0042
4 38   1.0042
4 39   1.0042
4 40   1.0042
5 1   0.885856
5 2   0.885856
5 3   0.885856
5 4   0.885856
5 5   0.885856
5 6   0.885856
5 7   0.885856
5 8   0.885856
5 9   0.885856
5 10   0.885856
5 11   0.885856
5 12   0.885856
5 13   0.885856
5 14   0.885856
5 15   0.885856
5 16   0.885856
5 17   0.885856
5 18   0.885856
5 19   0.885856
5 20   0.885856
5 21   0.885856
5 22   0.885856
5 23   0.885856
5 24   0.885856
5 25   0.885856
5 26   0.885856
5 27   0.885856
5 28   0.885856
5 29   0.885856
5 30   0.885856
5 31   0.885856
5 32   0.885856
5 33   0.885856
5 34   0.885856
5 35   0.885856
5 36   0.885856
5 37   0.885856
5 38   0.885856
5 39   0.885856
5 40   0.885856
6 1   0.724317
6 2   0.724317
6 3   0.724317
6 4   0.724317
6 5   0.724317
6 6   0.724317
6 7   0.724317
6 8   0.724317
6 9   0.724317
6 10   0.724317
6 11   0.724317
6 12   0.724317
6 13   0.724317
6 14   0.724317
6 15   0.724317
6 16   0.724317
6 17   0.724317
6 18   0.724317
6 19   0.724317
6 20   0.724317
6 21   0.724317
6 22   0.724317
6 23   0.724317
6 24   0.724317
6 25   0.724317
6 26   0.724317
6 27   0.724317
6 28   0.724317
6 29   0.724317
6 30   0.724317
6 31   0.724317
6 32   0.724317
6 33   0.724317
6 34   0.724317
6 35   0.724317
6 36   0.724317
6 37   0.724317
6 38   0.724317
6 39   0.724317
6 40   0.724317
7 1   0.61365
7 2   0.61365
7 3   0.61365
7 4   0.61365
7 5   0.61365
7 6   0.61365
7 7   0.61365
7 8   0.61365
7 9   0.61365
7 10   0.61365
7 11   0.61365
7 12   0.61365
7 13   0.61365
7 14   0.61365
7 15   0.61365
7 16   0.61365
7 17   0.61365
7 18   0.61365
7 19   0.61365
7 20   0.61365
7 21   0.61365
7 22   0.61365
7 23   0.61365
7 24   0.61365
7 25   0.61365
7 26   0.61365
7 27   0.61365
7 28   0.61365
7 29   0.61365
7 30   0.61365
7 31   0.61365
7 32   0.61365
7 33   0.61365
7 34   0.61365
7 35   0.61365
7 36   0.61365
7 37   0.61365
7 38   0.61365
7 39   0.61365
7 40   0.61365
8 1   0.575704
8 2   0.575704
8 3   0.575704
8 4   0.575704
8 5   0.575704
8 6   0.575704
8 7   0.575704
8 8   0.575704
8 9   0.575704
8 10   0.575704
8 11   0.575704
8 12   0.575704
8 13   0.575704
8 14   0.575704
8 15   0.575704
8 16   0.575704
8 17   0.575704
8 18   0.575704
8 19   0.575704
8 20   0.575704
8 21   0.575704
8 22   0.575704
8 23   0.575704
8 24   0.575704
8 25   0.575704
8 26   0.575704
8 27   0.575704
8 28   0.575704
8 29   0.575704
8 30   0.575704
8 31   0.575704
8 32   0.575704
8 33   0.575704
8 34   0.575704
8 35   0.575704
8 36   0.575704
8 37   0.575704
8 38   0.575704
8 39   0.575704
8 40   0.575704
9 1   0.551459
9 2   0.551459
9 3   0.551459
9 4   0.551459
9 5   0.551459
9 6   0.551459
9 7   0.551459
9 8   0.551459
9 9   0.551459
9 10   0.551459
9 11   0.551459
9 12   0.551459
9 13   0.551459
9 14   0.551459
9 15   0.551459
9 16   0.551459
9 17   0.551459
9 18   0.551459
9 19   0.551459
9 20   0.551459
9 21   0.551459
9 22   0.551459
9 23   0.551459
9 24   0.551459
9 25   0.551459
9 26   0.551459
9 27   0.551459
9 28   0.551459
9 29   0.551459
9 30   0.551459
9 31   0.551459
9 32   0.551459
9 33   0.551459
9 34   0.551459
9 35   0.551459
9 36   0.551459
9 37   0.551459
9 38   0.551459
9 39   0.551459
9 40   0.551459
10 1   0.515247
10 2   0.515247
10 3   0.515247
10 4   0.515247
10 5   0.515247
10 6   0.515247
10 7   0.515247
10 8   0.515247
10 9   0.515247
10 10   0.515247
10 11   0.515247
10 12   0.515247
10 13   0.515247
10 14   0.515247
10 15   0.515247
10 16   0.515247
10 17   0.515247
10 18   0.515247
10 19   0.515247
10 20   0.515247
10 21   0.515247
10 22   0.515247
10 23   0.515247
10 24   0.515247
10 25   0.515247
10 26   0.515247
10 27   0.515247
10 28   0.515247
10 29   0.515247
10 30   0.515247
10 31   0.515247
10 32   0.515247
10 33   0.515247
10 34   0.515247
10 35   0.515247
10 36   0.515247
10 37   0.515247
10 38   0.515247
10 39   0.515247
10 40   0.515247
11 1   0.492652
11 2   0.492652
11 3   0.492652
11 4   0.492652
11 5   0.492652
11 6   0.492652
11 7   0.492652
11 8   0.492652
11 9   0.492652
11 10   0.492652
11 11   0.492652
11 12   0.492652
11 13   0.492652
11 14   0.492652
11 15   0.492652
11 16   0.492652
11 17   0.492652
11 18   0.492652
11 19   0.492652
11 20   0.492652
11 21   0.492652
11 22   0.492652
11 23   0.492652
11 24   0.492652
11 25   0.492652
11 26   0.492652
11 27   0.492652
11 28   0.492652
11 29   0.492652
11 30   0.492652
11 31   0.492652
11 32   0.492652
11 33   0.492652
11 34   0.492652
11 35   0.492652
11 36   0.492652
11 37   0.492652
11 38   0.492652
11 39   0.492652
11 40   0.492652
12 1   0.502138
12 2   0.502138
12 3   0.502138
12 4   0.502138
12 5   0.502138
12 6   0.502138
12 7   0.502138
12 8   0.502138
12 9   0.502138
12 10   0.502138
12 11   0.502138
12 12   0.502138
12 13   0.502138
12 14   0.502138
12 15   0.502138
12 16   0.502138
12 17   0.502138
12 18   0.502138
12 19   0.502138
12 20   0.502138
12 21   0.502138
12 22   0.502138
12 23   0.502138
12 24   0.502138
12 25   0.502138
12 26   0.502138
12 27   0.502138
12 28   0.502138
12 29   0.502138
12 30   0.502138
12 31   0.502138
12 32   0.502138
12 33   0.502138
12 34   0.502138
12 35   0.502138
12 36   0.502138
12 37   0.502138
12 38   0.502138
12 39   0.502138
12 40   0.502138
13 1   0.514161
13 2   0.514161
13 3   0.514161
13 4   0.514161
13 5   0.514161
13 6   0.514161
13 7   0.514161
13 8   0.514161
13 9   0.514161
13 10   0.514161
13 11   0.514161
13 12   0.514161
13 13   0.514161
13 14   0.514161
13 15   0.514161
13 16   0.514161
13 17   0.514161
13 18   0.514161
13 19   0.514161
13 20   0.514161
13 21   0.514161
13 22   0.514161
13 23   0.514161
13 24   0.514161
13 25   0.514161
13 26   0.514161
13 27   0.514161
13 28   0.514161
13 29   0.514161
13 30   0.514161
13 31   0.514161
13 32   0.514161
13 33   0.514161
13 34   0.514161
13 35   0.514161
13 36   0.514161
13 37   0.514161
13 38   0.514161
13 39   0.514161
13 40   0.514161
14 1   0.495269
14 2   0.495269
14 3   0.495269
14 4   0.495269
14 5   0.495269
14 6   0.495269
14 7   0.495269
14 8   0.495269
14 9   0.495269
14 10   0.495269
14 11   0.495269
14 12   0.495269
14 13   0.495269
14 14   0.495269
14 15   0.495269
14 16   0.495269
14 17   0.495269
14 18   0.495269
14 19   0.495269
14 20   0.495269
14 21   0.495269
14 22   0.495269
14 23   0.495269
14 24   0.495269
14 25   0.495269
14 26   0.495269
14 27   0.495269
14 28   0.495269
14 29   0.495269
14 30   0.495269
14 31   0.495269
14 32   0.495269
14 33   0.495269
14 34   0.495269
14 35   0.495269
14 36   0.495269
14 37   0.495269
14 38   0.495269
14 39   0.495269
14 40   0.495269
15 1   0.489935
15 2   0.489935
15 3   0.489935
15 4   0.489935
15 5   0.489935
15 6   0.489935
15 7   0.489935
15 8   0.489935
15 9   0.489935
15 10   0.489935
15 11   0.489935
15 12   0.489935
15 13   0.489935
15 14   0.489935
15 15   0.489935
15 16   0.489935
15 17   0.489935
15 18   0.489935
15 19   0.489935
15 20   0.489935
15 21   0.489935
15 22   0.489935
15 23   0.489935
15 24   0.489935
15 25   0.489935
15 26   0.489935
15 27   0.489935
15 28   0.489935
15 29   0.489935
15 30   0.489935
15 31   0.489935
15 32   0.489935
15 33   0.489935
15 34   0.489935
15 35   0.489935
15 36   0.489935
15 37   0.489935
15 38   0.489935
15 39   0.489935
15 40   0.489935
16 1   0.51188
16 2   0.51188
16 3   0.51188
16 4   0.51188
16 5   0.51188
16 6   0.51188
16 7   0.51188
16 8   0.51188
16 9   0.51188
16 10   0.51188
16 11   0.51188
16 12   0.51188
16 13   0.51188
16 14   0.51188
16 15   0.51188
16 16   0.51188
16 17   0.51188
16 18   0.51188
16 19   0.51188
16 20   0.51188
16 21   0.51188
16 22   0.51188
16 23   0.51188
16 24   0.51188
16 25   0.51188
16 26   0.51188
16 27   0.51188
16 28   0.51188
16 29   0.51188
16 30   0.51188
16 31   0.51188
16 32   0.51188
16 33   0.51188
16 34   0.51188
16 35   0.51188
16 36   0.51188
16 37   0.51188
16 38   0.51188
16 39   0.51188
16 40   0.51188
17 1   0.498901
17 2   0.498901
17 3   0.498901
17 4   0.498901
17 5   0.498901
17 6   0.498901
17 7   0.498901
17 8   0.498901
17 9   0.498901
17 10   0.498901
17 11   0.498901
17 12   0.498901
17 13   0.498901
17 14   0.498901
17 15   0.498901
17 16   0.498901
17 17   0.498901
17 18   0.498901
17 19   0.498901
17 20   0.498901
17 21   0.498901
17 22   0.498901
17 23   0.498901
17 24   0.498901
17 25   0.498901
17 26   0.498901
17 27   0.498901
17 28   0.498901
17 29   0.498901
17 30   0.498901
17 31   0.498901
17 32   0.498901
17 33   0.498901
17 34   0.498901
17 35   0.498901
17 36   0.498901
17 37   0.498901
17 38   0.498901
17 39   0.498901
17 40   0.498901
18 1   0.492778
18 2   0.492778
18 3   0.492778
18 4   0.492778
18 5   0.492778
18 6   0.492778
18 7   0.492778
18 8   0.492778
18 9   0.492778
18 10   0.492778
18 11   0.492778
18 12   0.492778
18 13   0.492778
18 14   0.492778
18 15   0.492778
18 16   0.492778
18 17   0.492778
18 18   0.492778
18 19   0.492778
18 20   0.492778
18 21   0.492778
18 22   0.492778
18 23   0.492778
18 24   0.492778
18 25   0.492778
18 26   0.492778
18 27   0.492778
18 28   0.492778
18 29   0.492778
18 30   0.492778
18 31   0.492778
18 32   0.492778
18 33   0.492778
18 34   0.492778
18 35   0.492778
18 36   0.492778
18 37   0.492778
18 38   0.492778
18 39   0.492778
18 40   0.492778
19 1   0.505884
19 2   0.505884
19 3   0.505884
19 4   0.505884
19 5   0.505884
19 6   0.505884
19 7   0.505884
19 8   0.505884
19 9   0.505884
19 10   0.505884
19 11   0.505884
19 12   0.505884
19 13   0.505884
19 14   0.505884
19 15   0.505884
19 16   0.505884
19 17   0.505884
19 18   0.505884
19 19   0.505884
19 20   0.505884
19 21   0.505884
19 22   0.505884
19 23   0.505884
19 24   0.505884
19 25   0.505884
19 26   0.505884
19 27   0.505884
19 28   0.505884
19 29   0.505884
19 30   0.505884
19 31   0.505884
19 32   0.505884
19 33   0.505884
19 34   0.505884
19 35   0.505884
19 36   0.505884
19 37   0.505884
19 38   0.505884
19 39   0.505884
19 40   0.505884
20 1   0.50156
20 2   0.50156
20 3   0.50156
20 4   0.50156
20 5   0.50156
20 6   0.50156
20 7   0.50156
20 8   0.50156
20 9   0.50156
20 10   0.50156
20 11   0.50156
20 12   0.50156
20 13   0.50156
20 14   0.50156
20 15   0.50156
20 16   0.50156
20 17   0.50156
20 18   0.50156
20 19   0.50156
20 20   0.50156
20 21   0.50156
20 22   0.50156
20 23   0.50156
20 24   0.50156
20 25   0.50156
20 26   0.50156
20 27   0.50156
20 28   0.50156
20 29   0.50156
20 30   0.50156
20 31   0.50156
20 32   0.50156
20 33   0.50156
20 34   0.50156
20 35   0.50156
20 36   0.50156
20 37   0.50156
20 38   0.50156
20 39   0.50156
20 40   0.50156
21 1   0.492736
21 2   0.492736
21 3   0.492736
21 4   0.492736
21 5   0.492736
21 6   0.492736
21 7   0.492736
21 8   0.492736
21 9   0.492736
21 10   0.492736
21 11   0.492736
21 12   0.492736
21 13   0.492736
21 14   0.492736
21 15   0.492736
21 16   0.492736
21 17   0.492736
21 18   0.492736
21 19   0.492736
21 20   0.492736
21 21   0.492736
21 22   0.492736
21 23   0.492736
21 24   0.492736
21 25   0.492736
21 26   0.492736
21 27   0.492736
21 28   0.492736
21 29   0.492736
21 30   0.492736
21 31   0.492736
21 32   0.492736
21 33   0.492736
21 34   0.492736
21 35   0.492736
21 36   0.492736
21 37   0.492736
21 38   0.492736
21 39   0.492736
21 40   0.492736
22 1   0.507325
22 2   0.507325
22 3   0.507325
22 4   0.507325
22 5   0.507325
22 6   0.507325
22 7   0.507325
22 8   0.507325
22 9   0.507325
22 10   0.507325
22 11   0.507325
22 12   0.507325
22 13   0.507325
22 14   0.507325
22 15   0.507325
22 16   0.507325
22 17   0.507325
22 18   0.507325
22 19   0.507325
22 20   0.507325
22 21   0.507325
22 22   0.507325
22 23   0.507325
22 24   0.507325
22 25   0.507325
22 26   0.507325
22 27   0.507325
22 28   0.507325
22 29   0.507325
22 30   0.507325
22 31   0.507325
22 32   0.507325
22 33   0.507325
22 34   0.507325
22 35   0.507325
22 36   0.507325
22 37   0.507325
22 38   0.507325
22 39   0.507325
22 40   0.507325
23 1   0.498624
23 2   0.498624
23 3   0.498624
23 4   0.498624
23 5   0.498624
23 6   0.498624
23 7   0.498624
23 8   0.498624
23 9   0.498624
23 10   0.498624
23 11   0.498624
23 12   0.498624
23 13   0.498624
23 14   0.498624
23 15   0.498624
23 16   0.498624
23 17   0.498624
23 18   0.498624
23 19   0.498624
23 20   0.498624
23 21   0.498624
23 22   0.498624
23 23   0.498624
23 24   0.498624
23 25   0.498624
23 26   0.498624
23 27   0.498624
23 28   0.498624
23 29   0.498624
23 30   0.498624
23 31   0.498624
23 32   0.498624
23 33   0.498624
23 34   0.498624
23 35   0.498624
23 36   0.498624
23 37   0.498624
23 38   0.498624
23 39   0.498624
23 40   0.498624
24 1   0.493964
24 2   0.493964
24 3   0.493964
24 4   0.493964
24 5   0.493964
24 6   0.493964
24 7   0.493964
24 8   0.493964
24 9   0.493964
24 10   0.493964
24 11   0.493964
24 12   0.493964
24 13   0.493964
24 14   0.493964
24 15   0.493964
24 16   0.493964
24 17   0.493964
24 18   0.493964
24 19   0.493964
24 20   0.493964
24 21   0.493964
24 22   0.493964
24 23   0.493964
24 24   0.493964
24 25   0.493964
24 26   0.493964
24 27   0.493964
24 28   0.493964
24 29   0.493964
24 30   0.493964
24 31   0.493964
24 32   0.493964
24 33   0.493964
24 34   0.493964
24 35   0.493964
24 36   0.493964
24 37   0.493964
24 38   0.493964
24 39   0.493964
24 40   0.493964
25 1   0.507363
25 2   0.507363
25 3   0.507363
25 4   0.507363
25 5   0.507363
25 6   0.507363
25 7   0.507363
25 8   0.507363
25 9   0.507363
25 10   0.507363
25 11   0.507363
25 12   0.507363
25 13   0.507363
25 14   0.507363
25 15   0.507363
25 16   0.507363
25 17   0.507363
25 18   0.507363
25 19   0.507363
25 20   0.507363
25 21   0.507363
25 22   0.507363
25 23   0.507363
25 24   0.507363
25 25   0.507363
25 26   0.507363
25 27   0.507363
25 28   0.507363
25 29   0.507363
25 30   0.507363
25 31   0.507363
25 32   0.507363
25 33   0.507363
25 34   0.507363
25 35   0.507363
25 36   0.507363
25 37   0.507363
25 38   0.507363
25 39   0.507363
25 40   0.507363
26 1   0.500047
26 2   0.500047
26 3   0.500047
26 4   0.500047
26 5   0.500047
26 6   0.500047
26 7   0.500047
26 8   0.500047
26 9   0.500047
26 10   0.500047
26 11   0.500047
26 12   0.500047
26 13   0.500047
26 14   0.500047
26 15   0.500047
26 16   0.500047
26 17   0.500047
26 18   0.500047
26 19   0.500047
26 20   0.500047
26 21   0.500047
26 22   0.500047
26 23   0.500047
26 24   0.500047
26 25   0.500047
26 26   0.500047
26 27   0.500047
26 28   0.500047
26 29   0.500047
26 30   0.500047
26 31   0.500047
26 32   0.500047
26 33   0.500047
26 34   0.500047
26 35   0.500047
26 36   0.500047
26 37   0.500047
26 38   0.500047
26 39   0.500047
26 40   0.500047
27 1   0.486552
27 2   0.486552
27 3   0.486552
27 4   0.486552
27 5   0.486552
27 6   0.486552
27 7   0.486552
27 8   0.486552
27 9   0.486552
27 10   0.486552
27 11   0.486552
27 12   0.486552
27 13   0.486552
27 14   0.486552
27 15   0.486552
27 16   0.486552
27 17   0.486552
27 18   0.486552
27 19   0.486552
27 20   0.486552
27 21   0.486552
27 22   0.486552
27 23   0.486552
27 24   0.486552
27 25   0.486552
27 26   0.486552
27 27   0.486552
27 28   0.486552
27 29   0.486552
27 30   0.486552
27 31   0.486552
27 32   0.486552
27 33   0.486552
27 34   0.486552
27 35   0.486552
27 36   0.486552
27 37   0.486552
27 38   0.486552
27 39   0.486552
27 40   0.486552
28 1   0.503468
28 2   0.503468
28 3   0.503468
28 4   0.503468
28 5   0.503468
28 6   0.503468
28 7   0.503468
28 8   0.503468
28 9   0.503468
28 10   0.503468
28 11   0.503468
28 12   0.503468
28 13   0.503468
28 14   0.503468
28 15   0.503468
28 16   0.503468
28 17   0.503468
28 18   0.503468
28 19   0.503468
28 20   0.503468
28 21   0.503468
28 22   0.503468
28 23   0.503468
28 24   0.503468
28 25   0.503468
28 26   0.503468
28 27   0.503468
28 28   0.503468
28 29   0.503468
28 30   0.503468
28 31   0.503468
28 32   0.503468
28 33   0.503468
28 34   0.503468
28 35   0.503468
28 36   0.503468
28 37   0.503468
28 38   0.503468
28 39   0.503468
28 40   0.503468
29 1   0.490833
29 2   0.490833
29 3   0.490833
29 4   0.490833
29 5   0.490833
29 6   0.490833
29 7   0.490833
29 8   0.490833
29 9   0.490833
29 10   0.490833
29 11   0.490833
29 12   0.490833
29 13   0.490833
29 14   0.490833
29 15   0.490833
29 16   0.490833
29 17   0.490833
29 18   0.490833
29 19   0.490833
29 20   0.490833
29 21   0.490833
29 22   0.490833
29 23   0.490833
29 24   0.490833
29 25   0.490833
29 26   0.490833
29 27   0.490833
29 28   0.490833
29 29   0.490833
29 30   0.490833
29 31   0.490833
29 32   0.490833
29 33   0.490833
29 34   0.490833
29 35   0.490833
29 36   0.490833
29 37   0.490833
29 38   0.490833
29 39   0.490833
29 40   0.490833
30 1   0.450964
30 2   0.450964
30 3   0.450964
30 4   0.450964
30 5   0.450964
30 6   0.450964
30 7   0.450964
30 8   0.450964
30 9   0.450964
30 10   0.450964
30 11   0.450964
30 12   0.450964
30 13   0.450964
30 14   0.450964
30 15   0.450964
30 16   0.450964
30 17   0.450964
30 18   0.450964
30 19   0.450964
30 20   0.450964
30 21   0.450964
30 22   0.450964
30 23   0.450964
30 24   0.450964
30 25   0.450964
30 26   0.450964
30 27   0.450964
30 28   0.450964
30 29   0.450964
30 30   0.450964
30 31   0.450964
30 32   0.450964
30 33   0.450964
30 34   0.450964
30 35   0.450964
30 36   0.450964
30 37   0.450964
30 38   0.450964
30 39   0.450964
30 40   0.450964
31 1   0.428978
31 2   0.428978
31 3   0.428978
31 4   0.428978
31 5   0.428978
31 6   0.428978
31 7   0.428978
31 8   0.428978
31 9   0.428978
31 10   0.428978
31 11   0.428978
31 12   0.428978
31 13   0.428978
31 14   0.428978
31 15   0.428978
31 16   0.428978
31 17   0.428978
31 18   0.428978
31 19   0.428978
31 20   0.428978
31 21   0.428978
31 22   0.428978
31 23   0.428978
31 24   0.428978
31 25   0.428978
31 26   0.428978
31 27   0.428978
31 28   0.428978
31 29   0.428978
31 30   0.428978
31 31   0.428978
31 32   0.428978
31 33   0.428978
31 34   0.428978
31 35   0.428978
31 36   0.428978
31 37   0.428978
31 38   0.428978
31 39   0.428978
31 40   0.428978
32 1   0.374961
32 2   0.374961
32 3   0.374961
32 4   0.374961
32 5   0.374961
32 6   0.374961
32 7   0.374961
32 8   0.374961
32 9   0.374961
32 10   0.374961
32 11   0.374961
32 12   0.374961
32 13   0.374961
32 14   0.374961
32 15   0.374961
32 16   0.374961
32 17   0.374961
32 18   0.374961
32 19   0.374961
32 20   0.374961
32 21   0.374961
32 22   0.374961
32 23   0.374961
32 24   0.374961
32 25   0.374961
32 26   0.374961
32 27   0.374961
32 28   0.374961
32 29   0.374961
32 30   0.374961
32 31   0.374961
32 32   0.374961
32 33   0.374961
32 34   0.374961
32 35   0.374961
32 36   0.374961
32 37   0.374961
32 38   0.374961
32 39   0.374961
32 40   0.374961
33 1   0.26703
33 2   0.26703
33 3   0.26703
33 4   0.26703
33 5   0.26703
33 6   0.26703
33 7   0.26703
33 8   0.26703
33 9   0.26703
33 10   0.26703
33 11   0.26703
33 12   0.26703
33 13   0.26703
33 14   0.26703
33 15   0.26703
33 16   0.26703
33 17   0.26703
33 18   0.26703
33 19   0.26703
33 20   0.26703
33 21   0.26703
33 22   0.26703
33 23   0.26703
33 24   0.26703
33 25   0.26703
33 26   0.26703
33 27   0.26703
33 28   0.26703
33 29   0.26703
33 30   0.26703
33 31   0.26703
33 32   0.26703
33 33   0.26703
33 34   0.26703
33 35   0.26703
33 36   0.26703
33 37   0.26703
33 38   0.26703
33 39   0.26703
33 40   0.26703
34 1   0.125386
34 2   0.125386
34 3   0.125386
34 4   0.125386
34 5   0.125386
34 6   0.125386
34 7   0.125386
34 8   0.125386
34 9   0.125386
34 10   0.125386
34 11   0.125386
34 12   0.125386
34 13   0.125386
34 14   0.125386
34 15   0.125386
34 16   0.125386
34 17   0.125386
34 18   0.125386
34 19   0.125386
34 20   0.125386
34 21   0.125386
34 22   0.125386
34 23   0.125386
34 24   0.125386
34 25   0.125386
34 26   0.125386
34 27   0.125386
34 28   0.125386
34 29   0.125386
34 30   0.125386
34 31   0.125386
34 32   0.125386
34 33   0.125386
34 34   0.125386
34 35   0.125386
34 36   0.125386
34 37   0.125386
34 38   0.125386
34 39   0.125386
34 40   0.125386
35 1   0.0162559
35 2   0.0162559
35 3   0.0162559
35 4   0.0162559
35 5   0.0162559
35 6   0.0162559
35 7   0.0162559
35 8   0.0162559
35 9   0.0162559
35 10   0.0162559
35 11   0.0162559
35 12   0.0162559
35 13   0.0162559
35 14   0.0162559
35 15   0.0162559
35 16   0.0162559
35 17   0.0162559
35 18   0.0162559
35 19   0.0162559
35 20   0.0162559
35 21   0.0162559
35 22   0.0162559
35 23   0.0162559
35 24   0.0162559
35 25   0.0162559
35 26   0.0162559
35 27   0.0162559
35 28   0.0162559
35 29   0.0162559
35 30   0.0162559
35 31   0.0162559
35 32   0.0162559
35 33   0.0162559
35 34   0.0162559
35 35   0.0162559
35 36   0.0162559
35 37   0.0162559
35 38   0.0162559
35 39   0.0162559
35 40   0.0162559
36 1   -0.0454071
36 2   -0.0454071
36 3   -0.0454071
36 4   -0.0454071
36 5   -0.0454071
36 6   -0.0454071
36 7   -0.0454071
36 8   -0.0454071
36 9   -0.0454071
36 10   -0.0454071
36 11   -0.0454071
36 12   -0.0454071
36 13   -0.0454071
36 14   -0.0454071
36 15   -0.0454071
36 16   -0.0454071
36 17   -0.0454071
36 18   -0.0454071
36 19   -0.0454071
36 20   -0.0454071
36 21   -0.0454071
36 22   -0.0454071
36 23   -0.0454071
36 24   -0.0454071
36 25   -0.0454071
36 26   -0.0454071
36 27   -0.0454071
36 28   -0.0454071
36 29   -0.0454071
36 30   -0.0454071
36 31   -0.0454071
36 32   -0.0454071
36 33   -0.0454071
36 34   -0.0454071
36 35   -0.0454071
36 36   -0.0454071
36 37   -0.0454071
36 38   -0.0454071
36 39   -0.0454071
36 40   -0.0454071
37 1   -0.0794224
37 2   -0.0794224
37 3   -0.0794224
37 4   -0.0794224
37 5   -0.0794224
37 6   -0.0794224
37 7   -0.0794224
37 8   -0.0794224
37 9   -0.0794224
37 10   -0.0794224
37 11   -0.0794224
37 12   -0.0794224
37 13   -0.0794224
37 14   -0.0794224
37 15   -0.0794224
37 16   -0.0794224
37 17   -0.0794224
37 18   -0.0794224
37 19   -0.0794224
37 20   -0.0794224
37 21   -0.0794224
37 22   -0.0794224
37 23   -0.0794224
37 24   -0.0794224
37 25   -0.0794224
37 26   -0.0794224
37 27   -0.0794224
37 28   -0.0794224
37 29   -0.0794224
37 30   -0.0794224
37 31   -0.0794224
37 32   -0.0794224
37 33   -0.0794224
37 34   -0.0794224
37 35   -0.0794224
37 36   -0.0794224
37 37   -0.0794224
37 38   -0.0794224
37 39   -0.0794224
37 40   -0.0794224
38 1   -0.0692632
38 2   -0.0692632
38 3   -0.0692632
38 4   -0.0692632
38 5   -0.0692632
38 6   -0.0692632
38 7   -0.0692632
38 8   -0.0692632
38 9   -0.0692632
38 10   -0.0692632
38 11   -0.0692632
38 12   -0.0692632
38 13   -0.0692632
38 14   -0.0692632
38 15   -0.0692632
38 16   -0.0692632
38 17   -0.0692632
38 18   -0.0692632
38 19   -0.0692632
38 20   -0.0692632
38 21   -0.0692632
38 22   -0.0692632
38 23   -0.0692632
38 24   -0.0692632
38 25   -0.0692632
38 26   -0.0692632
38 27   -0.0692632
38 28   -0.0692632
38 29   -0.0692632
38 30   -0.0692632
38 31   -0.0692632
38 32   -0.0692632
38 33   -0.0692632
38 34   -0.0692632
38 35   -0.0692632
38 36   -0.0692632
38 37   -0.0692632
38 38   -0.0692632
38 39   -0.0692632
38 40   -0.0692632
39 1   -0.00118282
39 2   -0.00118282
39 3   -0.00118282
39 4   -0.00118282
39 5   -0.00118282
39 6   -0.00118282
39 7   -0.00118282
39 8   -0.00118282
39 9   -0.00118282
39 10   -0.00118282
39 11   -0.00118282
39 12   -0.00118282
39 13   -0.00118282
39 14   -0.00118282
39 15   -0.00118282
39 16   -0.00118282
39 17   -0.00118282
39 18   -0.00118282
39 19   -0.00118282
39 20   -0.00118282
39 21   -0.00118282
39 22   -0.00118282
39 23   -0.00118282
39 24   -0.00118282
39 25   -0.00118282
39 26   -0.00118282
39 27   -0.00118282
39 28   -0.00118282
39 29   -0.00118282
39 30   -0.00118282
39 31   -0.00118282
39 32   -0.00118282
39 33   -0.00118282
39 34   -0.00118282
39 35   -0.00118282
39 36   -0.00118282
39 37   -0.00118282
39 38   -0.00118282
39 39   -0.00118282
39 40   -0.00118282
40 1   0.0670618
40 2   0.0670618
40 3   0.0670618
40 4   0.0670618
40 5   0.0670618
40 6   0.0670618
40 7   0.0670618
40 8   0.0670618
40 9   0.0670618
40 10   0.0670618
40 11   0.0670618
40 12   0.0670618
40 13   0.0670618
40 14   0.0670618
40 15   0.0670618
40 16   0.0670618
40 17   0.0670618
40 18   0.0670618
40 19   0.0670618
40 20   0.0670618
40 21   0.0670618
40 22   0.0670618
40 23   0.0670618
40 24   0.0670618
40 25   0.0670618
40 26   0.0670618
40 27   0.0670618
40 28   0.0670618
40 29   0.0670618
40 30   0.0670618
40 31   0.0670618
40 32   0.0670618
40 33   0.0670618
40 34   0.0670618
40 35   0.0670618
40 36   0.0670618
40 37   0.0670618
40 38   0.0670618
40 39   0.0670618
40 40   0.0670618
