1 1   1
1 2   1
1 3   1
1 4   1
1 5   1
1 6   1
1 7   1
1 8   1
1 9   1
1 10   1
1 11   1
1 12   1
1 13   1
1 14   1
1 15   1
1 16   1
1 17   1
1 18   1
1 19   1
1 20   1
1 21   1
1 22   1
1 23   1
1 24   1
1 25   1
1 26   1
1 27   1
1 28   1
1 29   1
1 30   1
1 31   1
1 32   1
1 33   1
1 34   1
1 35   1
1 36   1
1 37   1
1 38   1
1 39   1
1 40   1
2 1   1
2 2   1
2 3   1
2 4   1
2 5   1
2 6   1
2 7   1
2 8   1
2 9   1
2 10   1
2 11   1
2 12   1
2 13   1
2 14   1
2 15   1
2 16   1
2 17   1
2 18   1
2 19   1
2 20   1
2 21   1
2 22   1
2 23   1
2 24   1
2 25   1
2 26   1
2 27   1
2 28   1
2 29   1
2 30   1
2 31   1
2 32   1
2 33   1
2 34   1
2 35   1
2 36   1
2 37   1
2 38   1
2 39   1
2 40   1
3 1   1
3 2   1
3 3   1
3 4   1
3 5   1
3 6   1
3 7   1
3 8   1
3 9   1
3 10   1
3 11   1
3 12   1
3 13   1
3 14   1
3 15   1
3 16   1
3 17   1
3 18   1
3 19   1
3 20   1
3 21   1
3 22   1
3 23   1
3 24   1
3 25   1
3 26   1
3 27   1
3 28   1
3 29   1
3 30   1
3 31   1
3 32   1
3 33   1
3 34   1
3 35   1
3 36   1
3 37   1
3 38   1
3 39   1
3 40   1
4 1   1
4 2   1
4 3   1
4 4   1
4 5   1
4 6   1
4 7   1
4 8   1
4 9   1
4 10   1
4 11   1
4 12   1
4 13   1
4 14   1
4 15   1
4 16   1
4 17   1
4 18   1
4 19   1
4 20   1
4 21   1
4 22   1
4 23   1
4 24   1
4 25   1
4 26   1
4 27   1
4 28   1
4 29   1
4 30   1
4 31   1
4 32   1
4 33   1
4 34   1
4 35   1
4 36   1
4 37   1
4 38   1
4 39   1
4 40   1
5 1   1
5 2   1
5 3   1
5 4   1
5 5   1
5 6   1
5 7   1
5 8   1
5 9   1
5 10   1
5 11   1
5 12   1
5 13   1
5 14   1
5 15   1
5 16   1
5 17   1
5 18   1
5 19   1
5 20   1
5 21   1
5 22   1
5 23   1
5 24   1
5 25   1
5 26   1
5 27   1
5 28   1
5 29   1
5 30   1
5 31   1
5 32   1
5 33   1
5 34   1
5 35   1
5 36   1
5 37   1
5 38   1
5 39   1
5 40   1
6 1   0.999996
6 2   0.999996
6 3   0.999996
6 4   0.999996
6 5   0.999996
6 6   0.999996
6 7   0.999996
6 8   0.999996
6 9   0.999996
6 10   0.999996
6 11   0.999996
6 12   0.999996
6 13   0.999996
6 14   0.999996
6 15   0.999996
6 16   0.999996
6 17   0.999996
6 18   0.999996
6 19   0.999996
6 20   0.999996
6 21   0.999996
6 22   0.999996
6 23   0.999996
6 24   0.999996
6 25   0.999996
6 26   0.999996
6 27   0.999996
6 28   0.999996
6 29   0.999996
6 30   0.999996
6 31   0.999996
6 32   0.999996
6 33   0.999996
6 34   0.999996
6 35   0.999996
6 36   0.999996
6 37   0.999996
6 38   0.999996
6 39   0.999996
6 40   0.999996
7 1   0.999911
7 2   0.999911
7 3   0.999911
7 4   0.999911
7 5   0.999911
7 6   0.999911
7 7   0.999911
7 8   0.999911
7 9   0.999911
7 10   0.999911
7 11   0.999911
7 12   0.999911
7 13   0.999911
7 14   0.999911
7 15   0.999911
7 16   0.999911
7 17   0.999911
7 18   0.999911
7 19   0.999911
7 20   0.999911
7 21   0.999911
7 22   0.999911
7 23   0.999911
7 24   0.999911
7 25   0.999911
7 26   0.999911
7 27   0.999911
7 28   0.999911
7 29   0.999911
7 30   0.999911
7 31   0.999911
7 32   0.999911
7 33   0.999911
7 34   0.999911
7 35   0.999911
7 36   0.999911
7 37   0.999911
7 38   0.999911
7 39   0.999911
7 40   0.999911
8 1   0.998807
8 2   0.998807
8 3   0.998807
8 4   0.998807
8 5   0.998807
8 6   0.998807
8 7   0.998807
8 8   0.998807
8 9   0.998807
8 10   0.998807
8 11   0.998807
8 12   0.998807
8 13   0.998807
8 14   0.998807
8 15   0.998807
8 16   0.998807
8 17   0.998807
8 18   0.998807
8 19   0.998807
8 20   0.998807
8 21   0.998807
8 22   0.998807
8 23   0.998807
8 24   0.998807
8 25   0.998807
8 26   0.998807
8 27   0.998807
8 28   0.998807
8 29   0.998807
8 30   0.998807
8 31   0.998807
8 32   0.998807
8 33   0.998807
8 34   0.998807
8 35   0.998807
8 36   0.998807
8 37   0.998807
8 38   0.998807
8 39   0.998807
8 40   0.998807
9 1   0.989862
9 2   0.989862
9 3   0.989862
9 4   0.989862
9 5   0.989862
9 6   0.989862
9 7   0.989862
9 8   0.989862
9 9   0.989862
9 10   0.989862
9 11   0.989862
9 12   0.989862
9 13   0.989862
9 14   0.989862
9 15   0.989862
9 16   0.989862
9 17   0.989862
9 18   0.989862
9 19   0.989862
9 20   0.989862
9 21   0.989862
9 22   0.989862
9 23   0.989862
9 24   0.989862
9 25   0.989862
9 26   0.989862
9 27   0.989862
9 28   0.989862
9 29   0.989862
9 30   0.989862
9 31   0.989862
9 32   0.989862
9 33   0.989862
9 34   0.989862
9 35   0.989862
9 36   0.989862
9 37   0.989862
9 38   0.989862
9 39   0.989862
9 40   0.989862
10 1   0.943617
10 2   0.943617
10 3   0.943617
10 4   0.943617
10 5   0.943617
10 6   0.943617
10 7   0.943617
10 8   0.943617
10 9   0.943617
10 10   0.943617
10 11   0.943617
10 12   0.943617
10 13   0.943617
10 14   0.943617
10 15   0.943617
10 16   0.943617
10 17   0.943617
10 18   0.943617
10 19   0.943617
10 20   0.943617
10 21   0.943617
10 22   0.943617
10 23   0.943617
10 24   0.943617
10 25   0.943617
10 26   0.943617
10 27   0.943617
10 28   0.943617
10 29   0.943617
10 30   0.943617
10 31   0.943617
10 32   0.943617
10 33   0.943617
10 34   0.943617
10 35   0.943617
10 36   0.943617
10 37   0.943617
10 38   0.943617
10 39   0.943617
10 40   0.943617
11 1   0.795511
11 2   0.795511
11 3   0.795511
11 4   0.795511
11 5   0.795511
11 6   0.795511
11 7   0.795511
11 8   0.795511
11 9   0.795511
11 10   0.795511
11 11   0.795511
11 12   0.795511
11 13   0.795511
11 14   0.795511
11 15   0.795511
11 16   0.795511
11 17   0.795511
11 18   0.795511
11 19   0.795511
11 20   0.795511
11 21   0.795511
11 22   0.795511
11 23   0.795511
11 24   0.795511
11 25   0.795511
11 26   0.795511
11 27   0.795511
11 28   0.795511
11 29   0.795511
11 30   0.795511
11 31   0.795511
11 32   0.795511
11 33   0.795511
11 34   0.795511
11 35   0.795511
11 36   0.795511
11 37   0.795511
11 38   0.795511
11 39   0.795511
11 40   0.795511
12 1   0.533866
12 2   0.533866
12 3   0.533866
12 4   0.533866
12 5   0.533866
12 6   0.533866
12 7   0.533866
12 8   0.533866
12 9   0.533866
12 10   0.533866
12 11   0.533866
12 12   0.533866
12 13   0.533866
12 14   0.533866
12 15   0.533866
12 16   0.533866
12 17   0.533866
12 18   0.533866
12 19   0.533866
12 20   0.533866
12 21   0.533866
12 22   0.533866
12 23   0.533866
12 24   0.533866
12 25   0.533866
12 26   0.533866
12 27   0.533866
12 28   0.533866
12 29   0.533866
12 30   0.533866
12 31   0.533866
12 32   0.533866
12 33   0.533866
12 34   0.533866
12 35   0.533866
12 36   0.533866
12 37   0.533866
12 38   0.533866
12 39   0.533866
12 40   0.533866
13 1   0.376747
13 2   0.376747
13 3   0.376747
13 4   0.376747
13 5   0.376747
13 6   0.376747
13 7   0.376747
13 8   0.376747
13 9   0.376747
13 10   0.376747
13 11   0.376747
13 12   0.376747
13 13   0.376747
13 14   0.376747
13 15   0.376747
13 16   0.376747
13 17   0.376747
13 18   0.376747
13 19   0.376747
13 20   0.376747
13 21   0.376747
13 22   0.376747
13 23   0.376747
13 24   0.376747
13 25   0.376747
13 26   0.376747
13 27   0.376747
13 28   0.376747
13 29   0.376747
13 30   0.376747
13 31   0.376747
13 32   0.376747
13 33   0.376747
13 34   0.376747
13 35   0.376747
13 36   0.376747
13 37   0.376747
13 38   0.376747
13 39   0.376747
13 40   0.376747
14 1   0.512749
14 2   0.512749
14 3   0.512749
14 4   0.512749
14 5   0.512749
14 6   0.512749
14 7   0.512749
14 8   0.512749
14 9   0.512749
14 10   0.512749
14 11   0.512749
14 12   0.512749
14 13   0.512749
14 14   0.512749
14 15   0.512749
14 16   0.512749
14 17   0.512749
14 18   0.512749
14 19   0.512749
14 20   0.512749
14 21   0.512749
14 22   0.512749
14 23   0.512749
14 24   0.512749
14 25   0.512749
14 26   0.512749
14 27   0.512749
14 28   0.512749
14 29   0.512749
14 30   0.512749
14 31   0.512749
14 32   0.512749
14 33   0.512749
14 34   0.512749
14 35   0.512749
14 36   0.512749
14 37   0.512749
14 38   0.512749
14 39   0.512749
14 40   0.512749
15 1   0.56151
15 2   0.56151
15 3   0.56151
15 4   0.56151
15 5   0.56151
15 6   0.56151
15 7   0.56151
15 8   0.56151
15 9   0.56151
15 10   0.56151
15 11   0.56151
15 12   0.56151
15 13   0.56151
15 14   0.56151
15 15   0.56151
15 16   0.56151
15 17   0.56151
15 18   0.56151
15 19   0.56151
15 20   0.56151
15 21   0.56151
15 22   0.56151
15 23   0.56151
15 24   0.56151
15 25   0.56151
15 26   0.56151
15 27   0.56151
15 28   0.56151
15 29   0.56151
15 30   0.56151
15 31   0.56151
15 32   0.56151
15 33   0.56151
15 34   0.56151
15 35   0.56151
15 36   0.56151
15 37   0.56151
15 38   0.56151
15 39   0.56151
15 40   0.56151
16 1   0.431002
16 2   0.431002
16 3   0.431002
16 4   0.431002
16 5   0.431002
16 6   0.431002
16 7   0.431002
16 8   0.431002
16 9   0.431002
16 10   0.431002
16 11   0.431002
16 12   0.431002
16 13   0.431002
16 14   0.431002
16 15   0.431002
16 16   0.431002
16 17   0.431002
16 18   0.431002
16 19   0.431002
16 20   0.431002
16 21   0.431002
16 22   0.431002
16 23   0.431002
16 24   0.431002
16 25   0.431002
16 26   0.431002
16 27   0.431002
16 28   0.431002
16 29   0.431002
16 30   0.431002
16 31   0.431002
16 32   0.431002
16 33   0.431002
16 34   0.431002
16 35   0.431002
16 36   0.431002
16 37   0.431002
16 38   0.431002
16 39   0.431002
16 40   0.431002
17 1   0.549488
17 2   0.549488
17 3   0.549488
17 4   0.549488
17 5   0.549488
17 6   0.549488
17 7   0.549488
17 8   0.549488
17 9   0.549488
17 10   0.549488
17 11   0.549488
17 12   0.549488
17 13   0.549488
17 14   0.549488
17 15   0.549488
17 16   0.549488
17 17   0.549488
17 18   0.549488
17 19   0.549488
17 20   0.549488
17 21   0.549488
17 22   0.549488
17 23   0.549488
17 24   0.549488
17 25   0.549488
17 26   0.549488
17 27   0.549488
17 28   0.549488
17 29   0.549488
17 30   0.549488
17 31   0.549488
17 32   0.549488
17 33   0.549488
17 34   0.549488
17 35   0.549488
17 36   0.549488
17 37   0.549488
17 38   0.549488
17 39   0.549488
17 40   0.549488
18 1   0.470218
18 2   0.470218
18 3   0.470218
18 4   0.470218
18 5   0.470218
18 6   0.470218
18 7   0.470218
18 8   0.470218
18 9   0.470218
18 10   0.470218
18 11   0.470218
18 12   0.470218
18 13   0.470218
18 14   0.470218
18 15   0.470218
18 16   0.470218
18 17   0.470218
18 18   0.470218
18 19   0.470218
18 20   0.470218
18 21   0.470218
18 22   0.470218
18 23   0.470218
18 24   0.470218
18 25   0.470218
18 26   0.470218
18 27   0.470218
18 28   0.470218
18 29   0.470218
18 30   0.470218
18 31   0.470218
18 32   0.470218
18 33   0.470218
18 34   0.470218
18 35   0.470218
18 36   0.470218
18 37   0.470218
18 38   0.470218
18 39   0.470218
18 40   0.470218
19 1   0.519368
19 2   0.519368
19 3   0.519368
19 4   0.519368
19 5   0.519368
19 6   0.519368
19 7   0.519368
19 8   0.519368
19 9   0.519368
19 10   0.519368
19 11   0.519368
19 12   0.519368
19 13   0.519368
19 14   0.519368
19 15   0.519368
19 16   0.519368
19 17   0.519368
19 18   0.519368
19 19   0.519368
19 20   0.519368
19 21   0.519368
19 22   0.519368
19 23   0.519368
19 24   0.519368
19 25   0.519368
19 26   0.519368
19 27   0.519368
19 28   0.519368
19 29   0.519368
19 30   0.519368
19 31   0.519368
19 32   0.519368
19 33   0.519368
19 34   0.519368
19 35   0.519368
19 36   0.519368
19 37   0.519368
19 38   0.519368
19 39   0.519368
19 40   0.519368
20 1   0.480732
20 2   0.480732
20 3   0.480732
20 4   0.480732
20 5   0.480732
20 6   0.480732
20 7   0.480732
20 8   0.480732
20 9   0.480732
20 10   0.480732
20 11   0.480732
20 12   0.480732
20 13   0.480732
20 14   0.480732
20 15   0.480732
20 16   0.480732
20 17   0.480732
20 18   0.480732
20 19   0.480732
20 20   0.480732
20 21   0.480732
20 22   0.480732
20 23   0.480732
20 24   0.480732
20 25   0.480732
20 26   0.480732
20 27   0.480732
20 28   0.480732
20 29   0.480732
20 30   0.480732
20 31   0.480732
20 32   0.480732
20 33   0.480732
20 34   0.480732
20 35   0.480732
20 36   0.480732
20 37   0.480732
20 38   0.480732
20 39   0.480732
20 40   0.480732
21 1   0.529882
21 2   0.529882
21 3   0.529882
21 4   0.529882
21 5   0.529882
21 6   0.529882
21 7   0.529882
21 8   0.529882
21 9   0.529882
21 10   0.529882
21 11   0.529882
21 12   0.529882
21 13   0.529882
21 14   0.529882
21 15   0.529882
21 16   0.529882
21 17   0.529882
21 18   0.529882
21 19   0.529882
21 20   0.529882
21 21   0.529882
21 22   0.529882
21 23   0.529882
21 24   0.529882
21 25   0.529882
21 26   0.529882
21 27   0.529882
21 28   0.529882
21 29   0.529882
21 30   0.529882
21 31   0.529882
21 32   0.529882
21 33   0.529882
21 34   0.529882
21 35   0.529882
21 36   0.529882
21 37   0.529882
21 38   0.529882
21 39   0.529882
21 40   0.529882
22 1   0.450612
22 2   0.450612
22 3   0.450612
22 4   0.450612
22 5   0.450612
22 6   0.450612
22 7   0.450612
22 8   0.450612
22 9   0.450612
22 10   0.450612
22 11   0.450612
22 12   0.450612
22 13   0.450612
22 14   0.450612
22 15   0.450612
22 16   0.450612
22 17   0.450612
22 18   0.450612
22 19   0.450612
22 20   0.450612
22 21   0.450612
22 22   0.450612
22 23   0.450612
22 24   0.450612
22 25   0.450612
22 26   0.450612
22 27   0.450612
22 28   0.450612
22 29   0.450612
22 30   0.450612
22 31   0.450612
22 32   0.450612
22 33   0.450612
22 34   0.450612
22 35   0.450612
22 36   0.450612
22 37   0.450612
22 38   0.450612
22 39   0.450612
22 40   0.450612
23 1   0.569098
23 2   0.569098
23 3   0.569098
23 4   0.569098
23 5   0.569098
23 6   0.569098
23 7   0.569098
23 8   0.569098
23 9   0.569098
23 10   0.569098
23 11   0.569098
23 12   0.569098
23 13   0.569098
23 14   0.569098
23 15   0.569098
23 16   0.569098
23 17   0.569098
23 18   0.569098
23 19   0.569098
23 20   0.569098
23 21   0.569098
23 22   0.569098
23 23   0.569098
23 24   0.569098
23 25   0.569098
23 26   0.569098
23 27   0.569098
23 28   0.569098
23 29   0.569098
23 30   0.569098
23 31   0.569098
23 32   0.569098
23 33   0.569098
23 34   0.569098
23 35   0.569098
23 36   0.569098
23 37   0.569098
23 38   0.569098
23 39   0.569098
23 40   0.569098
24 1   0.43859
24 2   0.43859
24 3   0.43859
24 4   0.43859
24 5   0.43859
24 6   0.43859
24 7   0.43859
24 8   0.43859
24 9   0.43859
24 10   0.43859
24 11   0.43859
24 12   0.43859
24 13   0.43859
24 14   0.43859
24 15   0.43859
24 16   0.43859
24 17   0.43859
24 18   0.43859
24 19   0.43859
24 20   0.43859
24 21   0.43859
24 22   0.43859
24 23   0.43859
24 24   0.43859
24 25   0.43859
24 26   0.43859
24 27   0.43859
24 28   0.43859
24 29   0.43859
24 30   0.43859
24 31   0.43859
24 32   0.43859
24 33   0.43859
24 34   0.43859
24 35   0.43859
24 36   0.43859
24 37   0.43859
24 38   0.43859
24 39   0.43859
24 40   0.43859
25 1   0.487351
25 2   0.487351
25 3   0.487351
25 4   0.487351
25 5   0.487351
25 6   0.487351
25 7   0.487351
25 8   0.487351
25 9   0.487351
25 10   0.487351
25 11   0.487351
25 12   0.487351
25 13   0.487351
25 14   0.487351
25 15   0.487351
25 16   0.487351
25 17   0.487351
25 18   0.487351
25 19   0.487351
25 20   0.487351
25 21   0.487351
25 22   0.487351
25 23   0.487351
25 24   0.487351
25 25   0.487351
25 26   0.487351
25 27   0.487351
25 28   0.487351
25 29   0.487351
25 30   0.487351
25 31   0.487351
25 32   0.487351
25 33   0.487351
25 34   0.487351
25 35   0.487351
25 36   0.487351
25 37   0.487351
25 38   0.487351
25 39   0.487351
25 40   0.487351
26 1   0.623353
26 2   0.623353
26 3   0.623353
26 4   0.623353
26 5   0.623353
26 6   0.623353
26 7   0.623353
26 8   0.623353
26 9   0.623353
26 10   0.623353
26 11   0.623353
26 12   0.623353
26 13   0.623353
26 14   0.623353
26 15   0.623353
26 16   0.623353
26 17   0.623353
26 18   0.623353
26 19   0.623353
26 20   0.623353
26 21   0.623353
26 22   0.623353
26 23   0.623353
26 24   0.623353
26 25   0.623353
26 26   0.623353
26 27   0.623353
26 28   0.623353
26 29   0.623353
26 30   0.623353
26 31   0.623353
26 32   0.623353
26 33   0.623353
26 34   0.623353
26 35   0.623353
26 36   0.623353
26 37   0.623353
26 38   0.623353
26 39   0.623353
26 40   0.623353
27 1   0.466234
27 2   0.466234
27 3   0.466234
27 4   0.466234
27 5   0.466234
27 6   0.466234
27 7   0.466234
27 8   0.466234
27 9   0.466234
27 10   0.466234
27 11   0.466234
27 12   0.466234
27 13   0.466234
27 14   0.466234
27 15   0.466234
27 16   0.466234
27 17   0.466234
27 18   0.466234
27 19   0.466234
27 20   0.466234
27 21   0.466234
27 22   0.466234
27 23   0.466234
27 24   0.466234
27 25   0.466234
27 26   0.466234
27 27   0.466234
27 28   0.466234
27 29   0.466234
27 30   0.466234
27 31   0.466234
27 32   0.466234
27 33   0.466234
27 34   0.466234
27 35   0.466234
27 36   0.466234
27 37   0.466234
27 38   0.466234
27 39   0.466234
27 40   0.466234
28 1   0.204589
28 2   0.204589
28 3   0.204589
28 4   0.204589
28 5   0.204589
28 6   0.204589
28 7   0.204589
28 8   0.204589
28 9   0.204589
28 10   0.204589
28 11   0.204589
28 12   0.204589
28 13   0.204589
28 14   0.204589
28 15   0.204589
28 16   0.204589
28 17   0.204589
28 18   0.204589
28 19   0.204589
28 20   0.204589
28 21   0.204589
28 22   0.204589
28 23   0.204589
28 24   0.204589
28 25   0.204589
28 26   0.204589
28 27   0.204589
28 28   0.204589
28 29   0.204589
28 30   0.204589
28 31   0.204589
28 32   0.204589
28 33   0.204589
28 34   0.204589
28 35   0.204589
28 36   0.204589
28 37   0.204589
28 38   0.204589
28 39   0.204589
28 40   0.204589
29 1   0.0564826
29 2   0.0564826
29 3   0.0564826
29 4   0.0564826
29 5   0.0564826
29 6   0.0564826
29 7   0.0564826
29 8   0.0564826
29 9   0.0564826
29 10   0.0564826
29 11   0.0564826
29 12   0.0564826
29 13   0.0564826
29 14   0.0564826
29 15   0.0564826
29 16   0.0564826
29 17   0.0564826
29 18   0.0564826
29 19   0.0564826
29 20   0.0564826
29 21   0.0564826
29 22   0.0564826
29 23   0.0564826
29 24   0.0564826
29 25   0.0564826
29 26   0.0564826
29 27   0.0564826
29 28   0.0564826
29 29   0.0564826
29 30   0.0564826
29 31   0.0564826
29 32   0.0564826
29 33   0.0564826
29 34   0.0564826
29 35   0.0564826
29 36   0.0564826
29 37   0.0564826
29 38   0.0564826
29 39   0.0564826
29 40   0.0564826
30 1   0.0102378
30 2   0.0102378
30 3   0.0102378
30 4   0.0102378
30 5   0.0102378
30 6   0.0102378
30 7   0.0102378
30 8   0.0102378
30 9   0.0102378
30 10   0.0102378
30 11   0.0102378
30 12   0.0102378
30 13   0.0102378
30 14   0.0102378
30 15   0.0102378
30 16   0.0102378
30 17   0.0102378
30 18   0.0102378
30 19   0.0102378
30 20   0.0102378
30 21   0.0102378
30 22   0.0102378
30 23   0.0102378
30 24   0.0102378
30 25   0.0102378
30 26   0.0102378
30 27   0.0102378
30 28   0.0102378
30 29   0.0102378
30 30   0.0102378
30 31   0.0102378
30 32   0.0102378
30 33   0.0102378
30 34   0.0102378
30 35   0.0102378
30 36   0.0102378
30 37   0.0102378
30 38   0.0102378
30 39   0.0102378
30 40   0.0102378
31 1   0.00129337
31 2   0.00129337
31 3   0.00129337
31 4   0.00129337
31 5   0.00129337
31 6   0.00129337
31 7   0.00129337
31 8   0.00129337
31 9   0.00129337
31 10   0.00129337
31 11   0.00129337
31 12   0.00129337
31 13   0.00129337
31 14   0.00129337
31 15   0.00129337
31 16   0.00129337
31 17   0.00129337
31 18   0.00129337
31 19   0.00129337
31 20   0.00129337
31 21   0.00129337
31 22   0.00129337
31 23   0.00129337
31 24   0.00129337
31 25   0.00129337
31 26   0.00129337
31 27   0.00129337
31 28   0.00129337
31 29   0.00129337
31 30   0.00129337
31 31   0.00129337
31 32   0.00129337
31 33   0.00129337
31 34   0.00129337
31 35   0.00129337
31 36   0.00129337
31 37   0.00129337
31 38   0.00129337
31 39   0.00129337
31 40   0.00129337
32 1   0.000189024
32 2   0.000189024
32 3   0.000189024
32 4   0.000189024
32 5   0.000189024
32 6   0.000189024
32 7   0.000189024
32 8   0.000189024
32 9   0.000189024
32 10   0.000189024
32 11   0.000189024
32 12   0.000189024
32 13   0.000189024
32 14   0.000189024
32 15   0.000189024
32 16   0.000189024
32 17   0.000189024
32 18   0.000189024
32 19   0.000189024
32 20   0.000189024
32 21   0.000189024
32 22   0.000189024
32 23   0.000189024
32 24   0.000189024
32 25   0.000189024
32 26   0.000189024
32 27   0.000189024
32 28   0.000189024
32 29   0.000189024
32 30   0.000189024
32 31   0.000189024
32 32   0.000189024
32 33   0.000189024
32 34   0.000189024
32 35   0.000189024
32 36   0.000189024
32 37   0.000189024
32 38   0.000189024
32 39   0.000189024
32 40   0.000189024
33 1   0.000103831
33 2   0.000103831
33 3   0.000103831
33 4   0.000103831
33 5   0.000103831
33 6   0.000103831
33 7   0.000103831
33 8   0.000103831
33 9   0.000103831
33 10   0.000103831
33 11   0.000103831
33 12   0.000103831
33 13   0.000103831
33 14   0.000103831
33 15   0.000103831
33 16   0.000103831
33 17   0.000103831
33 18   0.000103831
33 19   0.000103831
33 20   0.000103831
33 21   0.000103831
33 22   0.000103831
33 23   0.000103831
33 24   0.000103831
33 25   0.000103831
33 26   0.000103831
33 27   0.000103831
33 28   0.000103831
33 29   0.000103831
33 30   0.000103831
33 31   0.000103831
33 32   0.000103831
33 33   0.000103831
33 34   0.000103831
33 35   0.000103831
33 36   0.000103831
33 37   0.000103831
33 38   0.000103831
33 39   0.000103831
33 40   0.000103831
34 1   0.000100073
34 2   0.000100073
34 3   0.000100073
34 4   0.000100073
34 5   0.000100073
34 6   0.000100073
34 7   0.000100073
34 8   0.000100073
34 9   0.000100073
34 10   0.000100073
34 11   0.000100073
34 12   0.000100073
34 13   0.000100073
34 14   0.000100073
34 15   0.000100073
34 16   0.000100073
34 17   0.000100073
34 18   0.000100073
34 19   0.000100073
34 20   0.000100073
34 21   0.000100073
34 22   0.000100073
34 23   0.000100073
34 24   0.000100073
34 25   0.000100073
34 26   0.000100073
34 27   0.000100073
34 28   0.000100073
34 29   0.000100073
34 30   0.000100073
34 31   0.000100073
34 32   0.000100073
34 33   0.000100073
34 34   0.000100073
34 35   0.000100073
34 36   0.000100073
34 37   0.000100073
34 38   0.000100073
34 39   0.000100073
34 40   0.000100073
35 1   0.0001
35 2   0.0001
35 3   0.0001
35 4   0.0001
35 5   0.0001
35 6   0.0001
35 7   0.0001
35 8   0.0001
35 9   0.0001
35 10   0.0001
35 11   0.0001
35 12   0.0001
35 13   0.0001
35 14   0.0001
35 15   0.0001
35 16   0.0001
35 17   0.0001
35 18   0.0001
35 19   0.0001
35 20   0.0001
35 21   0.0001
35 22   0.0001
35 23   0.0001
35 24   0.0001
35 25   0.0001
35 26   0.0001
35 27   0.0001
35 28   0.0001
35 29   0.0001
35 30   0.0001
35 31   0.0001
35 32   0.0001
35 33   0.0001
35 34   0.0001
35 35   0.0001
35 36   0.0001
35 37   0.0001
35 38   0.0001
35 39   0.0001
35 40   0.0001
36 1   0.0001
36 2   0.0001
36 3   0.0001
36 4   0.0001
36 5   0.0001
36 6   0.0001
36 7   0.0001
36 8   0.0001
36 9   0.0001
36 10   0.0001
36 11   0.0001
36 12   0.0001
36 13   0.0001
36 14   0.0001
36 15   0.0001
36 16   0.0001
36 17   0.0001
36 18   0.0001
36 19   0.0001
36 20   0.0001
36 21   0.0001
36 22   0.0001
36 23   0.0001
36 24   0.0001
36 25   0.0001
36 26   0.0001
36 27   0.0001
36 28   0.0001
36 29   0.0001
36 30   0.0001
36 31   0.0001
36 32   0.0001
36 33   0.0001
36 34   0.0001
36 35   0.0001
36 36   0.0001
36 37   0.0001
36 38   0.0001
36 39   0.0001
36 40   0.0001
37 1   0.0001
37 2   0.0001
37 3   0.0001
37 4   0.0001
37 5   0.0001
37 6   0.0001
37 7   0.0001
37 8   0.0001
37 9   0.0001
37 10   0.0001
37 11   0.0001
37 12   0.0001
37 13   0.0001
37 14   0.0001
37 15   0.0001
37 16   0.0001
37 17   0.0001
37 18   0.0001
37 19   0.0001
37 20   0.0001
37 21   0.0001
37 22   0.0001
37 23   0.0001
37 24   0.0001
37 25   0.0001
37 26   0.0001
37 27   0.0001
37 28   0.0001
37 29   0.0001
37 30   0.0001
37 31   0.0001
37 32   0.0001
37 33   0.0001
37 34   0.0001
37 35   0.0001
37 36   0.0001
37 37   0.0001
37 38   0.0001
37 39   0.0001
37 40   0.0001
38 1   0.0001
38 2   0.0001
38 3   0.0001
38 4   0.0001
38 5   0.0001
38 6   0.0001
38 7   0.0001
38 8   0.0001
38 9   0.0001
38 10   0.0001
38 11   0.0001
38 12   0.0001
38 13   0.0001
38 14   0.0001
38 15   0.0001
38 16   0.0001
38 17   0.0001
38 18   0.0001
38 19   0.0001
38 20   0.0001
38 21   0.0001
38 22   0.0001
38 23   0.0001
38 24   0.0001
38 25   0.0001
38 26   0.0001
38 27   0.0001
38 28   0.0001
38 29   0.0001
38 30   0.0001
38 31   0.0001
38 32   0.0001
38 33   0.0001
38 34   0.0001
38 35   0.0001
38 36   0.0001
38 37   0.0001
38 38   0.0001
38 39   0.0001
38 40   0.0001
39 1   0.0001
39 2   0.0001
39 3   0.0001
39 4   0.0001
39 5   0.0001
39 6   0.0001
39 7   0.0001
39 8   0.0001
39 9   0.0001
39 10   0.0001
39 11   0.0001
39 12   0.0001
39 13   0.0001
39 14   0.0001
39 15   0.0001
39 16   0.0001
39 17   0.0001
39 18   0.0001
39 19   0.0001
39 20   0.0001
39 21   0.0001
39 22   0.0001
39 23   0.0001
39 24   0.0001
39 25   0.0001
39 26   0.0001
39 27   0.0001
39 28   0.0001
39 29   0.0001
39 30   0.0001
39 31   0.0001
39 32   0.0001
39 33   0.0001
39 34   0.0001
39 35   0.0001
39 36   0.0001
39 37   0.0001
39 38   0.0001
39 39   0.0001
39 40   0.0001
40 1   0.0001
40 2   0.0001
40 3   0.0001
40 4   0.0001
40 5   0.0001
40 6   0.0001
40 7   0.0001
40 8   0.0001
40 9   0.0001
40 10   0.0001
40 11   0.0001
40 12   0.0001
40 13   0.0001
40 14   0.0001
40 15   0.0001
40 16   0.0001
40 17   0.0001
40 18   0.0001
40 19   0.0001
40 20   0.0001
40 21   0.0001
40 22   0.0001
40 23   0.0001
40 24   0.0001
40 25   0.0001
40 26   0.0001
40 27   0.0001
40 28   0.0001
40 29   0.0001
40 30   0.0001
40 31   0.0001
40 32   0.0001
40 33   0.0001
40 34   0.0001
40 35   0.0001
40 36   0.0001
40 37   0.0001
40 38   0.0001
40 39   0.0001
40 40   0.0001
