1 1   -0.124674
1 2   -0.124674
1 3   -0.124674
1 4   -0.124674
1 5   -0.124674
1 6   -0.124674
1 7   -0.124674
1 8   -0.124674
1 9   -0.124674
1 10   -0.124674
1 11   -0.124674
1 12   -0.124674
1 13   -0.124674
1 14   -0.124674
1 15   -0.124674
1 16   -0.124674
1 17   -0.124674
1 18   -0.124674
1 19   -0.124674
1 20   -0.124674
1 21   -0.124674
1 22   -0.124674
1 23   -0.124674
1 24   -0.124674
1 25   -0.124674
1 26   -0.124674
1 27   -0.124674
1 28   -0.124674
1 29   -0.124674
1 30   -0.124674
1 31   -0.124674
1 32   -0.124674
1 33   -0.124674
1 34   -0.124674
1 35   -0.124674
1 36   -0.124674
1 37   -0.124674
1 38   -0.124674
1 39   -0.124674
1 40   -0.124674
2 1   0.137479
2 2   0.137479
2 3   0.137479
2 4   0.137479
2 5   0.137479
2 6   0.137479
2 7   0.137479
2 8   0.137479
2 9   0.137479
2 10   0.137479
2 11   0.137479
2 12   0.137479
2 13   0.137479
2 14   0.137479
2 15   0.137479
2 16   0.137479
2 17   0.137479
2 18   0.137479
2 19   0.137479
2 20   0.137479
2 21   0.137479
2 22   0.137479
2 23   0.137479
2 24   0.137479
2 25   0.137479
2 26   0.137479
2 27   0.137479
2 28   0.137479
2 29   0.137479
2 30   0.137479
2 31   0.137479
2 32   0.137479
2 33   0.137479
2 34   0.137479
2 35   0.137479
2 36   0.137479
2 37   0.137479
2 38   0.137479
2 39   0.137479
2 40   0.137479
3 1   0.404857
3 2   0.404857
3 3   0.404857
3 4   0.404857
3 5   0.404857
3 6   0.404857
3 7   0.404857
3 8   0.404857
3 9   0.404857
3 10   0.404857
3 11   0.404857
3 12   0.404857
3 13   0.404857
3 14   0.404857
3 15   0.404857
3 16   0.404857
3 17   0.404857
3 18   0.404857
3 19   0.404857
3 20   0.404857
3 21   0.404857
3 22   0.404857
3 23   0.404857
3 24   0.404857
3 25   0.404857
3 26   0.404857
3 27   0.404857
3 28   0.404857
3 29   0.404857
3 30   0.404857
3 31   0.404857
3 32   0.404857
3 33   0.404857
3 34   0.404857
3 35   0.404857
3 36   0.404857
3 37   0.404857
3 38   0.404857
3 39   0.404857
3 40   0.404857
4 1   0.460499
4 2   0.460499
4 3   0.460499
4 4   0.460499
4 5   0.460499
4 6   0.460499
4 7   0.460499
4 8   0.460499
4 9   0.460499
4 10   0.460499
4 11   0.460499
4 12   0.460499
4 13   0.460499
4 14   0.460499
4 15   0.460499
4 16   0.460499
4 17   0.460499
4 18   0.460499
4 19   0.460499
4 20   0.460499
4 21   0.460499
4 22   0.460499
4 23   0.460499
4 24   0.460499
4 25   0.460499
4 26   0.460499
4 27   0.460499
4 28   0.460499
4 29   0.460499
4 30   0.460499
4 31   0.460499
4 32   0.460499
4 33   0.460499
4 34   0.460499
4 35   0.460499
4 36   0.460499
4 37   0.460499
4 38   0.460499
4 39   0.460499
4 40   0.460499
5 1   0.4321
5 2   0.4321
5 3   0.4321
5 4   0.4321
5 5   0.4321
5 6   0.4321
5 7   0.4321
5 8   0.4321
5 9   0.4321
5 10   0.4321
5 11   0.4321
5 12   0.4321
5 13   0.4321
5 14   0.4321
5 15   0.4321
5 16   0.4321
5 17   0.4321
5 18   0.4321
5 19   0.4321
5 20   0.4321
5 21   0.4321
5 22   0.4321
5 23   0.4321
5 24   0.4321
5 25   0.4321
5 26   0.4321
5 27   0.4321
5 28   0.4321
5 29   0.4321
5 30   0.4321
5 31   0.4321
5 32   0.4321
5 33   0.4321
5 34   0.4321
5 35   0.4321
5 36   0.4321
5 37   0.4321
5 38   0.4321
5 39   0.4321
5 40   0.4321
6 1   0.504974
6 2   0.504974
6 3   0.504974
6 4   0.504974
6 5   0.504974
6 6   0.504974
6 7   0.504974
6 8   0.504974
6 9   0.504974
6 10   0.504974
6 11   0.504974
6 12   0.504974
6 13   0.504974
6 14   0.504974
6 15   0.504974
6 16   0.504974
6 17   0.504974
6 18   0.504974
6 19   0.504974
6 20   0.504974
6 21   0.504974
6 22   0.504974
6 23   0.504974
6 24   0.504974
6 25   0.504974
6 26   0.504974
6 27   0.504974
6 28   0.504974
6 29   0.504974
6 30   0.504974
6 31   0.504974
6 32   0.504974
6 33   0.504974
6 34   0.504974
6 35   0.504974
6 36   0.504974
6 37   0.504974
6 38   0.504974
6 39   0.504974
6 40   0.504974
7 1   0.528758
7 2   0.528758
7 3   0.528758
7 4   0.528758
7 5   0.528758
7 6   0.528758
7 7   0.528758
7 8   0.528758
7 9   0.528758
7 10   0.528758
7 11   0.528758
7 12   0.528758
7 13   0.528758
7 14   0.528758
7 15   0.528758
7 16   0.528758
7 17   0.528758
7 18   0.528758
7 19   0.528758
7 20   0.528758
7 21   0.528758
7 22   0.528758
7 23   0.528758
7 24   0.528758
7 25   0.528758
7 26   0.528758
7 27   0.528758
7 28   0.528758
7 29   0.528758
7 30   0.528758
7 31   0.528758
7 32   0.528758
7 33   0.528758
7 34   0.528758
7 35   0.528758
7 36   0.528758
7 37   0.528758
7 38   0.528758
7 39   0.528758
7 40   0.528758
8 1   0.467352
8 2   0.467352
8 3   0.467352
8 4   0.467352
8 5   0.467352
8 6   0.467352
8 7   0.467352
8 8   0.467352
8 9   0.467352
8 10   0.467352
8 11   0.467352
8 12   0.467352
8 13   0.467352
8 14   0.467352
8 15   0.467352
8 16   0.467352
8 17   0.467352
8 18   0.467352
8 19   0.467352
8 20   0.467352
8 21   0.467352
8 22   0.467352
8 23   0.467352
8 24   0.467352
8 25   0.467352
8 26   0.467352
8 27   0.467352
8 28   0.467352
8 29   0.467352
8 30   0.467352
8 31   0.467352
8 32   0.467352
8 33   0.467352
8 34   0.467352
8 35   0.467352
8 36   0.467352
8 37   0.467352
8 38   0.467352
8 39   0.467352
8 40   0.467352
9 1   0.510555
9 2   0.510555
9 3   0.510555
9 4   0.510555
9 5   0.510555
9 6   0.510555
9 7   0.510555
9 8   0.510555
9 9   0.510555
9 10   0.510555
9 11   0.510555
9 12   0.510555
9 13   0.510555
9 14   0.510555
9 15   0.510555
9 16   0.510555
9 17   0.510555
9 18   0.510555
9 19   0.510555
9 20   0.510555
9 21   0.510555
9 22   0.510555
9 23   0.510555
9 24   0.510555
9 25   0.510555
9 26   0.510555
9 27   0.510555
9 28   0.510555
9 29   0.510555
9 30   0.510555
9 31   0.510555
9 32   0.510555
9 33   0.510555
9 34   0.510555
9 35   0.510555
9 36   0.510555
9 37   0.510555
9 38   0.510555
9 39   0.510555
9 40   0.510555
10 1   0.51284
10 2   0.51284
10 3   0.51284
10 4   0.51284
10 5   0.51284
10 6   0.51284
10 7   0.51284
10 8   0.51284
10 9   0.51284
10 10   0.51284
10 11   0.51284
10 12   0.51284
10 13   0.51284
10 14   0.51284
10 15   0.51284
10 16   0.51284
10 17   0.51284
10 18   0.51284
10 19   0.51284
10 20   0.51284
10 21   0.51284
10 22   0.51284
10 23   0.51284
10 24   0.51284
10 25   0.51284
10 26   0.51284
10 27   0.51284
10 28   0.51284
10 29   0.51284
10 30   0.51284
10 31   0.51284
10 32   0.51284
10 33   0.51284
10 34   0.51284
10 35   0.51284
10 36   0.51284
10 37   0.51284
10 38   0.51284
10 39   0.51284
10 40   0.51284
11 1   0.475562
11 2   0.475562
11 3   0.475562
11 4   0.475562
11 5   0.475562
11 6   0.475562
11 7   0.475562
11 8   0.475562
11 9   0.475562
11 10   0.475562
11 11   0.475562
11 12   0.475562
11 13   0.475562
11 14   0.475562
11 15   0.475562
11 16   0.475562
11 17   0.475562
11 18   0.475562
11 19   0.475562
11 20   0.475562
11 21   0.475562
11 22   0.475562
11 23   0.475562
11 24   0.475562
11 25   0.475562
11 26   0.475562
11 27   0.475562
11 28   0.475562
11 29   0.475562
11 30   0.475562
11 31   0.475562
11 32   0.475562
11 33   0.475562
11 34   0.475562
11 35   0.475562
11 36   0.475562
11 37   0.475562
11 38   0.475562
11 39   0.475562
11 40   0.475562
12 1   0.524022
12 2   0.524022
12 3   0.524022
12 4   0.524022
12 5   0.524022
12 6   0.524022
12 7   0.524022
12 8   0.524022
12 9   0.524022
12 10   0.524022
12 11   0.524022
12 12   0.524022
12 13   0.524022
12 14   0.524022
12 15   0.524022
12 16   0.524022
12 17   0.524022
12 18   0.524022
12 19   0.524022
12 20   0.524022
12 21   0.524022
12 22   0.524022
12 23   0.524022
12 24   0.524022
12 25   0.524022
12 26   0.524022
12 27   0.524022
12 28   0.524022
12 29   0.524022
12 30   0.524022
12 31   0.524022
12 32   0.524022
12 33   0.524022
12 34   0.524022
12 35   0.524022
12 36   0.524022
12 37   0.524022
12 38   0.524022
12 39   0.524022
12 40   0.524022
13 1   0.483721
13 2   0.483721
13 3   0.483721
13 4   0.483721
13 5   0.483721
13 6   0.483721
13 7   0.483721
13 8   0.483721
13 9   0.483721
13 10   0.483721
13 11   0.483721
13 12   0.483721
13 13   0.483721
13 14   0.483721
13 15   0.483721
13 16   0.483721
13 17   0.483721
13 18   0.483721
13 19   0.483721
13 20   0.483721
13 21   0.483721
13 22   0.483721
13 23   0.483721
13 24   0.483721
13 25   0.483721
13 26   0.483721
13 27   0.483721
13 28   0.483721
13 29   0.483721
13 30   0.483721
13 31   0.483721
13 32   0.483721
13 33   0.483721
13 34   0.483721
13 35   0.483721
13 36   0.483721
13 37   0.483721
13 38   0.483721
13 39   0.483721
13 40   0.483721
14 1   0.506791
14 2   0.506791
14 3   0.506791
14 4   0.506791
14 5   0.506791
14 6   0.506791
14 7   0.506791
14 8   0.506791
14 9   0.506791
14 10   0.506791
14 11   0.506791
14 12   0.506791
14 13   0.506791
14 14   0.506791
14 15   0.506791
14 16   0.506791
14 17   0.506791
14 18   0.506791
14 19   0.506791
14 20   0.506791
14 21   0.506791
14 22   0.506791
14 23   0.506791
14 24   0.506791
14 25   0.506791
14 26   0.506791
14 27   0.506791
14 28   0.506791
14 29   0.506791
14 30   0.506791
14 31   0.506791
14 32   0.506791
14 33   0.506791
14 34   0.506791
14 35   0.506791
14 36   0.506791
14 37   0.506791
14 38   0.506791
14 39   0.506791
14 40   0.506791
15 1   0.501723
15 2   0.501723
15 3   0.501723
15 4   0.501723
15 5   0.501723
15 6   0.501723
15 7   0.501723
15 8   0.501723
15 9   0.501723
15 10   0.501723
15 11   0.501723
15 12   0.501723
15 13   0.501723
15 14   0.501723
15 15   0.501723
15 16   0.501723
15 17   0.501723
15 18   0.501723
15 19   0.501723
15 20   0.501723
15 21   0.501723
15 22   0.501723
15 23   0.501723
15 24   0.501723
15 25   0.501723
15 26   0.501723
15 27   0.501723
15 28   0.501723
15 29   0.501723
15 30   0.501723
15 31   0.501723
15 32   0.501723
15 33   0.501723
15 34   0.501723
15 35   0.501723
15 36   0.501723
15 37   0.501723
15 38   0.501723
15 39   0.501723
15 40   0.501723
16 1   0.492259
16 2   0.492259
16 3   0.492259
16 4   0.492259
16 5   0.492259
16 6   0.492259
16 7   0.492259
16 8   0.492259
16 9   0.492259
16 10   0.492259
16 11   0.492259
16 12   0.492259
16 13   0.492259
16 14   0.492259
16 15   0.492259
16 16   0.492259
16 17   0.492259
16 18   0.492259
16 19   0.492259
16 20   0.492259
16 21   0.492259
16 22   0.492259
16 23   0.492259
16 24   0.492259
16 25   0.492259
16 26   0.492259
16 27   0.492259
16 28   0.492259
16 29   0.492259
16 30   0.492259
16 31   0.492259
16 32   0.492259
16 33   0.492259
16 34   0.492259
16 35   0.492259
16 36   0.492259
16 37   0.492259
16 38   0.492259
16 39   0.492259
16 40   0.492259
17 1   0.511726
17 2   0.511726
17 3   0.511726
17 4   0.511726
17 5   0.511726
17 6   0.511726
17 7   0.511726
17 8   0.511726
17 9   0.511726
17 10   0.511726
17 11   0.511726
17 12   0.511726
17 13   0.511726
17 14   0.511726
17 15   0.511726
17 16   0.511726
17 17   0.511726
17 18   0.511726
17 19   0.511726
17 20   0.511726
17 21   0.511726
17 22   0.511726
17 23   0.511726
17 24   0.511726
17 25   0.511726
17 26   0.511726
17 27   0.511726
17 28   0.511726
17 29   0.511726
17 30   0.511726
17 31   0.511726
17 32   0.511726
17 33   0.511726
17 34   0.511726
17 35   0.511726
17 36   0.511726
17 37   0.511726
17 38   0.511726
17 39   0.511726
17 40   0.511726
18 1   0.486213
18 2   0.486213
18 3   0.486213
18 4   0.486213
18 5   0.486213
18 6   0.486213
18 7   0.486213
18 8   0.486213
18 9   0.486213
18 10   0.486213
18 11   0.486213
18 12   0.486213
18 13   0.486213
18 14   0.486213
18 15   0.486213
18 16   0.486213
18 17   0.486213
18 18   0.486213
18 19   0.486213
18 20   0.486213
18 21   0.486213
18 22   0.486213
18 23   0.486213
18 24   0.486213
18 25   0.486213
18 26   0.486213
18 27   0.486213
18 28   0.486213
18 29   0.486213
18 30   0.486213
18 31   0.486213
18 32   0.486213
18 33   0.486213
18 34   0.486213
18 35   0.486213
18 36   0.486213
18 37   0.486213
18 38   0.486213
18 39   0.486213
18 40   0.486213
19 1   0.514828
19 2   0.514828
19 3   0.514828
19 4   0.514828
19 5   0.514828
19 6   0.514828
19 7   0.514828
19 8   0.514828
19 9   0.514828
19 10   0.514828
19 11   0.514828
19 12   0.514828
19 13   0.514828
19 14   0.514828
19 15   0.514828
19 16   0.514828
19 17   0.514828
19 18   0.514828
19 19   0.514828
19 20   0.514828
19 21   0.514828
19 22   0.514828
19 23   0.514828
19 24   0.514828
19 25   0.514828
19 26   0.514828
19 27   0.514828
19 28   0.514828
19 29   0.514828
19 30   0.514828
19 31   0.514828
19 32   0.514828
19 33   0.514828
19 34   0.514828
19 35   0.514828
19 36   0.514828
19 37   0.514828
19 38   0.514828
19 39   0.514828
19 40   0.514828
20 1   0.485272
20 2   0.485272
20 3   0.485272
20 4   0.485272
20 5   0.485272
20 6   0.485272
20 7   0.485272
20 8   0.485272
20 9   0.485272
20 10   0.485272
20 11   0.485272
20 12   0.485272
20 13   0.485272
20 14   0.485272
20 15   0.485272
20 16   0.485272
20 17   0.485272
20 18   0.485272
20 19   0.485272
20 20   0.485272
20 21   0.485272
20 22   0.485272
20 23   0.485272
20 24   0.485272
20 25   0.485272
20 26   0.485272
20 27   0.485272
20 28   0.485272
20 29   0.485272
20 30   0.485272
20 31   0.485272
20 32   0.485272
20 33   0.485272
20 34   0.485272
20 35   0.485272
20 36   0.485272
20 37   0.485272
20 38   0.485272
20 39   0.485272
20 40   0.485272
21 1   0.513887
21 2   0.513887
21 3   0.513887
21 4   0.513887
21 5   0.513887
21 6   0.513887
21 7   0.513887
21 8   0.513887
21 9   0.513887
21 10   0.513887
21 11   0.513887
21 12   0.513887
21 13   0.513887
21 14   0.513887
21 15   0.513887
21 16   0.513887
21 17   0.513887
21 18   0.513887
21 19   0.513887
21 20   0.513887
21 21   0.513887
21 22   0.513887
21 23   0.513887
21 24   0.513887
21 25   0.513887
21 26   0.513887
21 27   0.513887
21 28   0.513887
21 29   0.513887
21 30   0.513887
21 31   0.513887
21 32   0.513887
21 33   0.513887
21 34   0.513887
21 35   0.513887
21 36   0.513887
21 37   0.513887
21 38   0.513887
21 39   0.513887
21 40   0.513887
22 1   0.488374
22 2   0.488374
22 3   0.488374
22 4   0.488374
22 5   0.488374
22 6   0.488374
22 7   0.488374
22 8   0.488374
22 9   0.488374
22 10   0.488374
22 11   0.488374
22 12   0.488374
22 13   0.488374
22 14   0.488374
22 15   0.488374
22 16   0.488374
22 17   0.488374
22 18   0.488374
22 19   0.488374
22 20   0.488374
22 21   0.488374
22 22   0.488374
22 23   0.488374
22 24   0.488374
22 25   0.488374
22 26   0.488374
22 27   0.488374
22 28   0.488374
22 29   0.488374
22 30   0.488374
22 31   0.488374
22 32   0.488374
22 33   0.488374
22 34   0.488374
22 35   0.488374
22 36   0.488374
22 37   0.488374
22 38   0.488374
22 39   0.488374
22 40   0.488374
23 1   0.507841
23 2   0.507841
23 3   0.507841
23 4   0.507841
23 5   0.507841
23 6   0.507841
23 7   0.507841
23 8   0.507841
23 9   0.507841
23 10   0.507841
23 11   0.507841
23 12   0.507841
23 13   0.507841
23 14   0.507841
23 15   0.507841
23 16   0.507841
23 17   0.507841
23 18   0.507841
23 19   0.507841
23 20   0.507841
23 21   0.507841
23 22   0.507841
23 23   0.507841
23 24   0.507841
23 25   0.507841
23 26   0.507841
23 27   0.507841
23 28   0.507841
23 29   0.507841
23 30   0.507841
23 31   0.507841
23 32   0.507841
23 33   0.507841
23 34   0.507841
23 35   0.507841
23 36   0.507841
23 37   0.507841
23 38   0.507841
23 39   0.507841
23 40   0.507841
24 1   0.498377
24 2   0.498377
24 3   0.498377
24 4   0.498377
24 5   0.498377
24 6   0.498377
24 7   0.498377
24 8   0.498377
24 9   0.498377
24 10   0.498377
24 11   0.498377
24 12   0.498377
24 13   0.498377
24 14   0.498377
24 15   0.498377
24 16   0.498377
24 17   0.498377
24 18   0.498377
24 19   0.498377
24 20   0.498377
24 21   0.498377
24 22   0.498377
24 23   0.498377
24 24   0.498377
24 25   0.498377
24 26   0.498377
24 27   0.498377
24 28   0.498377
24 29   0.498377
24 30   0.498377
24 31   0.498377
24 32   0.498377
24 33   0.498377
24 34   0.498377
24 35   0.498377
24 36   0.498377
24 37   0.498377
24 38   0.498377
24 39   0.498377
24 40   0.498377
25 1   0.493309
25 2   0.493309
25 3   0.493309
25 4   0.493309
25 5   0.493309
25 6   0.493309
25 7   0.493309
25 8   0.493309
25 9   0.493309
25 10   0.493309
25 11   0.493309
25 12   0.493309
25 13   0.493309
25 14   0.493309
25 15   0.493309
25 16   0.493309
25 17   0.493309
25 18   0.493309
25 19   0.493309
25 20   0.493309
25 21   0.493309
25 22   0.493309
25 23   0.493309
25 24   0.493309
25 25   0.493309
25 26   0.493309
25 27   0.493309
25 28   0.493309
25 29   0.493309
25 30   0.493309
25 31   0.493309
25 32   0.493309
25 33   0.493309
25 34   0.493309
25 35   0.493309
25 36   0.493309
25 37   0.493309
25 38   0.493309
25 39   0.493309
25 40   0.493309
26 1   0.516379
26 2   0.516379
26 3   0.516379
26 4   0.516379
26 5   0.516379
26 6   0.516379
26 7   0.516379
26 8   0.516379
26 9   0.516379
26 10   0.516379
26 11   0.516379
26 12   0.516379
26 13   0.516379
26 14   0.516379
26 15   0.516379
26 16   0.516379
26 17   0.516379
26 18   0.516379
26 19   0.516379
26 20   0.516379
26 21   0.516379
26 22   0.516379
26 23   0.516379
26 24   0.516379
26 25   0.516379
26 26   0.516379
26 27   0.516379
26 28   0.516379
26 29   0.516379
26 30   0.516379
26 31   0.516379
26 32   0.516379
26 33   0.516379
26 34   0.516379
26 35   0.516379
26 36   0.516379
26 37   0.516379
26 38   0.516379
26 39   0.516379
26 40   0.516379
27 1   0.476078
27 2   0.476078
27 3   0.476078
27 4   0.476078
27 5   0.476078
27 6   0.476078
27 7   0.476078
27 8   0.476078
27 9   0.476078
27 10   0.476078
27 11   0.476078
27 12   0.476078
27 13   0.476078
27 14   0.476078
27 15   0.476078
27 16   0.476078
27 17   0.476078
27 18   0.476078
27 19   0.476078
27 20   0.476078
27 21   0.476078
27 22   0.476078
27 23   0.476078
27 24   0.476078
27 25   0.476078
27 26   0.476078
27 27   0.476078
27 28   0.476078
27 29   0.476078
27 30   0.476078
27 31   0.476078
27 32   0.476078
27 33   0.476078
27 34   0.476078
27 35   0.476078
27 36   0.476078
27 37   0.476078
27 38   0.476078
27 39   0.476078
27 40   0.476078
28 1   0.524538
28 2   0.524538
28 3   0.524538
28 4   0.524538
28 5   0.524538
28 6   0.524538
28 7   0.524538
28 8   0.524538
28 9   0.524538
28 10   0.524538
28 11   0.524538
28 12   0.524538
28 13   0.524538
28 14   0.524538
28 15   0.524538
28 16   0.524538
28 17   0.524538
28 18   0.524538
28 19   0.524538
28 20   0.524538
28 21   0.524538
28 22   0.524538
28 23   0.524538
28 24   0.524538
28 25   0.524538
28 26   0.524538
28 27   0.524538
28 28   0.524538
28 29   0.524538
28 30   0.524538
28 31   0.524538
28 32   0.524538
28 33   0.524538
28 34   0.524538
28 35   0.524538
28 36   0.524538
28 37   0.524538
28 38   0.524538
28 39   0.524538
28 40   0.524538
29 1   0.487257
29 2   0.487257
29 3   0.487257
29 4   0.487257
29 5   0.487257
29 6   0.487257
29 7   0.487257
29 8   0.487257
29 9   0.487257
29 10   0.487257
29 11   0.487257
29 12   0.487257
29 13   0.487257
29 14   0.487257
29 15   0.487257
29 16   0.487257
29 17   0.487257
29 18   0.487257
29 19   0.487257
29 20   0.487257
29 21   0.487257
29 22   0.487257
29 23   0.487257
29 24   0.487257
29 25   0.487257
29 26   0.487257
29 27   0.487257
29 28   0.487257
29 29   0.487257
29 30   0.487257
29 31   0.487257
29 32   0.487257
29 33   0.487257
29 34   0.487257
29 35   0.487257
29 36   0.487257
29 37   0.487257
29 38   0.487257
29 39   0.487257
29 40   0.487257
30 1   0.489522
30 2   0.489522
30 3   0.489522
30 4   0.489522
30 5   0.489522
30 6   0.489522
30 7   0.489522
30 8   0.489522
30 9   0.489522
30 10   0.489522
30 11   0.489522
30 12   0.489522
30 13   0.489522
30 14   0.489522
30 15   0.489522
30 16   0.489522
30 17   0.489522
30 18   0.489522
30 19   0.489522
30 20   0.489522
30 21   0.489522
30 22   0.489522
30 23   0.489522
30 24   0.489522
30 25   0.489522
30 26   0.489522
30 27   0.489522
30 28   0.489522
30 29   0.489522
30 30   0.489522
30 31   0.489522
30 32   0.489522
30 33   0.489522
30 34   0.489522
30 35   0.489522
30 36   0.489522
30 37   0.489522
30 38   0.489522
30 39   0.489522
30 40   0.489522
31 1   0.532586
31 2   0.532586
31 3   0.532586
31 4   0.532586
31 5   0.532586
31 6   0.532586
31 7   0.532586
31 8   0.532586
31 9   0.532586
31 10   0.532586
31 11   0.532586
31 12   0.532586
31 13   0.532586
31 14   0.532586
31 15   0.532586
31 16   0.532586
31 17   0.532586
31 18   0.532586
31 19   0.532586
31 20   0.532586
31 21   0.532586
31 22   0.532586
31 23   0.532586
31 24   0.532586
31 25   0.532586
31 26   0.532586
31 27   0.532586
31 28   0.532586
31 29   0.532586
31 30   0.532586
31 31   0.532586
31 32   0.532586
31 33   0.532586
31 34   0.532586
31 35   0.532586
31 36   0.532586
31 37   0.532586
31 38   0.532586
31 39   0.532586
31 40   0.532586
32 1   0.470392
32 2   0.470392
32 3   0.470392
32 4   0.470392
32 5   0.470392
32 6   0.470392
32 7   0.470392
32 8   0.470392
32 9   0.470392
32 10   0.470392
32 11   0.470392
32 12   0.470392
32 13   0.470392
32 14   0.470392
32 15   0.470392
32 16   0.470392
32 17   0.470392
32 18   0.470392
32 19   0.470392
32 20   0.470392
32 21   0.470392
32 22   0.470392
32 23   0.470392
32 24   0.470392
32 25   0.470392
32 26   0.470392
32 27   0.470392
32 28   0.470392
32 29   0.470392
32 30   0.470392
32 31   0.470392
32 32   0.470392
32 33   0.470392
32 34   0.470392
32 35   0.470392
32 36   0.470392
32 37   0.470392
32 38   0.470392
32 39   0.470392
32 40   0.470392
33 1   0.490507
33 2   0.490507
33 3   0.490507
33 4   0.490507
33 5   0.490507
33 6   0.490507
33 7   0.490507
33 8   0.490507
33 9   0.490507
33 10   0.490507
33 11   0.490507
33 12   0.490507
33 13   0.490507
33 14   0.490507
33 15   0.490507
33 16   0.490507
33 17   0.490507
33 18   0.490507
33 19   0.490507
33 20   0.490507
33 21   0.490507
33 22   0.490507
33 23   0.490507
33 24   0.490507
33 25   0.490507
33 26   0.490507
33 27   0.490507
33 28   0.490507
33 29   0.490507
33 30   0.490507
33 31   0.490507
33 32   0.490507
33 33   0.490507
33 34   0.490507
33 35   0.490507
33 36   0.490507
33 37   0.490507
33 38   0.490507
33 39   0.490507
33 40   0.490507
34 1   0.549541
34 2   0.549541
34 3   0.549541
34 4   0.549541
34 5   0.549541
34 6   0.549541
34 7   0.549541
34 8   0.549541
34 9   0.549541
34 10   0.549541
34 11   0.549541
34 12   0.549541
34 13   0.549541
34 14   0.549541
34 15   0.549541
34 16   0.549541
34 17   0.549541
34 18   0.549541
34 19   0.549541
34 20   0.549541
34 21   0.549541
34 22   0.549541
34 23   0.549541
34 24   0.549541
34 25   0.549541
34 26   0.549541
34 27   0.549541
34 28   0.549541
34 29   0.549541
34 30   0.549541
34 31   0.549541
34 32   0.549541
34 33   0.549541
34 34   0.549541
34 35   0.549541
34 36   0.549541
34 37   0.549541
34 38   0.549541
34 39   0.549541
34 40   0.549541
35 1   0.479508
35 2   0.479508
35 3   0.479508
35 4   0.479508
35 5   0.479508
35 6   0.479508
35 7   0.479508
35 8   0.479508
35 9   0.479508
35 10   0.479508
35 11   0.479508
35 12   0.479508
35 13   0.479508
35 14   0.479508
35 15   0.479508
35 16   0.479508
35 17   0.479508
35 18   0.479508
35 19   0.479508
35 20   0.479508
35 21   0.479508
35 22   0.479508
35 23   0.479508
35 24   0.479508
35 25   0.479508
35 26   0.479508
35 27   0.479508
35 28   0.479508
35 29   0.479508
35 30   0.479508
35 31   0.479508
35 32   0.479508
35 33   0.479508
35 34   0.479508
35 35   0.479508
35 36   0.479508
35 37   0.479508
35 38   0.479508
35 39   0.479508
35 40   0.479508
36 1   0.438235
36 2   0.438235
36 3   0.438235
36 4   0.438235
36 5   0.438235
36 6   0.438235
36 7   0.438235
36 8   0.438235
36 9   0.438235
36 10   0.438235
36 11   0.438235
36 12   0.438235
36 13   0.438235
36 14   0.438235
36 15   0.438235
36 16   0.438235
36 17   0.438235
36 18   0.438235
36 19   0.438235
36 20   0.438235
36 21   0.438235
36 22   0.438235
36 23   0.438235
36 24   0.438235
36 25   0.438235
36 26   0.438235
36 27   0.438235
36 28   0.438235
36 29   0.438235
36 30   0.438235
36 31   0.438235
36 32   0.438235
36 33   0.438235
36 34   0.438235
36 35   0.438235
36 36   0.438235
36 37   0.438235
36 38   0.438235
36 39   0.438235
36 40   0.438235
37 1   0.540972
37 2   0.540972
37 3   0.540972
37 4   0.540972
37 5   0.540972
37 6   0.540972
37 7   0.540972
37 8   0.540972
37 9   0.540972
37 10   0.540972
37 11   0.540972
37 12   0.540972
37 13   0.540972
37 14   0.540972
37 15   0.540972
37 16   0.540972
37 17   0.540972
37 18   0.540972
37 19   0.540972
37 20   0.540972
37 21   0.540972
37 22   0.540972
37 23   0.540972
37 24   0.540972
37 25   0.540972
37 26   0.540972
37 27   0.540972
37 28   0.540972
37 29   0.540972
37 30   0.540972
37 31   0.540972
37 32   0.540972
37 33   0.540972
37 34   0.540972
37 35   0.540972
37 36   0.540972
37 37   0.540972
37 38   0.540972
37 39   0.540972
37 40   0.540972
38 1   0.626702
38 2   0.626702
38 3   0.626702
38 4   0.626702
38 5   0.626702
38 6   0.626702
38 7   0.626702
38 8   0.626702
38 9   0.626702
38 10   0.626702
38 11   0.626702
38 12   0.626702
38 13   0.626702
38 14   0.626702
38 15   0.626702
38 16   0.626702
38 17   0.626702
38 18   0.626702
38 19   0.626702
38 20   0.626702
38 21   0.626702
38 22   0.626702
38 23   0.626702
38 24   0.626702
38 25   0.626702
38 26   0.626702
38 27   0.626702
38 28   0.626702
38 29   0.626702
38 30   0.626702
38 31   0.626702
38 32   0.626702
38 33   0.626702
38 34   0.626702
38 35   0.626702
38 36   0.626702
38 37   0.626702
38 38   0.626702
38 39   0.626702
38 40   0.626702
39 1   0.576908
39 2   0.576908
39 3   0.576908
39 4   0.576908
39 5   0.576908
39 6   0.576908
39 7   0.576908
39 8   0.576908
39 9   0.576908
39 10   0.576908
39 11   0.576908
39 12   0.576908
39 13   0.576908
39 14   0.576908
39 15   0.576908
39 16   0.576908
39 17   0.576908
39 18   0.576908
39 19   0.576908
39 20   0.576908
39 21   0.576908
39 22   0.576908
39 23   0.576908
39 24   0.576908
39 25   0.576908
39 26   0.576908
39 27   0.576908
39 28   0.576908
39 29   0.576908
39 30   0.576908
39 31   0.576908
39 32   0.576908
39 33   0.576908
39 34   0.576908
39 35   0.576908
39 36   0.576908
39 37   0.576908
39 38   0.576908
39 39   0.576908
39 40   0.576908
40 1   0.484329
40 2   0.484329
40 3   0.484329
40 4   0.484329
40 5   0.484329
40 6   0.484329
40 7   0.484329
40 8   0.484329
40 9   0.484329
40 10   0.484329
40 11   0.484329
40 12   0.484329
40 13   0.484329
40 14   0.484329
40 15   0.484329
40 16   0.484329
40 17   0.484329
40 18   0.484329
40 19   0.484329
40 20   0.484329
40 21   0.484329
40 22   0.484329
40 23   0.484329
40 24   0.484329
40 25   0.484329
40 26   0.484329
40 27   0.484329
40 28   0.484329
40 29   0.484329
40 30   0.484329
40 31   0.484329
40 32   0.484329
40 33   0.484329
40 34   0.484329
40 35   0.484329
40 36   0.484329
40 37   0.484329
40 38   0.484329
40 39   0.484329
40 40   0.484329
