1 1   23.2295 185.442 0.373782
2 1   53.1392 10.3627 0.10828
3 1   46.1231 -75.3998 0.176776
4 1   -168.516 90.8394 0.38288
5 1   27.4574 -98.0022 0.203552
6 1   115.029 181.731 0.430152
7 1   -57.4535 -5.24635 0.115385
8 1   -417.457 62.3136 0.844164
9 1   227.909 729.626 1.52879
10 1   140.327 -32.1 0.287903
11 1   -121.961 -225.225 0.512253
12 1   -298.505 -224.615 0.747146
13 1   47.7465 -51.1823 0.139991
14 1   -33.2421 -29.2053 0.0884983
15 1   250.423 -73.1094 0.521754
16 1   -271.452 -323.866 0.845164
17 1   236.645 2187.68 4.40088
18 1   297.956 -115.999 0.639479
19 1   -130.419 -128.107 0.365626
20 1   -156.113 52.4088 0.32935
21 1   40.9424 -1397.92 2.79704
22 1   413.703 -165.324 0.891027
23 1   59.3416 34.4773 0.13726
24 1   -23.9422 178.711 0.360614
25 1   -338.098 -164.084 0.751622
26 1   -247.363 -174.481 0.605417
27 1   -133.651 59.5845 0.292663
28 1   -0.206947 132.261 0.264523
29 1   -190.592 -400.854 0.887716
30 1   -65.5405 154.619 0.335873
31 1   -144.59 201.465 0.495961
32 1   158.592 -125.532 0.404523
33 1   -108.376 -26.9406 0.223349
34 1   61.0847 -261.676 0.537421
35 1   -190.976 96.1461 0.427626
36 1   192.482 113.151 0.446552
37 1   -29.2611 56.5889 0.127413
38 1   65.0736 139.713 0.308248
39 1   -10.0954 -4.87015 0.0224175
40 1   -89.1419 307.346 0.640024
41 1   -48.2727 84.7973 0.19515
42 1   -141.259 -54.6512 0.302925
43 1   -352.427 -75.6973 0.720929
44 1   -34.2058 8.44352 0.070465
45 1   222.835 -234.719 0.647297
46 1   -192.411 263.708 0.652882
47 1   -140.815 -169.05 0.44003
48 1   -148.644 -198.24 0.495557
49 1   -205.789 -16.3711 0.412879
50 1   -330.875 14.2727 0.662366
1 2   185.673 -127.266 0.450205
2 2   -45.4948 11.8055 0.094003
3 2   8.53849 52.4113 0.106205
4 2   -136.627 617.273 1.26443
5 2   200.386 56.7639 0.416541
6 2   217.873 95.2196 0.475543
7 2   51.7164 69.0066 0.17247
8 2   -1319.9 -571.923 2.87696
9 2   -27.5554 -196.142 0.396136
10 2   -78.0945 -211.404 0.450735
11 2   -46.3999 14.9131 0.0974752
12 2   -245.853 -222.54 0.663228
13 2   170.236 145.492 0.447876
14 2   306.868 -187.491 0.719224
15 2   503.501 -233.914 1.11037
16 2   213.061 2.38205 0.426149
17 2   -77.7929 -810.014 1.62748
18 2   11.9638 178.713 0.358227
19 2   2.78549 -109.993 0.220057
20 2   -799.809 90.3104 1.60978
21 2   -1348.88 -832.226 3.16991
22 2   -98.9321 -211.473 0.466941
23 2   -111.446 64.5444 0.257576
24 2   14.7939 -104.051 0.210195
25 2   -154.09 -72.7336 0.340788
26 2   -192.372 114.892 0.448139
27 2   108.587 141.75 0.357122
28 2   399.18 330.947 1.03705
29 2   282.472 -123.09 0.616253
30 2   -32.3662 -69.5089 0.15335
31 2   256.563 -381.942 0.920226
32 2   -199.58 -78.5583 0.42897
33 2   33.5099 46.4322 0.114523
34 2   -307.949 727.86 1.58065
35 2   46.6318 -1.54776 0.0933149
36 2   96.8878 -642.138 1.29881
37 2   -21.4459 260.981 0.52372
38 2   -0.638644 -139.02 0.278042
39 2   137.392 54.4314 0.295564
40 2   36.7596 -31.4845 0.0967996
41 2   1477.37 1246.15 3.86551
42 2   -157.209 32.3438 0.321003
43 2   7.50092 -208.838 0.417946
44 2   359.085 97.9641 0.744417
45 2   -25.1109 -170.085 0.343858
46 2   -87.051 -41.8126 0.193144
47 2   -261.084 -258.571 0.734913
48 2   22.1094 -297.254 0.59615
49 2   -148.278 68.7746 0.326903
50 2   79.6576 -50.777 0.18893
1 3   -27.6574 -43.7053 0.103442
2 3   -344.29 -301.737 0.9156
3 3   -75.416 -241.746 0.506472
4 3   929.58 -16.632 1.85946
5 3   342.998 160.493 0.757378
6 3   158.395 -23.4207 0.320234
7 3   94.9521 -90.3381 0.262121
8 3   -88.3203 -81.4085 0.240232
9 3   -196.329 -34.8651 0.398802
10 3   -68.8439 105.922 0.252657
11 3   4892.65 -57.4567 9.78598
12 3   136.904 171.733 0.439248
13 3   19.9872 -138.15 0.279177
14 3   -200.023 404.857 0.903147
15 3   137.294 151.519 0.408939
16 3   158.402 -1001.19 2.02728
17 3   -82.1159 139.929 0.324488
18 3   -117.443 -81.3952 0.285784
19 3   235.231 252.369 0.689996
20 3   20.2761 -82.6542 0.17021
21 3   -4.23923 -150.441 0.301002
22 3   3398.63 697.12 6.93878
23 3   238.646 18.4594 0.478717
24 3   352.706 33.4343 0.708573
25 3   66.1162 227.277 0.473397
26 3   31.8213 -75.4351 0.163744
27 3   -120.855 236.13 0.530521
28 3   -38.1644 -133.283 0.277278
29 3   -271.522 -523.049 1.17865
30 3   -76.5636 142.825 0.324104
31 3   -5.55359 63.9285 0.128338
32 3   50.2064 52.5702 0.145386
33 3   339.831 -16.291 0.680443
34 3   -75.8074 0.945441 0.151627
35 3   311.945 -86.241 0.647293
36 3   -32.1448 -128.309 0.264548
37 3   197.386 7.36323 0.395046
38 3   41.4051 -38.5878 0.113197
39 3   13.3873 -181.519 0.364024
40 3   265.21 343.235 0.867518
41 3   -42.5141 -75.2816 0.172913
42 3   -367.55 161.917 0.803268
43 3   -13.4457 98.5578 0.198941
44 3   -53.1629 34.1036 0.126323
45 3   106.433 -21.3358 0.217101
46 3   -71.4056 115.28 0.271206
47 3   375.551 92.8787 0.773731
48 3   100.679 104.769 0.290605
49 3   251.199 110.721 0.549037
50 3   436.277 662.703 1.58684
1 4   50.2034 -126.391 0.271993
2 4   -268.661 -783.92 1.65736
3 4   1184.83 509.01 2.57908
4 4   -3.54773 345.479 0.690995
5 4   290.039 32.4108 0.583688
6 4   -2006.01 -3873.42 8.7241
7 4   -445.38 -215.433 0.989494
8 4   -5006.45 -1131.26 10.2653
9 4   96.9391 -134.2 0.331099
10 4   198.893 64.5165 0.418191
11 4   -15.2457 -292.043 0.584881
12 4   -216.494 94.1239 0.472139
13 4   16.4557 54.376 0.113623
14 4   105.202 -454.288 0.93262
15 4   595.746 -118.835 1.21497
16 4   40.9154 98.9722 0.214192
17 4   142.68 371.351 0.795635
18 4   5214.33 -5468.64 15.1123
19 4   -65.321 -208.781 0.437522
20 4   -151.465 -435.357 0.921907
21 4   -49.0733 45.7991 0.13425
22 4   -290.577 2073.1 4.18673
23 4   353.591 157.565 0.774218
24 4   405.987 517.832 1.31602
25 4   378.395 276.004 0.93672
26 4   -140.548 156.067 0.420051
27 4   161.439 -301.205 0.683482
28 4   -240.773 -17.2862 0.482786
29 4   256.606 18.3049 0.514516
30 4   -346.554 -334.719 0.963611
31 4   92.1538 -22.4954 0.189719
32 4   -1912.41 -67.1663 3.82718
33 4   78.9423 -199.272 0.428677
34 4   -45.7885 335.396 0.677014
35 4   -19.3287 -31.4142 0.0737686
36 4   883.091 -184.407 1.80428
37 4   -85.7688 -99.6807 0.263002
38 4   496.343 -116.854 1.01983
39 4   23.7654 57.228 0.123933
40 4   299.928 -135.653 0.658357
41 4   251.987 -59.6488 0.517902
42 4   92.6262 -63.3485 0.224434
43 4   -160.602 -47.9928 0.335239
44 4   128.915 -287.507 0.630172
45 4   -370.133 -179.709 0.822906
46 4   -41.8235 227.748 0.463112
47 4   -32.0154 439.614 0.881556
48 4   -467.799 -387.873 1.21537
49 4   -904.163 400.403 1.97771
50 4   78.1344 27.8995 0.165932
1 5   -182.908 -110.423 0.42731
2 5   -76.6722 -65.7002 0.201942
3 5   145.097 125.645 0.383875
4 5   158.583 -386.892 0.836262
5 5   261.014 -107.846 0.564833
6 5   -8.30721 88.288 0.177356
7 5   -128.685 -81.3146 0.304447
8 5   -295.473 -3654.31 7.33247
9 5   -204.986 154.449 0.513318
10 5   101.048 -305.19 0.642967
11 5   -183.656 123.723 0.442886
12 5   359.866 -227.656 0.851659
13 5   245.127 -333.526 0.827834
14 5   106.171 -14.0852 0.214203
15 5   -351.662 276.37 0.894531
16 5   249.881 -67.9342 0.517901
17 5   171.595 -372.54 0.820319
18 5   -18.7836 138.538 0.279611
19 5   -110.229 363.356 0.759416
20 5   -177.726 -490.713 1.04381
21 5   -179.413 -28.9929 0.363481
22 5   -370.456 324.812 0.985374
23 5   -92.2994 370.339 0.763335
24 5   12.4243 -55.1103 0.112987
25 5   -21.3799 -57.4675 0.122631
26 5   -110.353 -257.224 0.559794
27 5   82.9441 884.065 1.77589
28 5   -77.3786 17.6779 0.158744
29 5   100.405 -480.322 0.981407
30 5   306.933 313.667 0.877712
31 5   -149.005 -55.4935 0.318007
32 5   38.3233 -106.893 0.227111
33 5   -324.812 58.9768 0.660245
34 5   0.66913 154.33 0.308663
35 5   -26.3273 -534.928 1.07115
36 5   -73.8264 -116.943 0.276593
37 5   61.2214 -244.117 0.503354
38 5   -1152.91 -725.642 2.72452
39 5   -259.352 126.908 0.577475
40 5   -1301.83 1740.17 4.34647
41 5   192.898 98.8937 0.433542
42 5   -5.72867 -43.0364 0.086832
43 5   -238.781 39.0606 0.483909
44 5   -67.7747 189.646 0.402785
45 5   -406.773 215.221 0.9204
46 5   -132.33 100.15 0.331911
47 5   -118.677 -70.0034 0.275571
48 5   -121.47 37.9598 0.254526
49 5   147.339 -806.7 1.64009
50 5   1.49729 -128.213 0.256444
1 6   435.928 -110.215 0.899291
2 6   -20.3658 -66.351 0.138812
3 6   -66.0505 312.187 0.638196
4 6   334.199 -481.385 1.17204
5 6   90.1959 130.978 0.318061
6 6   -368.159 -329.139 0.987671
7 6   -883.821 -648.787 2.19277
8 6   -199.865 -89.0407 0.437603
9 6   167.263 -116.275 0.407416
10 6   21.5826 -378.014 0.757259
11 6   -60.3793 100.765 0.23494
12 6   -376.053 101.2 0.778864
13 6   24.12 142.017 0.288101
14 6   -22.0698 146.756 0.296812
15 6   170.911 105.827 0.402045
16 6   76.9639 183.34 0.397678
17 6   85.6961 -315.57 0.653997
18 6   168.442 -8.62412 0.337326
19 6   208.68 80.0568 0.447018
20 6   136.764 -68.9007 0.30628
21 6   205.753 205.062 0.580982
22 6   150.888 -123.356 0.389789
23 6   -15.5873 9.63937 0.0366542
24 6   -12.9368 -44.0442 0.0918097
25 6   -367.717 -178.8 0.817766
26 6   -197.552 -255.192 0.645446
27 6   -55.2211 -385.888 0.779638
28 6   -34.0934 -154.408 0.316253
29 6   173.172 301.226 0.694912
30 6   200.722 317.739 0.751658
31 6   -182.093 -131.231 0.448907
32 6   12.4454 580.953 1.16217
33 6   10.6729 -148.018 0.296805
34 6   327.467 -69.0254 0.669326
35 6   217.556 129.379 0.50624
36 6   59.0134 -75.8941 0.192276
37 6   72.7054 -123.78 0.287107
38 6   -319.063 -99.691 0.66855
39 6   -5.80916 344.349 0.688795
40 6   34.3123 43.5362 0.110864
41 6   268.66 -623.11 1.35712
42 6   -74.7195 -54.7954 0.185316
43 6   135.572 -131.851 0.37823
44 6   4.74765 9.30183 0.0208868
45 6   256.598 -31.4099 0.517026
46 6   456.627 328.97 1.12557
47 6   208.613 193.468 0.569031
48 6   -14.718 -500.879 1.00219
49 6   327.788 291.531 0.877349
50 6   -354.582 412.269 1.08756
1 7   115.387 -12.4042 0.232104
2 7   -79.3079 128.497 0.302001
3 7   56.8743 144.499 0.310579
4 7   780.632 366.52 1.72479
5 7   185.362 -105.228 0.426295
6 7   20.4856 157.495 0.317644
7 7   -308.244 -118.491 0.660468
8 7   3867.62 -1139.36 8.0639
9 7   -148.91 -146.603 0.417932
10 7   -44.4869 39.6472 0.11918
11 7   330.91 101.092 0.692015
12 7   3.81928 -77.8809 0.155949
13 7   215.131 20.7975 0.432268
14 7   100.918 -149.476 0.360708
15 7   425.295 394.451 1.16012
16 7   -156.183 -43.2691 0.324132
17 7   368.147 -218.838 0.856557
18 7   264.488 797.453 1.68034
19 7   44.1346 60.4809 0.149744
20 7   79.4487 -199.191 0.428901
21 7   505.554 -330.747 1.20827
22 7   206.843 138.37 0.497715
23 7   310.683 -17.945 0.622401
24 7   -129.358 -202.593 0.480739
25 7   146.594 46.2762 0.307449
26 7   49.6932 -207.703 0.42713
27 7   -8.78673 296.148 0.592556
28 7   -212.748 222.824 0.616157
29 7   744.29 157.201 1.52142
30 7   -24.7781 120.257 0.245566
31 7   454.855 202.009 0.995392
32 7   -37.0729 136.685 0.283248
33 7   186.666 -119.87 0.443679
34 7   -300.611 49.8048 0.609419
35 7   93.7427 171.659 0.391175
36 7   -82.8543 -334.069 0.68838
37 7   33.3905 -16.3221 0.0743326
38 7   264.854 173.299 0.633026
39 7   31.6184 -142.014 0.290982
40 7   159.658 -27.4321 0.323994
41 7   -121.339 561.163 1.14826
42 7   -105.094 -97.9747 0.287358
43 7   345.188 -1.66709 0.690384
44 7   -639.16 -1429.91 3.13252
45 7   6173.33 6632.38 18.1216
46 7   -79.3852 74.8998 0.218284
47 7   -166.559 -88.1915 0.376933
48 7   -451.836 -34.7861 0.906346
49 7   -795.505 1804.27 3.94371
50 7   26.6345 -30.3015 0.0806865
1 8   220.229 -157.247 0.541211
2 8   27.6743 -79.0447 0.167498
3 8   -1076.33 3146.26 6.65054
4 8   -267.09 26.8034 0.536863
5 8   119.209 51.1266 0.259421
6 8   -132.769 -136.79 0.381256
7 8   -34.1206 7.90682 0.0700495
8 8   1577.41 6751.85 13.8673
9 8   -146.98 -76.1611 0.33108
10 8   -2.66015 -75.8721 0.151837
11 8   -38.4674 -111.94 0.236731
12 8   -111.382 -727.214 1.47139
13 8   -41.5427 -372.726 0.750067
14 8   -391.141 -170.462 0.853344
15 8   -169.503 101.806 0.395454
16 8   501.629 622.854 1.59947
17 8   -355.048 -220.615 0.836015
18 8   -1250.43 -72.5781 2.50508
19 8   11.8744 -2.9364 0.0244642
20 8   -357.757 -80.5654 0.733432
21 8   4.70701 138.308 0.276776
22 8   341.096 -279.897 0.882471
23 8   -170.998 104.872 0.40119
24 8   54.5091 -122.34 0.267868
25 8   -127.946 641.886 1.30903
26 8   10.5917 -83.5026 0.168343
27 8   536.8 -62.0097 1.08074
28 8   83.3245 -334.139 0.688744
29 8   -111.164 -99.4495 0.298312
30 8   1217.33 654.066 2.76383
31 8   -131.769 -249.44 0.56421
32 8   -326.257 -609.279 1.38227
33 8   -136.181 214.582 0.508293
34 8   -241.26 501.268 1.11261
35 8   -130.433 979.091 1.97548
36 8   -85.0257 -116.738 0.28884
37 8   -118.758 -103.494 0.315052
38 8   173.389 197.31 0.525338
39 8   -387.634 83.4639 0.793035
40 8   295.67 44.125 0.597889
41 8   -307.858 88.8215 0.640831
42 8   -414.907 -567.953 1.40672
43 8   -409.825 528.286 1.33722
44 8   -12.4691 -204.812 0.410383
45 8   20.1886 -99.8591 0.203759
46 8   193.219 -33.8175 0.392312
47 8   -98.9524 20.0791 0.201938
48 8   109.56 31.1928 0.227828
49 8   -72.2535 -230.082 0.482322
50 8   66.3544 216.352 0.452597
1 9   2.22721 63.7581 0.127594
2 9   126.472 84.4021 0.304098
3 9   20.683 472.67 0.946245
4 9   1170.92 285.463 2.41043
5 9   -1160.56 702.75 2.71349
6 9   184.604 4.89355 0.369339
7 9   -454.534 773.854 1.79494
8 9   -114.54 59.359 0.258015
9 9   391.733 -552.241 1.35414
10 9   95.8978 -257.193 0.54898
11 9   295.346 -42.7265 0.596841
12 9   -339.803 -277.205 0.877059
13 9   48.5385 530.51 1.06545
14 9   4.51092 -0.960852 0.00922423
15 9   -516.404 -114.712 1.05798
16 9   37.8413 89.2537 0.193888
17 9   64.0058 -62.061 0.178307
18 9   96.0695 111.877 0.29493
19 9   -209.553 -31.5255 0.423822
20 9   75.5046 -87.7706 0.231557
21 9   -43.2346 -10.7334 0.089094
22 9   -132.205 383.8 0.811864
23 9   -313.171 -252.271 0.80428
24 9   -171.158 252.841 0.610651
25 9   -235.181 504.503 1.11325
26 9   85.4161 60.4041 0.209233
27 9   123.502 -103.598 0.3224
28 9   -91.8416 -245.661 0.524535
29 9   154.716 197.787 0.502222
30 9   -68.8521 -107.99 0.256144
31 9   -128.83 81.0499 0.30441
32 9   -398.931 -13.2331 0.798301
33 9   -98.103 -219.456 0.480771
34 9   199.241 -245.872 0.632931
35 9   -160.716 89.5334 0.367945
36 9   155.91 121.85 0.395755
37 9   -217.616 92.9235 0.473251
38 9   -186.565 24.9468 0.37645
39 9   271.602 28.8979 0.54627
40 9   -396.649 -139.29 0.84079
41 9   386.851 181.547 0.854665
42 9   -194.084 202.49 0.560966
43 9   73.6744 -240.352 0.502779
44 9   -103.102 -152.696 0.36849
45 9   -43.1475 600.415 1.20393
46 9   303.051 115.137 0.648372
47 9   87.676 -444.606 0.906336
48 9   -18.8874 120.074 0.243102
49 9   116.611 -105.92 0.315068
50 9   2.61399 -108.197 0.216457
1 10   1235.74 -2053.27 4.7929
2 10   381.25 -88.3813 0.78272
3 10   -44.4681 14.2975 0.0934202
4 10   219.622 -75.024 0.464167
5 10   267.64 8.32322 0.535539
6 10   -1038.61 305.174 2.16504
7 10   -242.44 190.765 0.616988
8 10   296.386 -712.781 1.54389
9 10   -176.808 -204.119 0.540096
10 10   -53.5808 3.50222 0.10739
11 10   -340.42 186.132 0.775966
12 10   -124.292 150.234 0.389969
13 10   209.263 -369.873 0.849934
14 10   -17.4059 -76.2681 0.156458
15 10   -371.76 129.952 0.787637
16 10   -173.577 -153.219 0.463056
17 10   -181.369 -129.599 0.445827
18 10   -151.212 5.27001 0.302607
19 10   -2937.47 -1456.02 6.55705
20 10   -262.799 -306.761 0.807875
21 10   -287.579 -255.823 0.769798
22 10   -231.826 55.917 0.476949
23 10   40.7179 -121.721 0.256701
24 10   -249.877 183.397 0.619912
25 10   -69.2201 310.917 0.637058
26 10   500.405 -121.427 1.02985
27 10   -193.025 224.755 0.592531
28 10   -517.454 -962.349 2.18529
29 10   -879.986 -1173.95 2.93431
30 10   -83.3353 120.329 0.292737
31 10   397.553 -887.425 1.94481
32 10   -54.5124 67.9994 0.174304
33 10   108.507 -157.773 0.382968
34 10   -176.5 -129.988 0.438403
35 10   -5.96454 89.0985 0.178596
36 10   -189.093 -385.471 0.858707
37 10   5108.11 -1532.54 10.6661
38 10   460.503 507.874 1.37113
39 10   -93.931 61.2747 0.2243
40 10   49.6946 111.058 0.243339
41 10   104.284 447.934 0.919827
42 10   150.176 76.9791 0.337512
43 10   330.789 -124.763 0.707071
44 10   -248.038 95.474 0.531558
45 10   -2741.57 1240.26 6.01813
46 10   -75.2733 56.6604 0.18843
47 10   47.8307 -112.826 0.245092
48 10   99.4928 -309.031 0.649304
49 10   90.7755 -139.688 0.333184
50 10   30.3563 -40.4737 0.101185
1 11   9.0548 -404.573 0.809348
2 11   -144.04 324.837 0.71068
3 11   -391.329 148.233 0.836925
4 11   -70.4504 -235.838 0.492272
5 11   238.897 -316.363 0.792861
6 11   -691.492 -130.063 1.40724
7 11   -99.9033 195.833 0.439687
8 11   177.4 212.038 0.552922
9 11   -137.215 6.49437 0.274738
10 11   -352.184 -349.896 0.992896
11 11   50.1739 513.032 1.03096
12 11   160.095 63.1164 0.344174
13 11   153.018 -196.662 0.498358
14 11   264.302 -172.541 0.631272
15 11   -542.286 205.867 1.1601
16 11   -88.0744 75.1117 0.231507
17 11   -124.586 -23.2167 0.253461
18 11   140.261 -50.7193 0.298299
19 11   -89.6673 361.023 0.743984
20 11   -109.958 -295.003 0.629658
21 11   -102.569 -9.6562 0.206046
22 11   -52.1742 16.6466 0.109531
23 11   207.561 64.4833 0.434694
24 11   37.1343 -3.19773 0.0745435
25 11   85.408 -98.3568 0.260527
26 11   -1.47054 -173.164 0.346341
27 11   208.318 206.391 0.586493
28 11   -203.068 341.563 0.794738
29 11   -293.464 40.3405 0.592448
30 11   -148.303 -271.2 0.618202
31 11   86.633 102.295 0.268101
32 11   -47.3709 344.06 0.694611
33 11   -215.836 -127.395 0.501256
34 11   842.883 6.86329 1.68582
35 11   -198.271 526.32 1.12485
36 11   455.805 -251.554 1.04122
37 11   -724.942 -1805.05 3.89037
38 11   57.8535 164.584 0.348913
39 11   -35.7277 -44.152 0.113593
40 11   -13.3927 280.217 0.561074
41 11   173.39 -173.747 0.490927
42 11   303.038 -198.147 0.724138
43 11   90.3029 -51.0069 0.207425
44 11   176.788 160.309 0.477297
45 11   9.87607 259.021 0.518419
46 11   -236.831 -38.1611 0.479772
47 11   78.8019 137.806 0.317492
48 11   626.919 87.2683 1.26593
49 11   255.438 -137.703 0.580382
50 11   -68.9349 -161.195 0.350632
1 12   48.9339 256.94 0.523116
2 12   -82.2418 -153.398 0.348107
3 12   -141.78 -15.8045 0.285317
4 12   -680.022 -407.117 1.58515
5 12   4.63005 47.657 0.0957628
6 12   -184.124 85.5404 0.406048
7 12   25.1473 89.2633 0.185476
8 12   113.423 19.0895 0.230036
9 12   96.4428 -212.721 0.467126
10 12   -6.0734 -166.359 0.332939
11 12   -167.659 213.601 0.543083
12 12   -427.312 429.77 1.2121
13 12   115.429 186.408 0.438506
14 12   -59.8056 -251.241 0.516522
15 12   14.253 -46.3214 0.0969294
16 12   -354.32 83.7688 0.728176
17 12   -18.6745 180.021 0.361975
18 12   -41.1488 188.094 0.385084
19 12   270.478 -195.526 0.667498
20 12   -28.4125 -169.343 0.34342
21 12   -186.03 -166.071 0.498746
22 12   800.727 -948.109 2.48199
23 12   -102.108 43.6476 0.222091
24 12   195.048 -142.044 0.482577
25 12   -464.285 -551.319 1.44155
26 12   -97.4006 -278.253 0.589615
27 12   -324.712 -426.087 1.07143
28 12   29.4933 125.541 0.257919
29 12   48.0911 136.826 0.290062
30 12   436.707 234.535 0.991401
31 12   -104.787 -57.9153 0.239453
32 12   24.0588 35.9604 0.0865327
33 12   255.449 130.258 0.573485
34 12   -59.7148 27.6843 0.13164
35 12   101.022 545.151 1.10886
36 12   -72.6384 63.3217 0.192727
37 12   30.5049 -89.1888 0.188523
38 12   237.743 -24.7696 0.478059
39 12   -590.659 -998.932 2.32099
40 12   -241.806 -451.307 1.02401
41 12   -366.871 184.563 0.82136
42 12   415.261 -140.988 0.877085
43 12   -82.1934 160.647 0.360906
44 12   -333.461 -250.52 0.834162
45 12   -155.352 -173.921 0.466402
46 12   -629.403 685.725 1.86158
47 12   -129.698 123.937 0.358786
48 12   -24.5092 157.071 0.317943
49 12   56.4439 185.98 0.388713
50 12   -259.546 -44.206 0.526568
1 13   224.408 -98.2616 0.489956
2 13   -132.454 22.8316 0.268815
3 13   -30.9411 630.633 1.26278
4 13   130.696 -56.8253 0.285031
5 13   7.99733 -112.621 0.225809
6 13   21.648 -153.811 0.310655
7 13   238.523 -34.3384 0.481965
8 13   -621.712 -281.558 1.36499
9 13   91.679 -138.345 0.331929
10 13   -157.278 208.555 0.522424
11 13   -64.995 -195.98 0.412953
12 13   47.8858 149.444 0.313857
13 13   109.812 64.8545 0.255066
14 13   -23.6809 -245.758 0.493792
15 13   -122.115 -133.083 0.361238
16 13   -41.0876 -76.9818 0.174521
17 13   -900.565 -2121.35 4.60919
18 13   164.088 80.0511 0.365146
19 13   -33.6003 -61.5337 0.14022
20 13   -33.6623 122.887 0.254828
21 13   -25.2179 61.7702 0.133439
22 13   268.355 12.9583 0.537335
23 13   530.725 1124.63 2.48714
24 13   180.325 -204.402 0.54515
25 13   -4.31696 169.416 0.338943
26 13   83.5089 307.48 0.637237
27 13   825.893 -219.197 1.70897
28 13   129.961 10.0046 0.26069
29 13   -110.859 153.711 0.379034
30 13   -198.939 347.204 0.800318
31 13   100.636 -106.159 0.292557
32 13   665.831 145.318 1.36301
33 13   -2476.78 2354.23 6.83428
34 13   -701.97 -302.285 1.52858
35 13   -196.438 -326.942 0.762834
36 13   475.381 62.3785 0.958911
37 13   -436.398 -17.9452 0.873533
38 13   -70.1201 -59.3832 0.183774
39 13   -166.972 226.452 0.562708
40 13   14.9896 -214.103 0.429255
41 13   11.1754 9.72436 0.0296279
42 13   -21.201 508.255 1.01739
43 13   -208.453 -479.566 1.04582
44 13   -89.5517 100.289 0.268904
45 13   -4.0041 35.4603 0.0713713
46 13   -198.648 -416.132 0.92223
47 13   572.338 -399.902 1.39641
48 13   -62.0572 85.9655 0.212049
49 13   -164.627 -116.376 0.403214
50 13   130.825 18.4713 0.264244
1 14   203.661 -54.6207 0.421716
2 14   174.392 0.234518 0.348785
3 14   -152.134 -83.0763 0.346678
4 14   -334.991 200.393 0.780708
5 14   -343.224 -93.4544 0.711439
6 14   2.81481 -21.5513 0.0434687
7 14   16.611 -329.283 0.659404
8 14   1318.66 106.831 2.64595
9 14   224.892 -419.631 0.95219
10 14   440.906 568.217 1.43843
11 14   359.521 -188.072 0.811484
12 14   292.754 -603.138 1.34087
13 14   51.8359 -48.7232 0.14228
14 14   -91.2242 185.663 0.413728
15 14   295.103 -105.643 0.626886
16 14   51.0941 -26.551 0.115162
17 14   77.2869 43.5333 0.177408
18 14   -493.971 373.678 1.23878
19 14   -163.856 -625.589 1.29338
20 14   -164.065 321.624 0.722106
21 14   480.411 -34.7539 0.963333
22 14   46.9652 35.3963 0.11762
23 14   -45.5552 -86.995 0.196402
24 14   -249.991 -145.201 0.5782
25 14   -82.2919 -87.2898 0.239929
26 14   -1289.38 -1025.03 3.29435
27 14   225.392 234.438 0.650423
28 14   183.26 -325.277 0.746698
29 14   8.59481 9.13309 0.0250826
30 14   -24.4338 19.6168 0.0626684
31 14   -521.159 120.293 1.06972
32 14   -157.554 -177.987 0.475406
33 14   -48.9587 -54.0617 0.145871
34 14   -211.207 98.6214 0.466196
35 14   5.27988 -176.219 0.352596
36 14   -91.6856 96.9811 0.26692
37 14   36.1283 -241.858 0.489082
38 14   221.134 -159.809 0.54567
39 14   272.381 170.27 0.642444
40 14   505.883 -120.149 1.03991
41 14   -166.395 271.894 0.637537
42 14   -44.4057 16.8239 0.0949718
43 14   1579.61 1947.49 5.01514
44 14   57.0149 -86.9772 0.207997
45 14   25.8984 -78.7361 0.165772
46 14   343.283 -138.409 0.74027
47 14   45.0899 -192.534 0.395487
48 14   244.662 -231.972 0.674301
49 14   -27.4875 -25.7806 0.0753711
50 14   277.754 -16.6402 0.556504
1 15   194.432 272.43 0.669393
2 15   2215.01 2470.9 6.63676
3 15   44.4308 -28.9166 0.106024
4 15   220.019 20.0636 0.441863
5 15   62.2154 -106.579 0.246819
6 15   70.2435 20.4905 0.146342
7 15   380.824 321.021 0.996155
8 15   6.55187 77.1772 0.15491
9 15   -313.551 617.193 1.38455
10 15   100.491 64.6233 0.238952
11 15   182.749 15.0863 0.366742
12 15   -170.58 152.244 0.457279
13 15   -440.291 65.7758 0.890354
14 15   1095.46 -577.157 2.47641
15 15   179.831 -119.564 0.431902
16 15   1181.42 -271.323 2.42434
17 15   242.288 -41.4186 0.491605
18 15   67.5476 -47.3164 0.164943
19 15   -58.2472 -146.824 0.315911
20 15   61.242 185.683 0.391043
21 15   34.9478 -18.1697 0.0787777
22 15   551.163 112.526 1.12507
23 15   -299.244 -148.588 0.668207
24 15   144.051 41.9412 0.300065
25 15   181.803 -35.6461 0.37053
26 15   -90.4202 225.21 0.485367
27 15   -68.1973 137.429 0.30684
28 15   -105.971 -452.155 0.928815
29 15   -297.281 -425.364 1.0379
30 15   28.0634 87.1057 0.18303
31 15   161.283 -195.721 0.507224
32 15   20.55 47.8762 0.1042
33 15   -290.3 130.368 0.636458
34 15   72.4616 -470.351 0.951799
35 15   266.99 -102.068 0.571669
36 15   -172.492 -33.8753 0.351573
37 15   100.202 169.504 0.393813
38 15   -50.0611 -28.4273 0.115139
39 15   3047.52 6740.97 14.7957
40 15   -79.2395 -86.523 0.23465
41 15   220.805 -16.8289 0.442891
42 15   339.841 -305.363 0.913758
43 15   -618.819 875.531 2.14429
44 15   -694.434 476.496 1.68438
45 15   210.843 -447.282 0.98897
46 15   -146.335 -142.194 0.408083
47 15   157.651 34.6466 0.322827
48 15   205.508 109.668 0.465879
49 15   -93.0299 -199.193 0.439693
50 15   -139.662 -96.8777 0.339945
1 16   -162.587 134.551 0.422083
2 16   733.492 163.545 1.50301
3 16   138.151 -795.203 1.61423
4 16   62.2915 148.952 0.322906
5 16   -22.4491 -747.753 1.49618
6 16   -158.911 -131.545 0.412586
7 16   213.804 208.475 0.59724
8 16   -167.331 -385.968 0.841359
9 16   0.140013 -79.7365 0.159473
10 16   -224.982 -41.9981 0.457736
11 16   -694.434 459.528 1.66542
12 16   -15.3488 -45.4459 0.0959358
13 16   -130.298 -50.5239 0.279501
14 16   -125.399 224.599 0.514469
15 16   -51.2963 195.156 0.40357
16 16   262.628 45.4172 0.533053
17 16   165.022 61.4751 0.352202
18 16   381.216 -226.669 0.887027
19 16   -197.083 -100.717 0.442654
20 16   170.513 64.4234 0.364554
21 16   386.448 -182.432 0.854689
22 16   195.523 -4.98315 0.391173
23 16   -112.28 -8.71824 0.225235
24 16   304.348 -103.915 0.643198
25 16   241.554 216.285 0.648467
26 16   -136.542 147.006 0.401271
27 16   215.285 367.708 0.85219
28 16   -50.1589 11.3531 0.102855
29 16   -265.43 -115.215 0.578714
30 16   -31.3857 -411.062 0.824517
31 16   254.828 138.016 0.579605
32 16   -192.745 200.08 0.555635
33 16   -688.265 -253.694 1.46706
34 16   189.705 37.0788 0.386589
35 16   750.122 -204.886 1.5552
36 16   120.481 24.9235 0.246064
37 16   215.369 -38.5616 0.437589
38 16   109.226 -62.0512 0.251242
39 16   -9.39941 -321.722 0.643719
40 16   -127.165 -175.779 0.433909
41 16   274.102 88.3104 0.575953
42 16   -17.9811 -50.4243 0.107069
43 16   42.8117 -32.7006 0.107744
44 16   5.04914 -1541.71 3.08344
45 16   40.6242 -16.8899 0.0879907
46 16   -2.77107 52.5212 0.105189
47 16   489.139 -1046.21 2.30982
48 16   -435.669 763.457 1.75804
49 16   32.4653 -87.6299 0.186901
50 16   180.501 116.627 0.429802
1 17   -60.6348 -72.3204 0.188752
2 17   -271.508 -111.349 0.586908
3 17   277.118 219.502 0.707038
4 17   -241.317 -213.732 0.644718
5 17   -60.9832 105.022 0.242887
6 17   -1.51376 122.421 0.244861
7 17   12.5918 264.363 0.529325
8 17   -386.392 -1028.73 2.1978
9 17   -11.9098 136.801 0.274638
10 17   256.061 522.048 1.16293
11 17   2215.36 -1258.03 5.09528
12 17   241.423 47.0643 0.491936
13 17   -175.798 24.6124 0.355025
14 17   10.0405 79.8257 0.160909
15 17   228.692 231.405 0.650687
16 17   -91.4043 -363.736 0.750089
17 17   563.191 -78.6478 1.13731
18 17   186.577 -12.2827 0.373961
19 17   -228.51 78.0079 0.482916
20 17   -269.352 313.742 0.827005
21 17   78.2061 -119.681 0.285935
22 17   122.175 -391.177 0.819625
23 17   -197.97 97.0072 0.440919
24 17   -184.249 138.292 0.460749
25 17   80.5665 -3.08185 0.161251
26 17   -51.5115 -17.0855 0.108542
27 17   -261.105 288.475 0.778187
28 17   44.1539 -254.819 0.517231
29 17   -21.9208 -162.17 0.327289
30 17   309.756 3.06705 0.619541
31 17   173.103 -92.6325 0.39266
32 17   -225.054 57.3058 0.464472
33 17   -62.6629 115.36 0.262561
34 17   40.304 56.1943 0.138307
35 17   41.2493 199.647 0.407727
36 17   190.531 -290.879 0.695451
37 17   402.104 -270.053 0.968744
38 17   -248.641 -263.757 0.724956
39 17   -98.6441 11.6528 0.19866
40 17   164.274 921.189 1.87144
41 17   -461.167 182.733 0.992101
42 17   87.7276 70.5903 0.225203
43 17   -104.114 406.736 0.839699
44 17   82.519 36.3259 0.180321
45 17   -165.681 -140.305 0.434215
46 17   479.272 -429.466 1.28708
47 17   13.2415 87.4957 0.176984
48 17   364.605 293.21 0.935754
49 17   303.895 36.2819 0.612106
50 17   -198.726 156.748 0.50621
1 18   -239.983 717.118 1.51241
2 18   -1482.52 450.706 3.09903
3 18   69.7539 242.001 0.503706
4 18   -263.943 -250.56 0.727864
5 18   109.561 86.9885 0.27979
6 18   114.814 -97.9605 0.301851
7 18   -182.594 68.8949 0.390319
8 18   26.6338 60.1697 0.131602
9 18   -129.359 -201.306 0.478572
10 18   -147.146 -74.2715 0.329656
11 18   565.796 -16.3948 1.13207
12 18   -133.323 226.335 0.525367
13 18   -50.5316 -477.721 0.960773
14 18   -871.75 -242.579 1.80974
15 18   171.97 -38.1069 0.352284
16 18   -462.384 -670.663 1.62922
17 18   171.806 -180.911 0.498984
18 18   230.621 140.258 0.539845
19 18   1.95746 144.987 0.29
20 18   367.975 -231.612 0.869598
21 18   181.558 -127.851 0.444113
22 18   -94.1407 -197.858 0.438226
23 18   -1301.27 637.962 2.89847
24 18   -143.227 -82.588 0.330665
25 18   -77.2292 19.5052 0.159309
26 18   -570.734 96.0126 1.15751
27 18   -27.3986 -170.069 0.344525
28 18   8.24446 493.016 0.98617
29 18   -166.3 312 0.707105
30 18   184.508 139.642 0.462787
31 18   -309.041 -6.07881 0.618202
32 18   82.2848 52.7518 0.195484
33 18   -72.8814 45.0528 0.171365
34 18   -31.641 116.256 0.240971
35 18   -195.709 -143.766 0.485678
36 18   -48.268 157.915 0.330253
37 18   31.2709 -90.2119 0.190956
38 18   167.559 250.065 0.602024
39 18   -318.7 175.433 0.727589
40 18   314.657 -178.363 0.723388
41 18   -54.4494 102.95 0.232925
42 18   139.172 73.7714 0.31503
43 18   -941.886 -3942.15 8.10623
44 18   179.799 -11.6948 0.360358
45 18   149.455 -130.249 0.396493
46 18   -100.358 366.962 0.760876
47 18   225.766 132.221 0.523269
48 18   1012.95 -1086.97 2.97158
49 18   164.844 117.13 0.404441
50 18   -126.662 336.584 0.719255
1 19   -272.132 210.528 0.688121
2 19   226.315 -90.6669 0.487603
3 19   337.231 -204.823 0.789119
4 19   236.421 -7.47313 0.473077
5 19   104.567 -362.659 0.754866
6 19   -112.505 183.492 0.430472
7 19   -120.236 58.3356 0.26728
8 19   250.67 -86.1194 0.530102
9 19   -89.7641 80.4001 0.241013
10 19   153.346 213.179 0.525206
11 19   4.8918 44.8721 0.090276
12 19   138 -179.335 0.452572
13 19   -378.439 -85.2377 0.775839
14 19   -433.33 857.709 1.92191
15 19   -211.548 -89.7567 0.459604
16 19   127.032 -128.472 0.361344
17 19   -119.281 -496.811 1.02186
18 19   -8.2702 -155.96 0.312359
19 19   26.7534 185.009 0.373868
20 19   -19.3693 50.5518 0.108271
21 19   91.9235 -281.419 0.592104
22 19   -52.95 -186.56 0.387857
23 19   -457.996 364.667 1.17088
24 19   -27.7515 161.075 0.326897
25 19   -27.1225 45.5246 0.105983
26 19   -93.8161 50.9997 0.213564
27 19   -108.083 662.543 1.3426
28 19   -330.219 488.75 1.1797
29 19   498.079 -1351.59 2.88089
30 19   101.486 -473.35 0.968213
31 19   277.685 -790.051 1.67486
32 19   -138.176 309.239 0.67741
33 19   -172.409 220.868 0.560384
34 19   -46.4688 96.1327 0.21355
35 19   -22.7666 -234.332 0.47087
36 19   -23.0823 -430.13 0.861498
37 19   61.0427 72.5266 0.189592
38 19   -42.4293 65.8226 0.156625
39 19   310.349 -116.773 0.663182
40 19   -78.2798 6.85276 0.157158
41 19   86.1965 91.9877 0.252124
42 19   -45.7092 210.492 0.430796
43 19   -759.78 -682.614 2.04277
44 19   -24.2565 -10.5339 0.0528902
45 19   -159.017 -86.37 0.361919
46 19   -551.297 -484.586 1.46799
47 19   -270.868 109.892 0.584622
48 19   65.8252 -323.594 0.660443
49 19   -410.326 458.209 1.23016
50 19   -12.4015 111.103 0.223586
1 20   -120.467 -283.32 0.615736
2 20   -149.14 120.099 0.38297
3 20   -287.569 106.932 0.613614
4 20   683.576 -87.0138 1.37818
5 20   -153.174 6.71203 0.306642
6 20   470.392 -224.079 1.04207
7 20   184.953 106.259 0.426608
8 20   -152.272 63.1814 0.329719
9 20   -147.623 -162.392 0.438924
10 20   -412.455 71.0673 0.837065
11 20   20.9224 -347.398 0.696056
12 20   -203.048 -154.437 0.510213
13 20   314.977 -239.51 0.791392
14 20   -163.038 -321.088 0.720219
15 20   37.8382 -11.8027 0.0792726
16 20   33.5527 473.255 0.948887
17 20   181.078 280.337 0.667467
18 20   158.096 548.546 1.14175
19 20   -75.972 132.626 0.305688
20 20   -360.223 109.748 0.753141
21 20   -58.9338 352.294 0.71438
22 20   -239.131 -91.9171 0.512376
23 20   -148.731 594.516 1.22568
24 20   683.746 -206.622 1.42857
25 20   -179.384 -366.31 0.815749
26 20   287.123 28.5184 0.577071
27 20   -102.079 -99.7516 0.285451
28 20   -92.959 -99.4051 0.272197
29 20   195.723 34.645 0.39753
30 20   -463.405 -38.0046 0.929921
31 20   17.9889 -247.483 0.496272
32 20   -60.8343 68.1279 0.182671
33 20   -22.2603 -83.4125 0.172663
34 20   -2.83869 -79.2066 0.158515
35 20   138.147 416.405 0.877446
36 20   4986.44 250.113 9.98542
37 20   110.047 -263.767 0.571606
38 20   -130.092 17.2933 0.262472
39 20   -20.4937 227.209 0.456263
40 20   456.538 -539.545 1.41356
41 20   63.3487 -199.411 0.418463
42 20   -127.231 -159.491 0.408044
43 20   -109.449 -17.2026 0.221584
44 20   -131.303 305.837 0.665663
45 20   -196.508 58.5639 0.410098
46 20   9.14598 66.5381 0.134327
47 20   135.473 -29.1864 0.277162
48 20   98.9064 309.557 0.649947
49 20   130.675 -111.874 0.344045
50 20   -196.445 109.821 0.450116
1 21   -25.5277 -28.5615 0.0766139
2 21   368.206 -322.71 0.97922
3 21   292.973 373.135 0.948816
4 21   -77.1074 -195.818 0.420905
5 21   -538.655 213.521 1.15886
6 21   -362.995 135.945 0.775234
7 21   422.639 193.179 0.929391
8 21   28.793 -26.8069 0.0786803
9 21   -81.0061 -333.757 0.686894
10 21   88.718 -29.3825 0.186914
11 21   -371.093 -394.002 1.08249
12 21   181.529 -357.984 0.802759
13 21   -69.6191 -122.795 0.282315
14 21   -87.2583 41.6751 0.193399
15 21   129.659 -264.694 0.589489
16 21   185.381 212.758 0.564382
17 21   79.8396 124.947 0.296554
18 21   151.358 -3.77362 0.30281
19 21   51.0068 193.602 0.400417
20 21   221.781 -433.042 0.973061
21 21   166.6 38.9297 0.342176
22 21   10.316 -94.0967 0.189321
23 21   128.7 23.5589 0.261677
24 21   -49.7305 -302.683 0.613483
25 21   26.108 0.686815 0.0522341
26 21   228.289 -49.3754 0.467135
27 21   456.638 0.614954 0.913276
28 21   801.212 932.563 2.45896
29 21   -216.228 -115.078 0.489887
30 21   77.6137 71.904 0.211604
31 21   -14924.2 -20724.9 51.0785
32 21   -54.9629 75.3251 0.186492
33 21   -84.1069 -97.692 0.257819
34 21   -701.003 2265.15 4.74228
35 21   166.361 167.935 0.472772
36 21   61.8854 124.78 0.278567
37 21   311.502 420.485 1.0466
38 21   -8.91344 -4.55476 0.0200195
39 21   -64.2015 -49.9186 0.162649
40 21   702.39 -472.58 1.69314
41 21   -175.203 -127.007 0.432791
42 21   387.92 -151.95 0.833236
43 21   -96.5798 132.13 0.327329
44 21   239.831 262.661 0.711364
45 21   263.588 144.925 0.601604
46 21   -49.0788 206.821 0.425129
47 21   -781.815 -309.585 1.68176
48 21   -1235.1 84.1362 2.47593
49 21   28.383 -24.2231 0.0746286
50 21   -2419.19 -553.714 4.96349
1 22   175.337 -368.193 0.81562
2 22   -24.9754 -128.875 0.262545
3 22   168.787 87.2988 0.380053
4 22   -33.3668 7.4393 0.0683721
5 22   45.6279 -26.7817 0.105814
6 22   -206.687 -173.01 0.53908
7 22   -140.659 601.802 1.23604
8 22   687.091 908.49 2.27811
9 22   194.236 84.7422 0.423835
10 22   -75.439 -292.358 0.603869
11 22   98.5347 89.3067 0.265968
12 22   127.61 -327.893 0.703699
13 22   -47.9169 -199.044 0.40946
14 22   18095.8 -1837 36.3777
15 22   -4305.06 1297.46 8.99264
16 22   -45.1955 -76.8895 0.178378
17 22   90.7392 143.013 0.33874
18 22   150.24 220.403 0.533477
19 22   -80.8599 -187.113 0.407675
20 22   -331.61 -110.775 0.699246
21 22   -477.779 -5.48326 0.955621
22 22   -82.4794 288.954 0.60099
23 22   227.971 -145.157 0.540523
24 22   34.1676 129.889 0.268616
25 22   -173.924 25.4018 0.351539
26 22   -25.735 34.9941 0.0868764
27 22   112.69 125.285 0.337018
28 22   -11.0419 926.266 1.85266
29 22   39.0421 74.2115 0.16771
30 22   -249.476 178.039 0.61298
31 22   137.315 130.372 0.378694
32 22   -95.534 43.1444 0.209649
33 22   168.037 282.93 0.658136
34 22   -93.3007 -9.72481 0.187612
35 22   80.519 116.556 0.283328
36 22   51.6963 32.1669 0.121774
37 22   149.93 48.9661 0.315447
38 22   -917.939 -744.318 2.36357
39 22   28.9805 -145.066 0.295865
40 22   -249.401 216.318 0.660285
41 22   -133.401 142.294 0.390095
42 22   533.845 -2293.37 4.70937
43 22   -169.374 -36.6908 0.346604
44 22   -143.302 -95.7796 0.344727
45 22   -44.906 246.888 0.501877
46 22   64.2428 -687.82 1.38163
47 22   -47.9225 14.9721 0.100414
48 22   107.567 29.6082 0.223136
49 22   243.335 155.886 0.577969
50 22   161.341 137.956 0.424561
1 23   134.377 -772.619 1.56844
2 23   189.297 147.542 0.480008
3 23   -244.391 -37.587 0.494528
4 23   59.6111 -178.517 0.376413
5 23   -7931.23 5376.08 19.1632
6 23   -18.7301 -242.443 0.48633
7 23   -30.4458 -142 0.290455
8 23   34.8069 -94.5657 0.201536
9 23   -231.726 32.2018 0.467906
10 23   -1078.52 1721.74 4.0633
11 23   -253.997 73.5751 0.528878
12 23   -86.4335 -22.545 0.178651
13 23   -87.3991 213.148 0.460742
14 23   217.987 -36.0138 0.441883
15 23   -109.703 104.631 0.303199
16 23   83.1953 -92.565 0.248916
17 23   -255.662 -198.079 0.646833
18 23   -80.3617 -111.803 0.275376
19 23   -514.712 57.1939 1.03576
20 23   2.00122 71.9107 0.143877
21 23   -117.122 394.81 0.823632
22 23   434.647 262.526 1.01555
23 23   -7.9328 -278.71 0.557646
24 23   -31.7412 -74.0634 0.161157
25 23   25.5861 100.777 0.207949
26 23   -25.7533 -19.4356 0.0645283
27 23   92.7658 665.594 1.34405
28 23   55.7106 -129.611 0.282154
29 23   117.601 -303.532 0.651034
30 23   1.84852 108.136 0.216303
31 23   -101.058 -11.9892 0.203534
32 23   125.301 -172.179 0.425893
33 23   -200.394 -162.908 0.516514
34 23   499.239 -183.568 1.06384
35 23   -792.378 592.726 1.97908
36 23   122.453 346.331 0.734683
37 23   -195.053 -99.395 0.437835
38 23   449.014 862.853 1.94538
39 23   -186.038 -1198.33 2.42537
40 23   253.215 138.862 0.577583
41 23   463.005 262.859 1.06484
42 23   -95.105 -19.9028 0.19433
43 23   -560.865 -191.067 1.18503
44 23   -56.1201 50.6294 0.151166
45 23   503.396 557.577 1.5024
46 23   277.377 350.961 0.894676
47 23   -148.915 101.913 0.360899
48 23   -419.046 -254.133 0.98017
49 23   452.581 -25.8885 0.906642
50 23   -84.5552 -17.5469 0.172713
1 24   1703.31 -2580.37 6.18371
2 24   91.139 5.21751 0.182576
3 24   -222.681 148.18 0.534954
4 24   -246.428 -299.79 0.776146
5 24   -5169 -131.705 10.3414
6 24   -71.3172 -29.4088 0.154286
7 24   145.487 -69.3711 0.322358
8 24   36.8243 -23.7861 0.0876768
9 24   108.698 314.057 0.664672
10 24   966.837 -101.96 1.9444
11 24   -133.193 -54.2629 0.287645
12 24   -22.9997 -31.8242 0.0785306
13 24   -346.355 1141.41 2.38561
14 24   -19.718 -247.696 0.496959
15 24   67.5679 55.3899 0.174739
16 24   181.41 -635.825 1.3224
17 24   95.4341 98.5763 0.274408
18 24   67.8735 -68.2767 0.192546
19 24   -27.8455 -214.55 0.432699
20 24   -29.3376 15.5267 0.0663859
21 24   -326.074 30.8794 0.655065
22 24   -106.94 53.0979 0.238793
23 24   58.7098 3.1289 0.117586
24 24   52.8842 -62.9844 0.164484
25 24   -784.327 -417.97 1.77749
26 24   -63.2355 -343.536 0.698615
27 24   -583.766 157.292 1.20917
28 24   -17.1132 -502.625 1.00583
29 24   25.1909 -199.046 0.401267
30 24   -923.279 -2159.41 4.69702
31 24   151.508 -82.8076 0.345322
32 24   -133.821 130.493 0.373825
33 24   -61.3117 -207.718 0.433155
34 24   163.391 -238.645 0.578439
35 24   141.118 24.9859 0.286626
36 24   -376.69 233.383 0.886257
37 24   -58.6707 125.405 0.276902
38 24   -204.978 100.721 0.456775
39 24   -149.459 -17.2032 0.300891
40 24   701.794 647.216 1.90935
41 24   121.754 -291.443 0.631706
42 24   224.978 196.341 0.597209
43 24   150.53 636.042 1.30722
44 24   379.956 -822.466 1.81198
45 24   -24.3995 170.109 0.343701
46 24   15.2542 109.069 0.220261
47 24   19.8824 425.965 0.852857
48 24   82.9274 -426.408 0.868795
49 24   60.5571 479.003 0.965632
50 24   -440.822 304.636 1.07169
1 25   -281.076 -244.59 0.745192
2 25   -101.241 256.457 0.551435
3 25   -103.124 96.9967 0.283146
4 25   -24.0385 160.383 0.32435
5 25   -91.1383 -18.7703 0.186102
6 25   293.295 87.4775 0.612126
7 25   -96.9615 -147.106 0.352373
8 25   -93.3079 366.119 0.755643
9 25   -62520.8 88124.5 216.1
10 25   470.247 -94.4861 0.95929
11 25   12.299 -153.282 0.307549
12 25   70.1564 -3.51849 0.140489
13 25   517.438 440.767 1.35944
14 25   171.585 -169.278 0.482065
15 25   427.818 93.7633 0.875945
16 25   222.33 -89.3024 0.479189
17 25   139.154 -851.052 1.72471
18 25   246.277 -1531 3.10137
19 25   -67.1126 -147.219 0.323589
20 25   -80.7104 1286.73 2.57852
21 25   57.1094 -79.3571 0.195541
22 25   -38.0365 57.1442 0.137291
23 25   436.478 -51.1188 0.878923
24 25   -172.061 133.346 0.435368
25 25   237.883 -238.27 0.673382
26 25   -204.843 -293.081 0.715143
27 25   -22.0133 483.786 0.968573
28 25   -64.7556 -116.733 0.266982
29 25   21.4139 -101.966 0.208381
30 25   4497.78 -8532.74 19.2912
31 25   -241.991 322.288 0.80605
32 25   5.87483 302.43 0.604973
33 25   -11.4915 66.861 0.135683
34 25   291.416 1589.62 3.23223
35 25   91.1775 -49.2938 0.207299
36 25   -68.6051 -41.3832 0.16024
37 25   79.1358 -58.5489 0.19688
38 25   91.2695 30.313 0.192343
39 25   219.771 -271.099 0.69798
40 25   -434.436 1420.58 2.97106
41 25   115.515 78.3084 0.279113
42 25   -486.519 -411.15 1.27396
43 25   -255.705 294.072 0.779394
44 25   -245.601 -565.359 1.2328
45 25   969.731 -458.385 2.14522
46 25   28.8533 18.4668 0.0685139
47 25   110.209 -14.1877 0.222237
48 25   1905.23 205.75 3.83261
49 25   127.226 -22.4051 0.258367
50 25   94.8717 176.531 0.400819
1 26   -61.2509 75.0335 0.193718
2 26   -122.184 5.90964 0.244654
3 26   376.194 -11.5011 0.752739
4 26   -188.923 131.781 0.460688
5 26   112.267 249.85 0.547829
6 26   35.6354 -68.2159 0.153926
7 26   561.639 -156.344 1.16599
8 26   9.66186 -330.937 0.662155
9 26   -286.368 177.944 0.674301
10 26   -325.49 69.2997 0.665572
11 26   -34.5493 -93.686 0.199707
12 26   64.4568 -212.047 0.443255
13 26   -178.645 -95.0429 0.404707
14 26   -44.87 -109.161 0.236047
15 26   -291.914 -6.19231 0.58396
16 26   131.255 120.782 0.356742
17 26   244.835 218.834 0.656758
18 26   47.3722 325.396 0.657652
19 26   149.474 -342.471 0.747338
20 26   162.166 -147.893 0.438953
21 26   -54.6926 96.5181 0.221874
22 26   -67.6703 72.8972 0.19893
23 26   -496.646 -56.4105 0.99968
24 26   138.306 -412.712 0.87054
25 26   84.0865 175.786 0.389724
26 26   27.377 123.405 0.252811
27 26   73.3562 75.584 0.210657
28 26   238.07 554.424 1.20675
29 26   -1334.21 -1076.64 3.42886
30 26   223.618 244.607 0.662835
31 26   28.3464 -180.319 0.365067
32 26   -3119.66 -2557.98 8.06859
33 26   -333.498 150.999 0.732179
34 26   336.295 -41.4214 0.677672
35 26   149.06 96.706 0.355364
36 26   -62.5135 -29.9631 0.138647
37 26   -36.0954 1287.9 2.57681
38 26   172.322 -161.017 0.471683
39 26   -276.093 -27.1886 0.554857
40 26   67.9836 15.011 0.139242
41 26   -192.177 -50.4054 0.397355
42 26   -89.9664 -238.133 0.509123
43 26   -33.2584 149.331 0.30598
44 26   -45.4393 363.87 0.733393
45 26   241.499 -336.537 0.828442
46 26   16.7629 451.019 0.90266
47 26   300.339 47.0925 0.608018
48 26   493.092 -228.282 1.08674
49 26   -110.295 156.283 0.382566
50 26   28.0551 -87.1932 0.183191
1 27   -109.249 -19.0313 0.221788
2 27   -643.268 -412.608 1.52845
3 27   2005.51 -203.705 4.03166
4 27   46.4343 36.0604 0.117584
5 27   -685.912 524.621 1.72708
6 27   -133.345 322.103 0.697227
7 27   -249.611 -339.408 0.842623
8 27   185.774 53.1414 0.38645
9 27   -132.973 -78.8776 0.309215
10 27   23.6645 42.4109 0.0971327
11 27   -125.281 193.505 0.46104
12 27   784.747 567.927 1.93739
13 27   174.575 -59.0024 0.368552
14 27   88.716 0.307914 0.177433
15 27   -19421.6 40353 89.567
16 27   185.832 566.647 1.19268
17 27   -48.4688 271.706 0.551991
18 27   -35.0665 -11.6199 0.0738832
19 27   474.054 -1319.76 2.80463
20 27   74.1106 99.1089 0.247507
21 27   39.2046 44.097 0.118009
22 27   116.308 36.7434 0.243947
23 27   -186.271 -128.488 0.452574
24 27   -815.462 4342.87 8.83753
25 27   -31.6712 -221.603 0.447709
26 27   39.2095 -107.829 0.229473
27 27   29.3152 -281.217 0.565482
28 27   -320.465 -142.315 0.701289
29 27   76.4663 -142.583 0.323586
30 27   15.6673 -81.423 0.165833
31 27   -386.05 430.333 1.15624
32 27   -90.949 190.226 0.4217
33 27   214.877 -74.3407 0.454747
34 27   -695.86 -32.6948 1.39326
35 27   180.092 -190.47 0.52426
36 27   -275.503 301.717 0.817153
37 27   -42.2632 593.358 1.18972
38 27   279.11 -880.958 1.84823
39 27   204.33 40.3383 0.416548
40 27   -539.913 -116.662 1.10475
41 27   -107.323 23.6075 0.219778
42 27   263.209 -118.269 0.577119
43 27   1034.81 -135.601 2.0873
44 27   72.0033 110.22 0.263309
45 27   -354.757 -17.7751 0.710404
46 27   326.426 187.536 0.752924
47 27   -246.545 -90.3202 0.525136
48 27   52.068 -5.78006 0.104776
49 27   -512.026 43.0435 1.02766
50 27   253.882 585.708 1.27673
1 28   -114.676 104.67 0.310524
2 28   97.4456 -25.3041 0.201355
3 28   163.61 245.119 0.589411
4 28   -19.2125 56.5874 0.11952
5 28   -69.1893 -370.748 0.754297
6 28   146.055 25.3896 0.296491
7 28   715.681 119.735 1.45126
8 28   180.751 287.123 0.678558
9 28   69.4035 132.092 0.29843
10 28   -478.718 507.832 1.3958
11 28   203.336 -15.5009 0.407852
12 28   79.3021 98.4356 0.252811
13 28   -602.991 392.641 1.43912
14 28   -156.907 -844.273 1.71746
15 28   145.712 -161.866 0.435581
16 28   128.16 6.13054 0.256612
17 28   169.119 141.372 0.44085
18 28   -217.051 136.631 0.512949
19 28   -545.721 -131.444 1.12266
20 28   -365.278 241.78 0.876095
21 28   -7.91794 -28.4868 0.0591335
22 28   -103.263 315.654 0.664231
23 28   344.407 425.369 1.09463
24 28   -177.175 -198.102 0.531547
25 28   -79.3763 10.8074 0.160217
26 28   -45.406 -44.5106 0.127168
27 28   11.4433 -91.8564 0.185133
28 28   -9.92558 -4.64657 0.0219187
29 28   -214.441 21.999 0.431133
30 28   -191.168 -124.082 0.455814
31 28   -158.087 -141.636 0.424511
32 28   85.7625 -136.417 0.322271
33 28   -525.272 637.45 1.65197
34 28   -57.9948 -196.276 0.40933
35 28   -290.268 -199.518 0.704452
36 28   195.656 192.013 0.548272
37 28   70.4928 304.493 0.625093
38 28   83.7237 -84.0486 0.237266
39 28   150.097 -235.167 0.557969
40 28   98.4698 57.6042 0.228163
41 28   50.0781 -51.3156 0.143403
42 28   -4.26173 103.808 0.207791
43 28   34.2759 72.2514 0.159939
44 28   -281.457 364.17 0.920517
45 28   -1218.38 -183.468 2.46423
46 28   72.5941 207.215 0.439125
47 28   -34.2967 66.3715 0.149418
48 28   -48.4339 -33.976 0.118325
49 28   70.6408 -150.053 0.331698
50 28   156.59 104.826 0.376877
1 29   -167.669 -69.6841 0.363146
2 29   104.228 -184.632 0.424039
3 29   -534.168 -244.778 1.17516
4 29   -154.964 -118.911 0.390658
5 29   236.393 -144.982 0.554622
6 29   76.2954 12.4655 0.154614
7 29   133.13 -32.1098 0.273895
8 29   -99.6176 57.1823 0.229726
9 29   -99.0476 32.3769 0.20841
10 29   -20.1844 -268.85 0.539213
11 29   185.459 7.70699 0.371237
12 29   -460.223 -231.017 1.0299
13 29   16548.6 -3043.35 33.6523
14 29   -74.5972 -44.0278 0.173242
15 29   -1797.12 -72.7299 3.59717
16 29   -152.882 -291.349 0.658049
17 29   213.528 181.617 0.560638
18 29   -161.687 134.695 0.420883
19 29   -547.08 464.207 1.43497
20 29   -43.5341 -89.857 0.199695
21 29   -66.5703 194.406 0.410976
22 29   42.6228 127.846 0.269527
23 29   684.016 86.0019 1.3788
24 29   280.92 155.04 0.641727
25 29   -162.257 -173.971 0.475787
26 29   -162.083 -313.545 0.705922
27 29   49.5107 -103.309 0.229121
28 29   -68.8096 -195.891 0.415249
29 29   357.437 195.987 0.815284
30 29   -18.3982 -82.5225 0.169097
31 29   339.417 -211.595 0.79994
32 29   -135.99 123.45 0.367332
33 29   9.07013 84.5696 0.170109
34 29   32.404 48.6606 0.116925
35 29   -249.799 -128.926 0.562216
36 29   151.126 7.50661 0.302625
37 29   -118.992 -36.2395 0.248776
38 29   -713.264 652.913 1.93395
39 29   -91.415 -12.6001 0.184559
40 29   105.344 -65.469 0.248061
41 29   741.644 -315.835 1.61219
42 29   -136.062 51.3672 0.290872
43 29   463.119 154.918 0.976686
44 29   -81.0737 -55.6057 0.196621
45 29   -26.7796 -1946.02 3.89242
46 29   123.151 152.508 0.392045
47 29   -98.4768 -35.2362 0.209182
48 29   -381.622 -61.2717 0.773019
49 29   3821.59 -4049.29 11.1358
50 29   -25.7111 20.4647 0.0657226
1 30   104.77 122.939 0.323052
2 30   -305.8 -55.6497 0.621645
3 30   -5.37081 26.8812 0.054825
4 30   397.193 229.296 0.917254
5 30   248.393 -2446.41 4.91797
6 30   660.764 362.267 1.50711
7 30   745.721 -72.4033 1.49846
8 30   351.506 -155.222 0.768505
9 30   -181.711 183.772 0.516878
10 30   -12.9232 57.1423 0.117171
11 30   -1914.78 967.659 4.2908
12 30   -10.204 116.744 0.234378
13 30   -24.5096 -281.243 0.564617
14 30   -76.8279 -157.188 0.349918
15 30   -208.801 305.964 0.740843
16 30   -10.9917 -128.914 0.258764
17 30   -25.9247 -288.768 0.579859
18 30   -14.7546 63.5869 0.130553
19 30   2.8024 223.974 0.447983
20 30   -104.509 -516.502 1.05394
21 30   38.4022 207.808 0.422652
22 30   -40.161 -9.55819 0.0825654
23 30   -315.014 -14.0715 0.630657
24 30   275.18 78.8059 0.572484
25 30   -107.066 51.5083 0.237623
26 30   -944.647 730.346 2.38811
27 30   -1298.94 1934.34 4.66001
28 30   2.62742 -33.7994 0.0678028
29 30   188.652 100.76 0.427747
30 30   -212.233 55.8441 0.438914
31 30   43.9693 -58.8961 0.146997
32 30   -434.342 -249.146 1.00145
33 30   -58.3295 88.5424 0.212057
34 30   -1.41573 -162.283 0.324579
35 30   759.788 324.586 1.65243
36 30   -322.766 -473.519 1.14612
37 30   -111.98 109.503 0.313244
38 30   -3407.92 2127 8.03444
39 30   221.085 222.742 0.627671
40 30   389.445 -1408.44 2.92259
41 30   -118.186 44.9942 0.252923
42 30   470.384 -394.869 1.2283
43 30   38.2423 -211.672 0.430198
44 30   216.968 59.7843 0.450108
45 30   -710.756 -765.693 2.08946
46 30   469.009 -1328.73 2.81816
47 30   8.93026 133.935 0.268465
48 30   35.4332 -211.084 0.428074
49 30   61.5652 180.432 0.381292
50 30   55.9232 -178.012 0.37318
1 31   -229.444 -364.649 0.861657
2 31   185.301 52.9695 0.385447
3 31   20.3407 -599.295 1.19928
4 31   -40.3303 27.1523 0.0972375
5 31   3.1417 74.9424 0.150016
6 31   -775.591 -209.174 1.60661
7 31   78.2039 37.0351 0.17306
8 31   -266.726 100.017 0.569722
9 31   -186.75 -157.913 0.48913
10 31   84.4787 -310.826 0.644204
11 31   -211.322 68.332 0.44419
12 31   28.6587 138.291 0.282458
13 31   -84.9115 -5.79527 0.170218
14 31   105.986 1661.77 3.33029
15 31   131.415 -417.565 0.875512
16 31   -3254.5 -933.069 6.77123
17 31   105.754 44.9795 0.229843
18 31   531.245 -453.101 1.39645
19 31   190.232 116.532 0.446175
20 31   588.714 121.428 1.20221
21 31   -297.43 15.6443 0.595683
22 31   -46.6227 29.4527 0.110293
23 31   -30.0045 -730.238 1.46171
24 31   246.213 94.1812 0.527222
25 31   56.3618 52.7316 0.154367
26 31   -111.245 172.476 0.410481
27 31   146.389 -426.387 0.901633
28 31   409.607 227.332 0.936927
29 31   -254.367 -96.4099 0.54405
30 31   240.059 -345.85 0.841999
31 31   -179.991 8.60001 0.360393
32 31   -96.9734 -29.3872 0.202657
33 31   239.938 38.84 0.486123
34 31   95.4169 -158.487 0.369986
35 31   -713.288 147.622 1.45681
36 31   154.561 1.38451 0.309134
37 31   -513.069 1936.29 4.00623
38 31   -20.1055 -13.5658 0.0485082
39 31   216.927 24.6497 0.436646
40 31   58.5014 -27.1139 0.128959
41 31   99.9708 -33.8388 0.211085
42 31   132.916 -99.1979 0.331704
43 31   176.049 -63.3562 0.374204
44 31   -198.946 -24.3076 0.40085
45 31   -49.5196 355.694 0.718249
46 31   -93.3935 -124.645 0.311504
47 31   -953.888 889.636 2.60872
48 31   -34.0735 145.677 0.299217
49 31   1178.65 1254.8 3.4431
50 31   -48.4154 -284.028 0.57625
1 32   -213.137 -108.461 0.478294
2 32   106.748 -43.8423 0.2308
3 32   149.322 71.519 0.331132
4 32   1609.03 -634.048 3.4589
5 32   -126.892 21.1778 0.257294
6 32   -748.422 900.359 2.34161
7 32   312.959 77.6767 0.644909
8 32   162.565 83.7965 0.365783
9 32   249.637 -120.234 0.554166
10 32   234.254 414.406 0.952066
11 32   -143.473 -25.0903 0.2913
12 32   42.1103 76.4473 0.174556
13 32   4725.81 -4187.94 12.6289
14 32   -22.2993 11.4986 0.0501788
15 32   506.865 -183.933 1.07841
16 32   -352.837 41.4329 0.710523
17 32   85.2473 -168.696 0.378023
18 32   -398.302 348.738 1.0588
19 32   -98.6508 279.271 0.592365
20 32   -156.156 -320.876 0.713712
21 32   349.241 62.0116 0.709407
22 32   145.533 238.64 0.559032
23 32   173.339 11.791 0.347479
24 32   49.5011 -164.646 0.343853
25 32   -4.11585 119.024 0.238189
26 32   -201.676 -626.6 1.31651
27 32   -36.1114 -699.149 1.40016
28 32   339.458 -24.0101 0.680611
29 32   -94.4052 -222.173 0.482797
30 32   -136.328 -18.3747 0.275122
31 32   147.091 29.9421 0.300214
32 32   445.876 -371.598 1.16085
33 32   81.4997 -70.9889 0.216163
34 32   57.9732 5.88247 0.116542
35 32   -94.647 145.291 0.346801
36 32   -171.297 90.625 0.387585
37 32   -500.475 97.0336 1.01959
38 32   126.885 133.621 0.368536
39 32   -105.193 -31.378 0.219546
40 32   186.241 114.674 0.437429
41 32   -284.691 136.111 0.631112
42 32   -90.4784 162.559 0.372084
43 32   368.95 28.5152 0.7401
44 32   49.3817 -135.327 0.28811
45 32   138.345 -153.78 0.413704
46 32   176.88 152.474 0.467055
47 32   -237.306 146.746 0.558028
48 32   8.70841 -157.784 0.316049
49 32   -147.204 2.36547 0.294446
50 32   79.7892 28.5987 0.169519
1 33   2.10468 556.776 1.11356
2 33   40.108 284.077 0.57379
3 33   349.881 310.12 0.935075
4 33   273.484 -377.223 0.93186
5 33   35.9025 245.268 0.495764
6 33   260.767 -247.616 0.719204
7 33   -49.1964 100.628 0.22402
8 33   -73.081 -401.152 0.81551
9 33   -583.351 -222.431 1.24864
10 33   186.475 146.572 0.474367
11 33   119.605 274.29 0.598465
12 33   99.8841 -193.857 0.436153
13 33   -252.547 138.618 0.576176
14 33   507.045 656.706 1.65935
15 33   353.904 713.574 1.59303
16 33   -148.058 440.72 0.92985
17 33   18.232 96.3074 0.196036
18 33   412.767 276.535 0.993677
19 33   -17.8704 -143.305 0.288831
20 33   -144.152 -110.212 0.362914
21 33   -83.0818 232.519 0.493832
22 33   -90.4502 78.9533 0.240124
23 33   -111.425 59.1019 0.252258
24 33   -51.8243 39.6012 0.130446
25 33   1945.35 -132.852 3.89977
26 33   -67.093 69.829 0.193676
27 33   -92.2728 272.805 0.575976
28 33   -17.8811 344.265 0.689458
29 33   -86.6215 91.0699 0.251372
30 33   -116.831 -196.958 0.458004
31 33   -144.85 188.391 0.47528
32 33   40.7894 -12.0031 0.0850377
33 33   348.622 943.368 2.01145
34 33   180.86 -721.703 1.48804
35 33   568.241 -18.6028 1.13709
36 33   -21.7492 166.741 0.336306
37 33   -23.1621 -405.358 0.812038
38 33   -13.3573 295.157 0.590918
39 33   -157.124 -2.66511 0.314294
40 33   96.2709 -161.849 0.376633
41 33   -71.6143 -121.612 0.282263
42 33   64.4087 0.403651 0.12882
43 33   -219.819 423.148 0.953677
44 33   1534.35 -570.176 3.27373
45 33   629.191 -387.794 1.4782
46 33   153.154 51.7006 0.323289
47 33   133.977 16.3992 0.269953
48 33   39.8049 106.34 0.227091
49 33   -195.485 273.481 0.672329
50 33   -85.6069 347.612 0.715996
1 34   -78.9637 -96.176 0.248878
2 34   -157.216 83.7669 0.356279
3 34   43.2794 78.6708 0.17958
4 34   -148.519 -55.9958 0.317449
5 34   -5.97412 -636.938 1.27393
6 34   -198.259 118.612 0.462063
7 34   -206.653 -216.665 0.598829
8 34   -195.264 15.0562 0.391688
9 34   -205.354 -111.237 0.467093
10 34   9.39567 273.746 0.547815
11 34   319.238 102.612 0.670648
12 34   180.283 244.807 0.608053
13 34   -163.552 172.778 0.475823
14 34   -59.8781 256.685 0.527154
15 34   248.578 18.2377 0.498492
16 34   346.694 -52.6856 0.701349
17 34   -728.114 -516.315 1.7852
18 34   -156.747 52.1596 0.330396
19 34   -142.961 28.8254 0.291676
20 34   -193.679 -265.538 0.657334
21 34   103.258 -154.889 0.372304
22 34   95.8586 -99.1537 0.275828
23 34   190.324 -163.147 0.501358
24 34   -320.706 500.795 1.18937
25 34   -1175.17 123.248 2.36323
26 34   -1817.24 708.158 3.90068
27 34   -325.124 304.916 0.891469
28 34   -93.2557 -66.4238 0.228987
29 34   1045.9 7.12496 2.09184
30 34   -285.825 -332.035 0.876225
31 34   97.4896 150.975 0.359431
32 34   188.373 98.0649 0.42474
33 34   -672.748 480.725 1.65371
34 34   -72.0159 10.1397 0.145452
35 34   -239.632 -187.406 0.608422
36 34   45.7699 410.426 0.825941
37 34   138.184 68.0114 0.308028
38 34   -77.9154 36.2891 0.171904
39 34   -572.861 -128.407 1.17415
40 34   -123.292 70.46 0.28401
41 34   -14.3462 -439.904 0.880275
42 34   506.479 778.664 1.85778
43 34   -290.647 300.625 0.836303
44 34   140.821 75.8036 0.319855
45 34   19.4909 1188.98 2.37828
46 34   -201.523 -283.009 0.694854
47 34   201.868 -21.6381 0.406049
48 34   227.403 173.746 0.572362
49 34   -33.0548 47.7233 0.116106
50 34   78.8067 -152.007 0.342442
1 35   162.389 -235.721 0.572484
2 35   -55.3054 -88.6369 0.208952
3 35   -61.9916 -307.727 0.627817
4 35   340.061 -226.797 0.817505
5 35   -119.009 18.8866 0.240996
6 35   507.634 499.861 1.42486
7 35   737.995 9.95962 1.47612
8 35   -63.0893 49.6025 0.160508
9 35   -94.0326 -32.6703 0.199093
10 35   58.8412 46.35 0.149808
11 35   -108.192 128.732 0.336318
12 35   -140.932 -547.666 1.13102
13 35   -43.3999 177.687 0.36582
14 35   -65.1681 -431.28 0.872352
15 35   244.761 110.16 0.536817
16 35   144.766 36.6971 0.29869
17 35   -296.558 445.509 1.07037
18 35   338.931 157.58 0.747544
19 35   -397.511 -936.508 2.03476
20 35   -271.791 -92.6174 0.574277
21 35   76.5821 179.158 0.38968
22 35   -175.242 -42.6279 0.360703
23 35   714.459 -252.718 1.51568
24 35   -134.544 30.3673 0.275858
25 35   -375.974 -324.976 0.993912
26 35   247.854 -738.251 1.55749
27 35   178.238 -10.0325 0.35704
28 35   -21.8634 -104.664 0.213846
29 35   -131.124 -121.15 0.357049
30 35   117.713 31.9674 0.243953
31 35   14.9299 388.202 0.776978
32 35   -107.96 116.479 0.317634
33 35   531.207 539.263 1.51392
34 35   -1.22179 -65.3573 0.130737
35 35   192.887 222.958 0.589629
36 35   -141.467 152.881 0.416584
37 35   -467.656 -396.871 1.22672
38 35   -100.324 -65.7301 0.239879
39 35   -136.53 -95.4679 0.333193
40 35   -127.507 -203.235 0.479845
41 35   -27.503 62.5542 0.136667
42 35   302.518 95.8987 0.634709
43 35   126.723 -77.2055 0.296779
44 35   11.5027 7.42488 0.0273818
45 35   -419.295 -15.4921 0.839162
46 35   142.194 -657.76 1.34591
47 35   21.2766 -18.2425 0.0560529
48 35   42.6167 64.2375 0.154177
49 35   -69.0045 -150.356 0.330869
50 35   370.001 -104.323 0.768854
1 36   178.851 -50.062 0.371451
2 36   -979.973 473.11 2.1764
3 36   112.388 65.8673 0.260534
4 36   22.3665 -546.251 1.09342
5 36   280.97 165.142 0.651816
6 36   155.985 189.818 0.491375
7 36   79.921 23.5331 0.166627
8 36   496.985 -1971.38 4.06612
9 36   -29.6242 128.517 0.263775
10 36   134.947 -256.354 0.579406
11 36   353.814 -87.289 0.728845
12 36   271.754 -40.1464 0.549407
13 36   -11.2704 169.206 0.339162
14 36   -349.419 -78.928 0.716446
15 36   -227.823 110.763 0.506643
16 36   -141.082 120.704 0.371342
17 36   50.3366 35.0152 0.122635
18 36   45.3407 -206.331 0.422507
19 36   72.1253 261.897 0.543294
20 36   -97.6849 69.9899 0.240341
21 36   109.102 -14.9275 0.220237
22 36   673.99 238.524 1.4299
23 36   245.448 -864.574 1.79748
24 36   181.985 -91.8382 0.40769
25 36   -211.357 -19.5834 0.424524
26 36   139.241 -145.401 0.402638
27 36   25.5314 54.242 0.119901
28 36   370.207 -297.859 0.950312
29 36   -373.941 172.297 0.823451
30 36   -168.917 43.1199 0.348668
31 36   178.518 53.8289 0.372914
32 36   401.712 -80.039 0.819216
33 36   417.929 -201.465 0.927906
34 36   -153.36 -85.6837 0.351346
35 36   118.927 102.214 0.313632
36 36   45.8829 112.63 0.243235
37 36   122.657 -312.386 0.671208
38 36   23.2652 -1738.79 3.47788
39 36   79.1171 172.407 0.379387
40 36   33.8531 99.5888 0.210371
41 36   23.4287 -204.549 0.411774
42 36   -152.732 168.784 0.455259
43 36   -1.28935 104.321 0.208657
44 36   -46.0679 95.4723 0.212011
45 36   -874.224 41.0717 1.75038
46 36   -10.9908 -109.846 0.22079
47 36   480.581 -1734.13 3.59899
48 36   360.217 222.203 0.846476
49 36   208.162 -788.053 1.63016
50 36   -648.576 204.278 1.35997
1 37   -89.4917 28.1609 0.187636
2 37   -375.563 -534.784 1.30697
3 37   -97.317 -2.12023 0.19468
4 37   -91.0586 -211.36 0.460281
5 37   -209.738 60.9 0.436801
6 37   -362.96 125.862 0.768327
7 37   -530.921 306.964 1.22655
8 37   -374.95 -124.197 0.789968
9 37   -17.7634 245.398 0.492081
10 37   -148.637 -55.0219 0.316988
11 37   15.0163 -138.854 0.279326
12 37   985.442 -547.675 2.25481
13 37   170.194 -183.741 0.500906
14 37   142.626 -37.9816 0.295194
15 37   -64.7747 -301.536 0.616829
16 37   388.775 -2.96315 0.777573
17 37   4415.71 1122.99 9.11253
18 37   19.4142 -485.961 0.972697
19 37   84.7947 -81.3621 0.235031
20 37   -256.309 -677.534 1.44879
21 37   -171.875 54.4524 0.360589
22 37   -173.281 -18.5764 0.348548
23 37   -18.7624 -31.1446 0.0727191
24 37   41.0162 808.113 1.61831
25 37   -319.791 -120.081 0.683186
26 37   79.8911 52.8882 0.191622
27 37   134.808 -11.2836 0.270558
28 37   66.4114 -136.739 0.304027
29 37   82.0627 -108.229 0.271646
30 37   -551.758 688.95 1.76532
31 37   165.074 -99.1955 0.385171
32 37   65.4306 -20.5266 0.13715
33 37   -114.545 -82.082 0.281836
34 37   -645.033 -725.283 1.94124
35 37   620.699 -489.76 1.58131
36 37   106.587 133.058 0.340971
37 37   87.6862 -52.3196 0.204218
38 37   -64.0628 165.77 0.355436
39 37   635.155 -315.415 1.41832
40 37   -84.203 -118.933 0.291446
41 37   158.912 -218.687 0.540655
42 37   76.1614 73.0364 0.211044
43 37   234.046 -69.553 0.488325
44 37   -41.1712 94.5742 0.206294
45 37   983.861 701.857 2.41709
46 37   -189.763 -82.3738 0.413741
47 37   42.9497 -88.8791 0.197425
48 37   -199.749 -160.711 0.512747
49 37   121.812 -118.819 0.34033
50 37   -147.738 152.496 0.424648
1 38   -125.918 -158.506 0.404868
2 38   -57.1234 -96.1162 0.223619
3 38   103.452 -80.9529 0.262722
4 38   65.7735 297.405 0.609183
5 38   149.173 -7.11789 0.298686
6 38   254.18 -154.395 0.594794
7 38   118.694 257.965 0.567924
8 38   86.1625 -4.50182 0.17256
9 38   191.231 445.459 0.969541
10 38   -84.6454 -141.623 0.329981
11 38   -149.11 -156.67 0.432571
12 38   -131.731 -430.125 0.89969
13 38   213.428 53.5907 0.440106
14 38   -80.0785 -272.291 0.567643
15 38   -369.154 -227.204 0.866939
16 38   123.999 -8.92978 0.248639
17 38   -92.7626 191.964 0.426403
18 38   -75.3205 -14.0017 0.153222
19 38   -154.448 22.4775 0.31215
20 38   25.8097 179.109 0.361918
21 38   216.275 70.821 0.455151
22 38   -36.3383 255.717 0.516571
23 38   -200.832 188.96 0.551505
24 38   -132.728 -12.0381 0.266545
25 38   535.427 -379.327 1.31236
26 38   -471.571 467.046 1.32742
27 38   -172.734 251.396 0.610039
28 38   86.4589 139.074 0.327516
29 38   141.345 1.78799 0.282713
30 38   -196.862 157.626 0.504383
31 38   379.917 336.474 1.01499
32 38   89.6973 212.939 0.462119
33 38   123.261 -520.577 1.06994
34 38   -70.2146 -20.106 0.146073
35 38   155.858 -168.015 0.458347
36 38   70.3794 19.3953 0.146006
37 38   59.6676 -611.193 1.2282
38 38   -26.7945 32.0501 0.0835501
39 38   144.145 158.761 0.428873
40 38   361.544 -111.624 0.756768
41 38   64.4776 10.7414 0.130732
42 38   -80.1403 371.182 0.759469
43 38   226.852 54.0915 0.466424
44 38   70.3659 556.883 1.12262
45 38   30.3628 36.4953 0.0949486
46 38   -188.112 555.739 1.17343
47 38   -245.281 -184.007 0.613258
48 38   106.436 2.18079 0.212917
49 38   258.645 -953.293 1.97551
50 38   42.3017 192.9 0.394968
1 39   15.1558 -13.1049 0.0400717
2 39   71.8958 -108.98 0.261119
3 39   41.1393 548.203 1.09949
4 39   -81.1674 -144.675 0.331777
5 39   -89.246 -50.0304 0.204625
6 39   -212.795 302.952 0.740437
7 39   821.05 -766.017 2.2458
8 39   471.072 -185.203 1.01234
9 39   0.939607 -207.319 0.414643
10 39   169.223 -207.818 0.536002
11 39   9.49197 33.3079 0.0692679
12 39   90.9823 -20.8103 0.186664
13 39   -339.401 59.0685 0.689005
14 39   220.412 172.048 0.55922
15 39   -33.2177 -52.8474 0.12484
16 39   -135.03 68.4781 0.302802
17 39   14.5947 168.095 0.337455
18 39   254.016 187.943 0.631971
19 39   67.6099 149.406 0.327983
20 39   192.797 -149.307 0.487702
21 39   6.25521 -41.1154 0.083177
22 39   -1711.19 639.188 3.65334
23 39   367.985 -50.0081 0.742735
24 39   117.416 180.273 0.430279
25 39   -88.5115 -48.9274 0.202269
26 39   102.988 159.131 0.379099
27 39   -24.4846 10.7886 0.0535122
28 39   -113.991 -72.1962 0.269861
29 39   -74.4309 -38.945 0.168008
30 39   -175.52 -7.61877 0.351371
31 39   -364.564 -57.4361 0.738121
32 39   642.816 -777.298 2.01733
33 39   203.602 -165.613 0.524905
34 39   -227.606 -44.6192 0.463877
35 39   160.23 151.354 0.440825
36 39   227.457 -19.949 0.45666
37 39   -103.934 -1346.42 2.70084
38 39   191.196 138.691 0.472404
39 39   -270.875 -130.42 0.601275
40 39   -64.6324 57.1543 0.172557
41 39   -1326.81 1266.24 3.66814
42 39   165.342 -60.6809 0.352251
43 39   -66.0965 -47.3133 0.16257
44 39   -45.3971 -47.9894 0.132119
45 39   -192.47 138.798 0.474593
46 39   -211.247 36.1784 0.428646
47 39   -14.0198 -57.1299 0.11765
48 39   -17.8144 -192.861 0.387364
49 39   -294.216 120.469 0.635848
50 39   -146.136 292.047 0.653138
1 40   -51.9015 19.2378 0.110704
2 40   1548.64 -1136.93 3.84234
3 40   9.08929 -3525.3 7.05063
4 40   125.613 55.9746 0.275041
5 40   -974.003 1097.73 2.93509
6 40   -95.0185 120.931 0.30759
7 40   -322.098 264.614 0.833708
8 40   43.2435 208.957 0.426769
9 40   -225.627 -177.146 0.573719
10 40   -79.1717 61.086 0.199997
11 40   -214.677 -83.2781 0.460528
12 40   106.356 155.928 0.377493
13 40   27.005 -92.3093 0.192357
14 40   -59.6929 361.767 0.733318
15 40   -3.1529 -103.887 0.207869
16 40   -52.9273 163.573 0.343845
17 40   -27.7588 215.315 0.434195
18 40   25.9504 -54.3761 0.120502
19 40   -112.394 46.6581 0.243388
20 40   187.177 -190.864 0.534656
21 40   172.47 -395.387 0.862732
22 40   -90.3148 -29.7899 0.190202
23 40   -343.888 -595.966 1.37613
24 40   405.247 -161.304 0.87234
25 40   -132.47 -15.0629 0.266648
26 40   -1098.87 -2210.07 4.93636
27 40   12.6197 85.6388 0.173127
28 40   125.855 -352.148 0.747924
29 40   270.807 394.168 0.956462
30 40   -100.369 -51.893 0.22598
31 40   -271.039 248.259 0.735104
32 40   -5618.22 38024.9 76.8755
33 40   -10.0906 102.608 0.206206
34 40   -228.847 289.74 0.738431
35 40   -117.07 -104.99 0.314504
36 40   293.332 172.405 0.680492
37 40   -335.144 -274.767 0.86676
38 40   -36.0565 -57.9388 0.136484
39 40   44.9416 -77.7645 0.179634
40 40   -2.99757 25.9729 0.0522907
41 40   283.592 -50.8581 0.576232
42 40   383.45 222.699 0.886857
43 40   202.53 -478.229 1.03869
44 40   -44.531 190.34 0.390959
45 40   -94.6221 -145.022 0.346321
46 40   302.938 214.287 0.742133
47 40   -7.05519 100.374 0.201244
48 40   -75.3908 -140.278 0.318507
49 40   -118.81 -191.123 0.450084
50 40   112.884 234.048 0.519696
1 41   428.162 3676.98 7.40365
2 41   101.885 10.3447 0.204818
3 41   32.4646 -70.2852 0.154841
4 41   111.161 254.661 0.55573
5 41   526.652 -587.037 1.57731
6 41   176.284 219.343 0.562804
7 41   -368.138 774.201 1.71454
8 41   -129.112 -68.1921 0.292028
9 41   89.1403 15.8572 0.181079
10 41   -47.4995 -176.844 0.366225
11 41   -279.898 -152.658 0.637644
12 41   -7.44785 -50.7125 0.102513
13 41   419.912 186.047 0.918563
14 41   77.4467 -400.962 0.816746
15 41   -342.124 -296.429 0.90536
16 41   -282.693 -728.973 1.56373
17 41   105.488 66.9998 0.249934
18 41   -39.1704 31.8176 0.100929
19 41   93.726 126.77 0.31531
20 41   50.6977 121.222 0.262793
21 41   -363.868 -179.553 0.811515
22 41   135.208 -69.9694 0.304479
23 41   -230.484 -186.758 0.593301
24 41   158.648 -243.934 0.581972
25 41   -0.965875 -164.59 0.329186
26 41   279.241 -56.4156 0.569766
27 41   29.1005 -449.211 0.900305
28 41   -241.249 62.5935 0.498473
29 41   -2405.65 -2764.67 7.32954
30 41   -60.4829 -27.869 0.133189
31 41   144.467 44.9461 0.302594
32 41   130.434 79.6273 0.305638
33 41   -141.171 51.7253 0.300698
34 41   427.293 169.626 0.919462
35 41   1579.31 -1434.57 4.26718
36 41   -83.1611 5.82656 0.16673
37 41   180.541 -678.693 1.40459
38 41   30.8147 -146.64 0.299685
39 41   -35.646 -41.2229 0.108995
40 41   19.2602 -1.90094 0.0387075
41 41   176.905 89.8083 0.396792
42 41   -46.8036 574.223 1.15225
43 41   -352.028 -148.789 0.764361
44 41   324.932 44.0543 0.65581
45 41   124.031 247.878 0.554355
46 41   43.0952 -218.35 0.445125
47 41   99.5366 91.5059 0.270414
48 41   104.478 -96.0156 0.283793
49 41   -4842.72 1973.96 10.4591
50 41   -80.2201 214.572 0.458155
1 42   -5.47572 94.9748 0.190265
2 42   179.563 -82.898 0.39555
3 42   -121.759 -193.076 0.456524
4 42   61.9825 4.67824 0.124318
5 42   -109.541 130.211 0.340319
6 42   405.262 -257.137 0.959909
7 42   371.929 82.3737 0.761884
8 42   -147.704 -11.9994 0.296381
9 42   42.0214 5.62576 0.0847926
10 42   142.627 186.775 0.470009
11 42   -192.513 -22.8065 0.387719
12 42   53.883 -33.6622 0.127067
13 42   -104.451 296.296 0.628335
14 42   292.593 163.179 0.670038
15 42   -130.233 -29.3151 0.266982
16 42   261.48 -125.246 0.579857
17 42   156.133 -83.4153 0.354038
18 42   -63.766 -34.9265 0.145409
19 42   66.0755 262.734 0.54183
20 42   -460.685 21.0025 0.922326
21 42   19.2248 -66.7537 0.138934
22 42   1.89094 -105.701 0.211436
23 42   3.17539 -174.683 0.349424
24 42   126.099 -1.4467 0.252215
25 42   476.586 -373.846 1.21144
26 42   -10.7041 -17.7585 0.0414702
27 42   -5.59628 147.039 0.294291
28 42   -2.483 353.703 0.707423
29 42   -506.73 433.837 1.33415
30 42   22.4605 -55.8003 0.120302
31 42   176.133 22.5454 0.355139
32 42   2835.83 -211.742 5.68746
33 42   -336.846 -119.155 0.714599
34 42   255.651 69.1196 0.529661
35 42   -40.6189 50.5474 0.129691
36 42   -250.622 130.317 0.564957
37 42   -946.068 243.771 1.95394
38 42   920.595 1490.22 3.50328
39 42   -59.4426 250.432 0.514779
40 42   -17.7893 78.6096 0.161195
41 42   15.7171 -112.803 0.227785
42 42   -31.0353 21.8193 0.0758754
43 42   -288.665 45.72 0.584527
44 42   -252.61 -589.975 1.28356
45 42   -129.082 106.958 0.335273
46 42   -1.18248 6.01447 0.0122592
47 42   136.496 148.129 0.402857
48 42   783.679 3079.37 6.35504
49 42   -165.532 136.456 0.42905
50 42   101.619 8.60908 0.203967
1 43   -417.986 9.36489 0.836183
2 43   460.214 86.4552 0.936528
3 43   -118.504 168.523 0.412035
4 43   -27.9256 68.1737 0.147343
5 43   251.479 12.7967 0.503609
6 43   -119.02 243.739 0.542491
7 43   -32.9036 -79.5017 0.172083
8 43   -465.809 842.735 1.9258
9 43   -178.644 -253.372 0.620036
10 43   -38.7928 85.1972 0.187226
11 43   515.248 -192.859 1.10032
12 43   986.638 1705.33 3.94036
13 43   438.459 1613.02 3.3431
14 43   112.023 -122.164 0.3315
15 43   -9.88875 117.102 0.235038
16 43   176.566 102.096 0.407917
17 43   -161.382 157.693 0.451269
18 43   50.5606 610.558 1.2253
19 43   -40.0969 -111.627 0.237221
20 43   -17.3882 78.5249 0.160854
21 43   -98.701 -13.8851 0.199346
22 43   -68.0587 13.7936 0.138885
23 43   -536.565 -992.418 2.25636
24 43   -173.024 -6.67155 0.346306
25 43   496.818 577.972 1.52431
26 43   57.9706 23.0343 0.124758
27 43   176.132 -90.2315 0.395798
28 43   -4.78452 -253.145 0.506381
29 43   -203.573 235.842 0.6231
30 43   -48.6204 -252.916 0.515095
31 43   51.1547 42.7479 0.13333
32 43   -91.7542 420.85 0.861473
33 43   137.311 7.23387 0.275003
34 43   2.14408 -895.309 1.79062
35 43   -123.638 -106.213 0.325991
36 43   -149.418 -1.49917 0.298852
37 43   1357.5 280.84 2.77249
38 43   306.945 239.387 0.778515
39 43   287.263 -110.556 0.615606
40 43   33.3871 -282.838 0.569604
41 43   5048.87 1945.5 10.8215
42 43   121.186 -130.949 0.35684
43 43   4.39575 -95.4465 0.191095
44 43   577.352 994.925 2.30062
45 43   -178.704 208.033 0.548499
46 43   -6.7462 -388.742 0.777601
47 43   -439.547 -181.525 0.951111
48 43   -44.3696 59.5506 0.148525
49 43   112.119 -0.137804 0.224238
50 43   113.446 40.8713 0.241167
1 44   -5.87756 195.868 0.391912
2 44   -175.07 -98.6578 0.401911
3 44   -807.344 974.434 2.53087
4 44   994.482 -654.415 2.38097
5 44   45.8968 55.1356 0.143478
6 44   101.669 -136.197 0.339919
7 44   25.6725 -161.439 0.326935
8 44   311.141 -320.185 0.89292
9 44   214.02 -335.586 0.796047
10 44   186.234 383.701 0.853017
11 44   34.5958 -236.882 0.47879
12 44   28.2217 94.7505 0.197728
13 44   98.1592 -100.174 0.2805
14 44   -335.624 -10.9923 0.671609
15 44   -44.2721 115.343 0.247096
16 44   21.7938 -166.584 0.336006
17 44   378.338 323.656 0.995777
18 44   -75.5347 97.3824 0.246486
19 44   -876.371 695.042 2.23706
20 44   -262.814 -1419.96 2.88815
21 44   -190.749 -261.747 0.647755
22 44   -205.899 269.539 0.678368
23 44   73.7766 88.6406 0.230652
24 44   -336.356 408.382 1.05813
25 44   85.2065 -141.459 0.330278
26 44   69.4338 -114.637 0.26805
27 44   39.4846 250.431 0.507049
28 44   72.9037 46.1974 0.172617
29 44   -46.8897 225.111 0.459886
30 44   -124.494 -82.796 0.299024
31 44   -171.781 172.287 0.486586
32 44   166.767 -72.1389 0.363402
33 44   -2425.19 -2914.34 7.58285
34 44   -1322 2204.34 5.14073
35 44   181.706 -11.6259 0.364154
36 44   -41.9522 -66.7655 0.157704
37 44   -1.08389 71.1883 0.142393
38 44   -134.745 -75.0291 0.308452
39 44   172.888 -126.463 0.428408
40 44   -249.942 -73.857 0.521251
41 44   -301.594 257.204 0.79275
42 44   103.912 -8.83662 0.208573
43 44   137.766 33.2741 0.283454
44 44   -232.85 41.5675 0.473062
45 44   189.829 -29.2934 0.384151
46 44   269.915 -529.084 1.18791
47 44   6.0831 -19.2033 0.0402876
48 44   -98.9293 57.6455 0.228998
49 44   9296.66 2605.89 19.31
50 44   -189.432 156.476 0.491403
1 45   58.3863 -146.9 0.316155
2 45   -97.8303 119.616 0.309055
3 45   82.1532 49.7615 0.192097
4 45   120.878 240.411 0.538177
5 45   -519.787 -125.067 1.06924
6 45   60.7179 -68.9802 0.183793
7 45   1191.43 -1319 3.55487
8 45   -25.8993 118.664 0.242915
9 45   -14.9712 -17.0863 0.0454347
10 45   18.7746 -201.117 0.403983
11 45   -275.207 -2.54467 0.550438
12 45   153.5 -454.346 0.959151
13 45   186.997 -21.6787 0.376499
14 45   27.0316 -65.1495 0.14107
15 45   211.718 -45.7176 0.433195
16 45   -198.586 199.037 0.562323
17 45   -20.8004 -140.219 0.283506
18 45   301.154 266.743 0.804601
19 45   370.596 -38.0199 0.745083
20 45   4.91997 81.8611 0.164018
21 45   -288.6 271.731 0.792787
22 45   -165.959 -105.971 0.393813
23 45   -198.614 568.775 1.20491
24 45   -8.79496 -102.273 0.2053
25 45   578.624 1248.68 2.75245
26 45   -48.7844 309.935 0.627503
27 45   -28.1607 -131.252 0.268478
28 45   -218.268 159.045 0.540134
29 45   -128.653 390.332 0.821975
30 45   3967.54 -1592.38 8.55033
31 45   -21.2439 -63.327 0.133591
32 45   336.379 181.956 0.764877
33 45   -125.335 -150.263 0.391346
34 45   253.597 219.172 0.670366
35 45   565.491 -119.805 1.15609
36 45   235.465 95.5361 0.508217
37 45   266.268 366.555 0.906115
38 45   -23.7311 -295.309 0.592523
39 45   -9.90085 -216.669 0.43379
40 45   -149.823 321.06 0.708594
41 45   -56.7114 -179.006 0.375549
42 45   165.435 -265.14 0.625038
43 45   -131.829 -144.858 0.391727
44 45   196.473 -7.74927 0.393251
45 45   179.955 -87.2032 0.399942
46 45   1.88824 165.13 0.330282
47 45   -134.614 99.0035 0.334201
48 45   -197.685 151.19 0.497746
49 45   -5632.69 26987.8 55.1386
50 45   63.102 -182.769 0.386711
1 46   -280.274 110.134 0.602272
2 46   -28.8648 -77.2246 0.164886
3 46   -28.6045 -152.913 0.311132
4 46   -48.4489 106.923 0.234776
5 46   -383.114 162.103 0.831994
6 46   -59.1996 107.135 0.244805
7 46   127.106 -97.5962 0.320506
8 46   164.034 110.415 0.395467
9 46   -284.143 -164.11 0.656261
10 46   -467.912 104.207 0.95875
11 46   -190.698 173.884 0.516145
12 46   136.533 57.3602 0.296185
13 46   173.746 -60.5548 0.367992
14 46   -237.185 -78.214 0.499496
15 46   221.792 876.205 1.80768
16 46   368.14 -30.5964 0.738818
17 46   -513.342 -190.484 1.09509
18 46   116.962 -108.007 0.318407
19 46   -408.298 166.864 0.882159
20 46   86.6314 82.0726 0.238671
21 46   -750.384 -126.073 1.5218
22 46   3.77843 -34.9832 0.0703733
23 46   821.433 -484.014 1.90685
24 46   -257.747 63.6329 0.530971
25 46   -427.953 30.2294 0.858039
26 46   222.333 44.8225 0.453613
27 46   -143.092 -273.49 0.617324
28 46   -75.944 -50.6661 0.182588
29 46   -3.00581 264.67 0.529374
30 46   577.313 -470.563 1.48959
31 46   288.574 -61.5701 0.590137
32 46   -67.0265 -193.932 0.410376
33 46   220.657 -263.285 0.687048
34 46   -59.3359 -48.4777 0.153243
35 46   -85.9248 619.336 1.25054
36 46   -317.067 94.7079 0.661819
37 46   165.415 -53.9645 0.347991
38 46   47.9319 -12.1296 0.0988856
39 46   63.6143 -141.247 0.309822
40 46   56.0882 -131.64 0.286182
41 46   2954.14 3045.92 8.48635
42 46   -396.835 -147.371 0.846631
43 46   72.5891 -115.38 0.27263
44 46   20.0482 17.865 0.0537062
45 46   -1135.21 1665.71 4.03151
46 46   13.2863 94.0967 0.19006
47 46   125.544 -31.0195 0.25864
48 46   -44.8467 -87.0582 0.195861
49 46   175.249 -39.0905 0.359111
50 46   -224.016 -111.309 0.500292
1 47   57.9459 -136.401 0.296397
2 47   202.207 119.037 0.469287
3 47   -13.1004 119.514 0.240461
4 47   17.6492 63.6787 0.132159
5 47   -223.056 -118.132 0.504814
6 47   -132.222 -267.804 0.597333
7 47   110.561 -393.048 0.816604
8 47   -270.976 -88.5095 0.57013
9 47   738.876 502.744 1.78739
10 47   47.1384 -92.1877 0.207081
11 47   -323.604 -151.924 0.714984
12 47   214.663 342.859 0.809031
13 47   -156.466 -82.4466 0.353719
14 47   89.3941 -232.948 0.499023
15 47   -84.2346 -110.509 0.277904
16 47   -42.1681 144.013 0.300119
17 47   63.0297 -49.9662 0.160865
18 47   -179.122 119.373 0.430509
19 47   560.296 26.9212 1.12188
20 47   180.947 -483.876 1.0332
21 47   30.0539 -511.439 1.02464
22 47   -770.99 1443.4 3.27282
23 47   -4.04353 358.293 0.716632
24 47   -68.6504 67.3903 0.192399
25 47   123.165 -9.36238 0.247041
26 47   32.5216 -132.116 0.27212
27 47   62.3419 -223.446 0.46396
28 47   411.836 -191.386 0.908268
29 47   113.912 -58.2183 0.255853
30 47   -236.603 -83.7498 0.501976
31 47   -2037.45 -2681.13 6.73488
32 47   253.962 129.83 0.570448
33 47   -119.547 -255.95 0.564984
34 47   202.945 -374.168 0.851324
35 47   -90.6013 -137.653 0.329587
36 47   -147.199 81.9005 0.336899
37 47   -441.915 20.1657 0.88475
38 47   -146.997 722.905 1.4754
39 47   -240.475 -333.167 0.821775
40 47   -226.19 459.918 1.02506
41 47   -151.333 176.426 0.464879
42 47   -133.382 -255.042 0.575629
43 47   -120.067 293.982 0.63511
44 47   -39.5869 199.024 0.405845
45 47   202.388 -172.329 0.531632
46 47   149.365 -194.884 0.49108
47 47   -31.2894 106.563 0.222124
48 47   224.763 -75.2182 0.474031
49 47   -91.7699 188.207 0.418777
50 47   71.3984 -173.814 0.375814
1 48   -194.494 271.257 0.667558
2 48   -141.184 -18.072 0.284673
3 48   217.181 319.979 0.773444
4 48   90.0968 195.924 0.431295
5 48   391.264 -321.577 1.01291
6 48   -200.822 274.483 0.680208
7 48   -79.8928 -52.003 0.190653
8 48   -83.6362 -41.9784 0.18716
9 48   141.964 -51.8668 0.302285
10 48   -114.185 -70.0561 0.267925
11 48   -82.0329 -189.997 0.4139
12 48   -287.786 51.3669 0.584669
13 48   19.7837 80.1631 0.165136
14 48   19.7155 70.1762 0.145786
15 48   346.102 245.581 0.848756
16 48   393.597 423.91 1.15692
17 48   305.443 -94.8445 0.63966
18 48   1073.86 1558.17 3.78473
19 48   42.3341 36.091 0.111261
20 48   -500.083 254.788 1.1225
21 48   -616.858 112.223 1.25397
22 48   -95.7358 99.6314 0.276346
23 48   161.093 122.129 0.404309
24 48   63.7568 -317.868 0.648397
25 48   -32.0817 -178.989 0.363684
26 48   -294.198 862.865 1.82328
27 48   -37.0176 -225.442 0.456922
28 48   -267.329 256.586 0.741084
29 48   293.567 238.102 0.755974
30 48   -104.068 -177.365 0.411284
31 48   -357.811 -28.3965 0.717872
32 48   1276.48 -2740.22 6.04589
33 48   259.794 -20.8721 0.521262
34 48   -209.076 -743.339 1.54437
35 48   63.123 44.4295 0.154383
36 48   -22.8901 31.144 0.0773022
37 48   -6095.44 2456.51 13.1436
38 48   -543.428 697.999 1.7692
39 48   272.229 97.2309 0.578144
40 48   106.531 104.999 0.299157
41 48   235.254 53.173 0.482377
42 48   -515.451 953.984 2.16866
43 48   108.54 23.5754 0.222142
44 48   -36.7353 91.099 0.196454
45 48   208.226 -59.9645 0.433377
46 48   257.622 34.9888 0.519975
47 48   -342.688 139.815 0.740225
48 48   15.9981 726.552 1.45346
49 48   -651.218 -988.96 2.36823
50 48   204.305 109.188 0.463303
1 49   14.7994 46.4716 0.0975424
2 49   -117.872 110.324 0.322894
3 49   -91.6034 184.853 0.412611
4 49   119.499 -146.885 0.378709
5 49   158.043 -204.36 0.516685
6 49   50.1614 -113.73 0.248602
7 49   -6.6744 710.967 1.422
8 49   -354.522 -233.629 0.84916
9 49   -127.652 -105.411 0.331098
10 49   88.6234 -109.86 0.282301
11 49   -168.855 79.6826 0.373424
12 49   551.404 -414.813 1.38002
13 49   -133.323 40.8458 0.27888
14 49   -45.9281 -59.6721 0.150601
15 49   17.79 79.8242 0.163565
16 49   -275.398 253.197 0.748206
17 49   -272.066 -22.2114 0.545943
18 49   -25.3599 -203.554 0.410255
19 49   62616.7 45272.3 154.537
20 49   -32.7683 -50.8623 0.121008
21 49   -225.654 -81.6165 0.479922
22 49   11.6165 196.417 0.39352
23 49   211.661 152.942 0.52227
24 49   17.8493 96.4484 0.196172
25 49   -31.0072 -75.3442 0.16295
26 49   31.4549 198.624 0.402198
27 49   -93.6093 109.564 0.288215
28 49   178.386 45.9688 0.368428
29 49   -576.271 1211.53 2.6832
30 49   -47.2688 144.26 0.303613
31 49   92.5229 119.02 0.301505
32 49   -31.9961 280.826 0.565286
33 49   332.753 298.903 0.894579
34 49   144.047 189.312 0.475767
35 49   -86.3162 164.882 0.372218
36 49   63.1697 83.5673 0.209513
37 49   -256.361 -245.171 0.709449
38 49   287.727 232.68 0.740072
39 49   126.481 -124.557 0.355031
40 49   -74.2228 -130.308 0.299928
41 49   -225.131 10.3666 0.450739
42 49   -18.5199 -229.819 0.461129
43 49   -147.093 -404.733 0.861266
44 49   0.0538486 213.544 0.427088
45 49   -723.211 3436.26 7.02307
46 49   -873.945 248.684 1.81728
47 49   -1235.04 1269.81 3.54274
48 49   -176.268 309.905 0.713054
49 49   1563.01 566.557 3.32505
50 49   5.2688 -97.1911 0.194668
1 50   -91.9448 324.768 0.675065
2 50   -210.604 235.159 0.63136
3 50   206.867 19.0786 0.41549
4 50   135.516 -26.7591 0.276266
5 50   41.5149 154.694 0.320336
6 50   40.1605 2.49555 0.080476
7 50   -200.942 -307.704 0.735007
8 50   62.4988 87.6805 0.215351
9 50   -54.8009 56.0801 0.15682
10 50   48.0533 187.709 0.387524
11 50   118.076 95.9918 0.304344
12 50   40.354 -1004.4 2.01042
13 50   204.668 300.994 0.727974
14 50   269.669 273.275 0.767856
15 50   -109.697 -432.461 0.892313
16 50   -141.394 234.062 0.546908
17 50   -387.202 -408.897 1.12627
18 50   -69.0763 103.135 0.24826
19 50   -5638.8 5425.03 15.6495
20 50   1507.69 -349.995 3.09556
21 50   15.1239 478.598 0.957673
22 50   -108.659 558.113 1.13718
23 50   -246.205 150.409 0.577026
24 50   148.254 251.325 0.583587
25 50   -49.3599 -14.1426 0.102692
26 50   -1149.19 3365.83 7.11322
27 50   84.6191 60.1792 0.207672
28 50   768.591 150.436 1.56635
29 50   -120.489 111.77 0.328696
30 50   -94.1581 58.5804 0.221787
31 50   44.7263 -55.0785 0.141903
32 50   231.858 346.328 0.83355
33 50   -108.286 531.81 1.08545
34 50   -306.37 -70.589 0.628793
35 50   489.204 -216.386 1.06985
36 50   753.093 -413.337 1.71813
37 50   191.292 486.82 1.04611
38 50   65.4403 39.6634 0.153044
39 50   -42.988 4.29341 0.0864037
40 50   88.5347 -26.6332 0.184908
41 50   -193.73 -47.7234 0.399043
42 50   190.879 3.44485 0.381819
43 50   193.179 -382.499 0.857027
44 50   617.238 460.361 1.54002
45 50   45.3384 170.917 0.353657
46 50   -121.946 -19.254 0.246912
47 50   89.1768 53.7922 0.208289
48 50   -309.302 174.171 0.70994
49 50   587.204 -1691.58 3.5812
50 50   128.309 340.877 0.728452
